75534372165572074749341515740843700495352
239373005201440033408529432408086001644320136667934737688255974357334801280387597185384669
23750691931621305911439135206215932
520166103070277941681462740517117069560308529124769421764683819850685141382291
61337372258926404722158973764976450530145939618326736975399584115207003016737682072168
33345717
582133323083590552262
902581968060920507797511
910437962846737581352845945032659062503085283835788988156299326963052736688398731015176656198227622
106226631938949574740113080404318530696037083649912786315359792793106
746881465530664671838492380455581789184162790401543185139999838075790244
930712635
855171734617166
396525577473457502402945352831299532029824953443664307066357110975
309780409474642868030603752950495330836418
10705111726527134842041481209643225116175419018722848716767231344803784595946931186189107
76663408711251861
58690122157850932597639519704524738734344824368811345578062
31196
121319634440396152194558810347315423041119391
370933180612880903751436
275171799562806166696
17187518
7842189040030342595841304696249683934225488085554960864201344694921
85131723561147417853966166
76845605329825854258827845098705
764310477468091189524362333471076549566678318900408992599813563468944112308575011201534969460427692
77623567030536978709019398176335344114736323278975160188978455069251
0
756
2385903865406144681087883344328057918530220422790068735140652075618319481570
1089235349106290537753080925072753474735881259360740102262834517144544324
940176624203198724258
8995849125433077529209690379505815469480079015861202227401608324611824695199586585420447892003041005
322926732117881341006112391948008974312158701376571894565610
378658808354143783618488422771254963154773384283908455436646984
5667684170914603251352246468385496107614371399172040643865851895
76607435771886177365195124098896559617246781668827997844523664815063371
7207806964799250537701304943532986528256447817954081043316496214421266991358676357
955375105783771379405907520261707357506324047091958850108489795507765214717165925381116951433716157
472
54823889050400545579557867634167
52488029584232865042713266791048455176943616752870899748156504881334154060666510
987750416070619617597244671522417520338297711
772996706110488305423765795449897109897093407684870519693764528273954962345499951208577893518
801616783964232919710918867280825457172822401098193132499575230275535781010850290187722388008831
495262190133012599500019148709492
182908541159700062878907463189079738692850616579375405550270293899910
29937581245567815990642949121430317095193609200940260457134247669249278534746361
57420311078853747972557330552735869313309109616964
908097997594170974657142743107327701063944257015362655473435778144544252400499334975863209
641292526060022158723616861868141543468066756385586229922834654741017581730165160
791125267145335476139696734362649814198582921271230465758249213332691387
82126095960988322896830150552610109294565672
305747485033914697109508614469770865161866980130628017182366763744557
9876983559058900622649310796066949108
761657883105535
28240828877926144946938452133399296254791563911416961751292015169526095069715548863715656244026
331488
5029197604
92129146264467533993276454757598760929994984610598887182347005492613359197880627776
93165924483713512896446474463712845762835988438830347838389788197772193232249457846608
104
73249326962939175
3407191783991880963135596102
59676443244289954593619177372545757705310997
190913030252981989194902636316184060801962
9012269
13851498144638761774147892669581109502935201439250445651266602
2045776832897088708961687931670088982068398156164392385441381761819086
4335947818085907249299110954551192922242804173348990384268743569951452452665877
53319649157996
6838707677603742137858096945826368692436679404833745118833601056026921108791728829674
287722748813328
5963905751369601345405907047213045597702782441353311865032550660381156360540875679462088224328176514
84850898
31791700580464894893592771514129
2002501364927290978252089409254680818523386748912003256237654618003659401011063586815618068133624
4964569430559253566944256387495684368598326750748398372138701759013414747
84
2035761179609253412803920961849110063992898690860565436920249313068379601645268
64234030387303222
746
27978320327318804211149815469751318
188991039440357302650840535335239737879364016802554057694925210973785284
4692938513404363552975612512621290846116662057227350797761452393559780173736892
330825760384433
7
4726
25225196103284057095453535250841213982483211679304499025809499328
6785181727713937041300264380460209487160474482335914396
93396185948785176305233450184537374931048907967108876370117169982574475402891834
66428694643267691751586892775397127
9728685
2383944753
3115549
38690314232293
11085464736556235032157371476613923663518459995987951984851223672514209826884
71900437540994096641565223169648752629275499593182631842088321268988719495450183024366499987
296013897346349359312317560656218827858832161160915121655968280767637304830827870356
