935868
988381672
1115600
60001
636958
7396
45761
341427477
422
465996476
73657157
28330
282124932
123957764
6508430
1568
272057852
0
63889865
0
3
437399407
4916520
572586496
0
8868
9057603
0
0
974
481300
454278
633
543474964
4
60634859
0
229
20
0
88816143
5
660094203
7527654
4307865
3626
297
9
75
96361
8735
884670
0
98476
56
68549
7
98
7
931048240
1
7544
70032
28203
13172852
491945658
4551009
4836919
3744
6
87717660
519866
0
89247962
4170
263
8
2
896
257815
1
713097
3069811
1109
3
985
641507458
539
210667490
3216052
7
884223590
1
5
1523853
34
0
36808820
518855
6424943
