6
781860284
63456
200140887
6
887
93316
0
83338238
1523
63
98457
351107030
43991072
860170263
4
52729874
844207092
4253
73
0
2000954
28275958
5509
7527
89139574
44532
4519
256207
23
7
6885
42955
6388
27759
63
27
660532598
280816
9062
50
5
5258437
3
415690
16
251986844
456403
659274
57
898788
7303
8436
3021
8
50705654
73
962
4465900
69969709
5018930
346081705
67021928
127358
261883164
0
58609416
5
56674717
7956
2
0
352111
12338418
2094
243517
0
752
0
8232674
19
209279
925685
26
9141366
71835
7545605
0
3260558
16657
22781
9828537
3213551
177
36037
99
9
16
82
9621828
