94540004694379633295491746315562306671313021686
207990630480357162172063526978674
4513
38337230862563080637326520745517592150834247539871696718744576472279080435735326025
895881472311827254912121164632
2174703226529848932576243269454026777295182270073109606947043423459
881843847745163343275727773887827881347973181
30019837281382554219
5424650989500942938280429007
77360043631605956404716643054281884306708035315343534120337933766214
82117396644013779844717045270322331152903055701549004083044324102301190512798401508224975632960
5911981171653782111554427579
8119273350332289746103032095577148051604476733478043505735588506416164798
5565978452484366029602601955685048
28992
1470655888352315171043674201887016854302026304866135226179314968291390
3152302077168430479727856139980744983135384829507835998311072518015
65374285846433115057494916
426025714342664708236019851636193357056774415046126097331592643709080
347643004657973986115979373023872
3340334373859956664975017737251395262034679237625680082728348834122498009340745569315326
469119421689888188910037659930901511927595112221924370009490460840558033715684990592866205500746
4233015585192941942518823301005139308006075794791888406214823028419711963165943114
99711572758317170966665130188079117063303771062701190239264486544480515919781073146883021421241383
209635451396836813735390558203452366
0
56745405213674353807814852560853
4
3264364
3167
619953546617957046638561554754118778590484
7140428191382009215184339470661808644105
620641608193052524860923060651447223871472535722826209305914136323760360006065198404987353
6249728957481759348302349612136774949837028
950358722060
418528757086992257193550135672066316918626556
621113327950145569812593669
321882797531140709359942153627196302046889107522410792154025020524035156
76546237800333721678569019658122100076976296283806478303383930601402701395
0
5903460605962931056458419094438752754205585321861664371998983483138492198791166383360870
3
2975745744226658253467794104763703872
9909645458276212
865997296360772501448046427771296381137276125917100459056007420598235187376
8032204748264797089387027650606967955923697494420326274060093741306735401928428676308338595
188130792620895265094926438628836363536936636176427694421058494966362034100261498890295015323
680912588637897695273818534
16721869475738141717039442231231545410731284481140
7255778402416140116933323039174462596445462411522
685038386295773033891648
1668666612143284702659065252220259069268381813200754200200875347664
51755969384703572540831478688768145793494407942258174691596830176879812865
23568136749544093763
15805143896614764898188011959426126756424826036028865906894512573701119839476125539
543553698778648052220916295568902030767
2466866545909440432576222065126900287431946553674316635374716
43328095600698495798656444563017465792165470138618939883201326488706286496936846509238
1073175070270579994028089431012333110627256896055310226080665809436496303592976513136
320995
4996990923076827970948294
17309045302338911432280109360519680866732301719619539219966032908788354
5873047895649284800138848781507303825951674633205312
46418664163855815866350073208491510
14367231224537911986142484757011823621946471342762990026504524756560727213839403360430
0
1403152674413117012073207005902166378559150544877489681085030614833
86815877591747001384190408377038899422427262056780603101769703595057919489
88404194341368419
3203666215901592599819515314321248008879263055158697532241354197248212108664833181
96203445070109780352141863343629721402421446056555458801398179831930428347630715923054
1773442530757398073821585933368922266494145164506103516040316481595470506331808
543957223967095465779454959985706376462173114231047858792392031892829309995354630
2599344246
34007716382004586641476411005376990859108043
1747528044494241325311430949610756488159407919137354
7026802134884875910440687
47492597410021457179338781009510245794336662454837957520398408012548423073824308760430
712306231237368583111361466771250118277078237535175181497333716544416116893277696173
26980210549483132198332850545691669201207173
86160904302283151491653517196554538211833854288250447117748865088443813662830786781592585251417239
487775127116155401002297351981853400535590767356320433918502131355
61210981185987534157438664273685694006631003544452436885536152521450745907384451727608392
1169910138346340593975462304512754420
47630973409131995079
76
88573962369972849128269274173125359165139835364921
2051768
6043907994665957424768437379525098646505946395914743422415385838809762257273188008419663356
39909855972435466270303278108320550045585900
10813
880805440309812068810811667461852904
1164433501353204890424248061723805048315251922593324214133
4711157993578669662405264082292668149806555
6
9984932786769734973221351082702518461193813682837194142365432
3789194943377880631461028563
4280257252011216766197367729419707
450342
72922938562935866815971100228730803146898129751850234448033267131779553831148004
