100
8694 9 [1, 1, 1, 1, 1, 1, 1, 1, 1, 1]
444857 478657572 [1, 1, 1, 1, 1, 1, 1, 1, 1, 1]
5660 103 [1, 1, 1, 1, 1, 1, 1, 1, 1, 1]
193036 319 [1, 1, 1, 1, 1, 1, 1, 1, 1, 1]
478852 1648 [1, 1, 1, 1, 1, 1, 1, 1, 1, 1]
5257620 0 [1, 1, 1, 1, 1, 1, 1, 1, 1, 1]
6854330 2132047 [1, 1, 1, 1, 1, 1, 1, 1, 1, 1]
51334816 689 [1, 1, 1, 1, 1, 1, 1, 1, 1, 1]
21 0 [1, 1, 1, 1, 1, 1, 1, 1, 1, 1]
146758430 0 [1, 1, 1, 1, 1, 1, 1, 1, 1, 1]
67585932 21494808 [1, 1, 1, 1, 1, 1, 1, 1, 1, 1]
150530 79507604 [1, 1, 1, 1, 1, 1, 1, 1, 1, 1]
9182 24 [1, 1, 1, 1, 1, 1, 1, 1, 1, 1]
932446756 75825 [1, 1, 1, 1, 1, 1, 1, 1, 1, 1]
0 395949 [1, 1, 1, 1, 1, 1, 1, 1, 1, 1]
885252805 275514 [1, 1, 1, 1, 1, 1, 1, 1, 1, 1]
1237 73225869 [1, 1, 1, 1, 1, 1, 1, 1, 1, 1]
8246826 846477181 [1, 1, 1, 1, 1, 1, 1, 1, 1, 1]
727977 6812 [1, 1, 1, 1, 1, 1, 1, 1, 1, 1]
3 0 [1, 1, 1, 1, 1, 1, 1, 1, 1, 1]
390134016 817162244 [1, 1, 1, 1, 1, 1, 1, 1, 1, 1]
389211 620371 [1, 1, 1, 1, 1, 1, 1, 1, 1, 1]
6683513 64415 [1, 1, 1, 1, 1, 1, 1, 1, 1, 1]
52156 26 [1, 1, 1, 1, 1, 1, 1, 1, 1, 1]
4775479 734369 [1, 1, 1, 1, 1, 1, 1, 1, 1, 1]
65 303614665 [1, 1, 1, 1, 1, 1, 1, 1, 1, 1]
50092616 8040520 [1, 1, 1, 1, 1, 1, 1, 1, 1, 1]
33549 836053 [1, 1, 1, 1, 1, 1, 1, 1, 1, 1]
5827941 394224241 [1, 1, 1, 1, 1, 1, 1, 1, 1, 1]
9 2594928 [1, 1, 1, 1, 1, 1, 1, 1, 1, 1]
8 2688547 [1, 1, 1, 1, 1, 1, 1, 1, 1, 1]
41091337 92 [1, 1, 1, 1, 1, 1, 1, 1, 1, 1]
1048599 606070762 [1, 1, 1, 1, 1, 1, 1, 1, 1, 1]
27 9309 [1, 1, 1, 1, 1, 1, 1, 1, 1, 1]
414 175 [1, 1, 1, 1, 1, 1, 1, 1, 1, 1]
86273 0 [1, 1, 1, 1, 1, 1, 1, 1, 1, 1]
80471962 612 [1, 1, 1, 1, 1, 1, 1, 1, 1, 1]
9 605 [1, 1, 1, 1, 1, 1, 1, 1, 1, 1]
31431562 3804436 [1, 1, 1, 1, 1, 1, 1, 1, 1, 1]
609 67961423 [1, 1, 1, 1, 1, 1, 1, 1, 1, 1]
931 676692864 [1, 1, 1, 1, 1, 1, 1, 1, 1, 1]
0 5618539 [1, 1, 1, 1, 1, 1, 1, 1, 1, 1]
365416187 44088 [1, 1, 1, 1, 1, 1, 1, 1, 1, 1]
83345728 25125 [1, 1, 1, 1, 1, 1, 1, 1, 1, 1]
592381793 64760 [1, 1, 1, 1, 1, 1, 1, 1, 1, 1]
17 0 [1, 1, 1, 1, 1, 1, 1, 1, 1, 1]
7408885 94255 [1, 1, 1, 1, 1, 1, 1, 1, 1, 1]
68375281 4922221 [1, 1, 1, 1, 1, 1, 1, 1, 1, 1]
60032 45 [1, 1, 1, 1, 1, 1, 1, 1, 1, 1]
33941282 18 [1, 1, 1, 1, 1, 1, 1, 1, 1, 1]
9838 3 [1, 1, 1, 1, 1, 1, 1, 1, 1, 1]
75511 0 [1, 1, 1, 1, 1, 1, 1, 1, 1, 1]
91 2712 [1, 1, 1, 1, 1, 1, 1, 1, 1, 1]
968 747481 [1, 1, 1, 1, 1, 1, 1, 1, 1, 1]
8743 85873849 [1, 1, 1, 1, 1, 1, 1, 1, 1, 1]
262196 9293507 [1, 1, 1, 1, 1, 1, 1, 1, 1, 1]
7 20998661 [1, 1, 1, 1, 1, 1, 1, 1, 1, 1]
353 75642 [1, 1, 1, 1, 1, 1, 1, 1, 1, 1]
284 258102550 [1, 1, 1, 1, 1, 1, 1, 1, 1, 1]
61818 11016 [1, 1, 1, 1, 1, 1, 1, 1, 1, 1]
462141 6149 [1, 1, 1, 1, 1, 1, 1, 1, 1, 1]
467 0 [1, 1, 1, 1, 1, 1, 1, 1, 1, 1]
63 1978934 [1, 1, 1, 1, 1, 1, 1, 1, 1, 1]
0 250652 [1, 1, 1, 1, 1, 1, 1, 1, 1, 1]
19222 68 [1, 1, 1, 1, 1, 1, 1, 1, 1, 1]
0 479121686 [1, 1, 1, 1, 1, 1, 1, 1, 1, 1]
97628 8802 [1, 1, 1, 1, 1, 1, 1, 1, 1, 1]
4133 95490609 [1, 1, 1, 1, 1, 1, 1, 1, 1, 1]
15875627 255026827 [1, 1, 1, 1, 1, 1, 1, 1, 1, 1]
407 1 [1, 1, 1, 1, 1, 1, 1, 1, 1, 1]
5606132 9311850 [1, 1, 1, 1, 1, 1, 1, 1, 1, 1]
82622873 37 [1, 1, 1, 1, 1, 1, 1, 1, 1, 1]
2240 619394 [1, 1, 1, 1, 1, 1, 1, 1, 1, 1]
75163415 380851 [1, 1, 1, 1, 1, 1, 1, 1, 1, 1]
0 0 [1, 1, 1, 1, 1, 1, 1, 1, 1, 1]
8 6 [1, 1, 1, 1, 1, 1, 1, 1, 1, 1]
6 6124 [1, 1, 1, 1, 1, 1, 1, 1, 1, 1]
24817 967083 [1, 1, 1, 1, 1, 1, 1, 1, 1, 1]
638402578 9 [1, 1, 1, 1, 1, 1, 1, 1, 1, 1]
96 45693 [1, 1, 1, 1, 1, 1, 1, 1, 1, 1]
805070046 34 [1, 1, 1, 1, 1, 1, 1, 1, 1, 1]
21594 2495175 [1, 1, 1, 1, 1, 1, 1, 1, 1, 1]
8 9612 [1, 1, 1, 1, 1, 1, 1, 1, 1, 1]
8068 32122 [1, 1, 1, 1, 1, 1, 1, 1, 1, 1]
3531 54822031 [1, 1, 1, 1, 1, 1, 1, 1, 1, 1]
55703077 870 [1, 1, 1, 1, 1, 1, 1, 1, 1, 1]
96203 8 [1, 1, 1, 1, 1, 1, 1, 1, 1, 1]
65971 554 [1, 1, 1, 1, 1, 1, 1, 1, 1, 1]
5995257 0 [1, 1, 1, 1, 1, 1, 1, 1, 1, 1]
95148892 563857 [1, 1, 1, 1, 1, 1, 1, 1, 1, 1]
2004007 794 [1, 1, 1, 1, 1, 1, 1, 1, 1, 1]
8373 372164 [1, 1, 1, 1, 1, 1, 1, 1, 1, 1]
115799 12 [1, 1, 1, 1, 1, 1, 1, 1, 1, 1]
8 72801962 [1, 1, 1, 1, 1, 1, 1, 1, 1, 1]
5 2585 [1, 1, 1, 1, 1, 1, 1, 1, 1, 1]
78045 6 [1, 1, 1, 1, 1, 1, 1, 1, 1, 1]
0 87448 [1, 1, 1, 1, 1, 1, 1, 1, 1, 1]
950 860642 [1, 1, 1, 1, 1, 1, 1, 1, 1, 1]
0 76 [1, 1, 1, 1, 1, 1, 1, 1, 1, 1]
921601050 4700 [1, 1, 1, 1, 1, 1, 1, 1, 1, 1]
