10
1064 58
50 40 49 13 92 47 25 68 37 84 58 4 2 82 11 20 79 84 54 9 14 35 47 33 94 59 80 61 0 72 58 70 14 39 52 25 49 78 36 66 44 8 82 5 8 51 87 75 89 83 39 100 92 90 8 79 71 87
63 1
64
1255 74
62 24 22 57 31 21 53 58 26 7 31 81 4 82 45 70 14 80 97 80 7 10 50 52 97 20 80 20 64 99 22 65 47 68 36 5 38 58 91 52 0 38 84 48 66 25 10 0 3 10 53 17 86 95 76 27 42 35 71 88 14 12 46 1 33 10 95 40 12 15 75 76 93 55
1632 60
58 83 47 56 51 86 7 39 29 42 56 49 32 91 75 34 24 26 22 4 29 51 20 17 40 61 62 30 91 12 8 7 42 13 10 41 96 6 28 82 91 82 62 45 5 60 96 24 43 86 38 49 59 64 59 45 75 81 46 94
1471 99
12 79 22 69 54 63 72 19 27 90 66 6 49 54 67 16 13 80 67 74 57 64 66 5 83 51 61 26 19 81 5 27 36 62 16 58 56 28 22 10 27 51 70 16 43 91 65 68 57 97 24 7 60 2 85 26 23 16 51 21 34 100 61 83 91 22 51 67 5 35 61 74 89 73 9 69 57 8 39 99 7 77 81 55 31 87 2 32 84 73 14 84 99 10 26 93 33 58 64
746 69
47 22 72 89 68 2 55 12 67 45 27 42 90 70 53 66 77 27 44 74 41 46 64 15 70 86 17 49 99 63 17 78 85 25 4 22 44 49 99 100 77 74 80 70 61 83 21 67 53 52 51 4 6 75 24 3 14 44 79 19 95 14 70 62 87 39 43 47 90
671 78
9 89 40 5 26 86 79 17 1 26 45 10 85 14 28 88 69 60 49 9 34 82 13 19 39 98 18 71 38 14 81 89 8 5 39 7 96 60 62 53 65 77 0 98 69 100 58 97 58 83 99 63 64 86 47 10 93 61 9 88 68 90 61 71 33 14 80 100 28 32 40 1 55 1 37 43 12 55
530 50
34 97 56 85 73 25 70 52 1 53 90 10 56 0 62 12 82 2 74 62 17 24 83 90 52 46 45 66 95 54 14 75 31 28 77 10 75 53 4 23 77 87 96 87 19 14 87 26 14 92
1799 46
9 47 26 97 92 15 15 22 57 20 10 20 15 97 31 63 24 82 46 59 0 90 43 28 37 60 98 12 89 28 98 73 84 83 1 93 51 79 80 0 36 49 9 72 34 30
2572 97
83 4 97 100 11 52 92 29 70 83 36 72 60 16 75 11 77 100 11 6 40 55 30 81 8 2 73 38 23 48 27 74 89 92 81 100 10 44 75 14 56 28 1 38 92 19 13 71 85 0 99 87 36 98 79 34 93 81 36 19 28 6 64 89 28 80 67 34 48 61 40 41 98 11 95 94 82 55 6 22 25 14 54 35 2 61 58 64 67 12 65 76 54 57 66 84 69
