8694
444857
5660
193036
478852
5257620
6854330
51334816
21
146758430
67585932
150530
9182
932446756
0
885252805
1237
8246826
727977
3
390134016
389211
6683513
52156
4775479
65
50092616
33549
5827941
9
8
41091337
1048599
27
414
86273
80471962
9
31431562
609
931
0
365416187
83345728
592381793
17
7408885
68375281
60032
33941282
9838
75511
91
968
8743
262196
7
353
284
61818
462141
467
63
0
19222
0
97628
4133
15875627
407
5606132
82622873
2240
75163415
0
8
6
24817
638402578
96
805070046
21594
8
8068
3531
55703077
96203
65971
5995257
95148892
2004007
8373
115799
8
5
78045
0
950
0
921601050
