100
6 0 [1, 1, 1, 1, 1, 1, 1, 1, 1, 1]
781860284 90 [1, 1, 1, 1, 1, 1, 1, 1, 1, 1]
63456 54 [1, 1, 1, 1, 1, 1, 1, 1, 1, 1]
200140887 43 [1, 1, 1, 1, 1, 1, 1, 1, 1, 1]
6 1170313 [1, 1, 1, 1, 1, 1, 1, 1, 1, 1]
887 29769509 [1, 1, 1, 1, 1, 1, 1, 1, 1, 1]
93316 8578870 [1, 1, 1, 1, 1, 1, 1, 1, 1, 1]
0 474900491 [1, 1, 1, 1, 1, 1, 1, 1, 1, 1]
83338238 247 [1, 1, 1, 1, 1, 1, 1, 1, 1, 1]
1523 3 [1, 1, 1, 1, 1, 1, 1, 1, 1, 1]
63 295 [1, 1, 1, 1, 1, 1, 1, 1, 1, 1]
98457 752120503 [1, 1, 1, 1, 1, 1, 1, 1, 1, 1]
351107030 1429 [1, 1, 1, 1, 1, 1, 1, 1, 1, 1]
43991072 3601786 [1, 1, 1, 1, 1, 1, 1, 1, 1, 1]
860170263 8286129 [1, 1, 1, 1, 1, 1, 1, 1, 1, 1]
4 61 [1, 1, 1, 1, 1, 1, 1, 1, 1, 1]
52729874 453401939 [1, 1, 1, 1, 1, 1, 1, 1, 1, 1]
844207092 96 [1, 1, 1, 1, 1, 1, 1, 1, 1, 1]
4253 362 [1, 1, 1, 1, 1, 1, 1, 1, 1, 1]
73 0 [1, 1, 1, 1, 1, 1, 1, 1, 1, 1]
0 8206374 [1, 1, 1, 1, 1, 1, 1, 1, 1, 1]
2000954 69617 [1, 1, 1, 1, 1, 1, 1, 1, 1, 1]
28275958 289 [1, 1, 1, 1, 1, 1, 1, 1, 1, 1]
5509 1722 [1, 1, 1, 1, 1, 1, 1, 1, 1, 1]
7527 0 [1, 1, 1, 1, 1, 1, 1, 1, 1, 1]
89139574 95713750 [1, 1, 1, 1, 1, 1, 1, 1, 1, 1]
44532 702194231 [1, 1, 1, 1, 1, 1, 1, 1, 1, 1]
4519 0 [1, 1, 1, 1, 1, 1, 1, 1, 1, 1]
256207 746 [1, 1, 1, 1, 1, 1, 1, 1, 1, 1]
23 31999297 [1, 1, 1, 1, 1, 1, 1, 1, 1, 1]
7 70572 [1, 1, 1, 1, 1, 1, 1, 1, 1, 1]
6885 289964403 [1, 1, 1, 1, 1, 1, 1, 1, 1, 1]
42955 250821 [1, 1, 1, 1, 1, 1, 1, 1, 1, 1]
6388 5 [1, 1, 1, 1, 1, 1, 1, 1, 1, 1]
27759 9956 [1, 1, 1, 1, 1, 1, 1, 1, 1, 1]
63 8974501 [1, 1, 1, 1, 1, 1, 1, 1, 1, 1]
27 517112 [1, 1, 1, 1, 1, 1, 1, 1, 1, 1]
660532598 96690720 [1, 1, 1, 1, 1, 1, 1, 1, 1, 1]
280816 560140 [1, 1, 1, 1, 1, 1, 1, 1, 1, 1]
9062 0 [1, 1, 1, 1, 1, 1, 1, 1, 1, 1]
50 55311824 [1, 1, 1, 1, 1, 1, 1, 1, 1, 1]
5 230304 [1, 1, 1, 1, 1, 1, 1, 1, 1, 1]
5258437 4415927 [1, 1, 1, 1, 1, 1, 1, 1, 1, 1]
3 3 [1, 1, 1, 1, 1, 1, 1, 1, 1, 1]
415690 10252493 [1, 1, 1, 1, 1, 1, 1, 1, 1, 1]
16 31 [1, 1, 1, 1, 1, 1, 1, 1, 1, 1]
251986844 22 [1, 1, 1, 1, 1, 1, 1, 1, 1, 1]
456403 2218 [1, 1, 1, 1, 1, 1, 1, 1, 1, 1]
659274 35187717 [1, 1, 1, 1, 1, 1, 1, 1, 1, 1]
57 809 [1, 1, 1, 1, 1, 1, 1, 1, 1, 1]
898788 2709 [1, 1, 1, 1, 1, 1, 1, 1, 1, 1]
7303 5897 [1, 1, 1, 1, 1, 1, 1, 1, 1, 1]
8436 892 [1, 1, 1, 1, 1, 1, 1, 1, 1, 1]
3021 65878 [1, 1, 1, 1, 1, 1, 1, 1, 1, 1]
8 53503014 [1, 1, 1, 1, 1, 1, 1, 1, 1, 1]
50705654 675893912 [1, 1, 1, 1, 1, 1, 1, 1, 1, 1]
73 87631 [1, 1, 1, 1, 1, 1, 1, 1, 1, 1]
962 1 [1, 1, 1, 1, 1, 1, 1, 1, 1, 1]
4465900 7277 [1, 1, 1, 1, 1, 1, 1, 1, 1, 1]
69969709 15563723 [1, 1, 1, 1, 1, 1, 1, 1, 1, 1]
5018930 352513602 [1, 1, 1, 1, 1, 1, 1, 1, 1, 1]
346081705 351845 [1, 1, 1, 1, 1, 1, 1, 1, 1, 1]
67021928 16299345 [1, 1, 1, 1, 1, 1, 1, 1, 1, 1]
127358 77287209 [1, 1, 1, 1, 1, 1, 1, 1, 1, 1]
261883164 955 [1, 1, 1, 1, 1, 1, 1, 1, 1, 1]
0 884311 [1, 1, 1, 1, 1, 1, 1, 1, 1, 1]
58609416 57130718 [1, 1, 1, 1, 1, 1, 1, 1, 1, 1]
5 9642062 [1, 1, 1, 1, 1, 1, 1, 1, 1, 1]
56674717 697107 [1, 1, 1, 1, 1, 1, 1, 1, 1, 1]
7956 247 [1, 1, 1, 1, 1, 1, 1, 1, 1, 1]
2 217 [1, 1, 1, 1, 1, 1, 1, 1, 1, 1]
0 915232524 [1, 1, 1, 1, 1, 1, 1, 1, 1, 1]
352111 386484 [1, 1, 1, 1, 1, 1, 1, 1, 1, 1]
12338418 722 [1, 1, 1, 1, 1, 1, 1, 1, 1, 1]
2094 44407 [1, 1, 1, 1, 1, 1, 1, 1, 1, 1]
243517 0 [1, 1, 1, 1, 1, 1, 1, 1, 1, 1]
0 19025950 [1, 1, 1, 1, 1, 1, 1, 1, 1, 1]
752 330078594 [1, 1, 1, 1, 1, 1, 1, 1, 1, 1]
0 91010974 [1, 1, 1, 1, 1, 1, 1, 1, 1, 1]
8232674 7474 [1, 1, 1, 1, 1, 1, 1, 1, 1, 1]
19 1600624 [1, 1, 1, 1, 1, 1, 1, 1, 1, 1]
209279 840504 [1, 1, 1, 1, 1, 1, 1, 1, 1, 1]
925685 4634 [1, 1, 1, 1, 1, 1, 1, 1, 1, 1]
26 570803 [1, 1, 1, 1, 1, 1, 1, 1, 1, 1]
9141366 2179 [1, 1, 1, 1, 1, 1, 1, 1, 1, 1]
71835 29965443 [1, 1, 1, 1, 1, 1, 1, 1, 1, 1]
7545605 9091 [1, 1, 1, 1, 1, 1, 1, 1, 1, 1]
0 8 [1, 1, 1, 1, 1, 1, 1, 1, 1, 1]
3260558 873490 [1, 1, 1, 1, 1, 1, 1, 1, 1, 1]
16657 74419892 [1, 1, 1, 1, 1, 1, 1, 1, 1, 1]
22781 308830 [1, 1, 1, 1, 1, 1, 1, 1, 1, 1]
9828537 30440230 [1, 1, 1, 1, 1, 1, 1, 1, 1, 1]
3213551 811294631 [1, 1, 1, 1, 1, 1, 1, 1, 1, 1]
177 8 [1, 1, 1, 1, 1, 1, 1, 1, 1, 1]
36037 455 [1, 1, 1, 1, 1, 1, 1, 1, 1, 1]
99 9666268 [1, 1, 1, 1, 1, 1, 1, 1, 1, 1]
9 3 [1, 1, 1, 1, 1, 1, 1, 1, 1, 1]
16 20 [1, 1, 1, 1, 1, 1, 1, 1, 1, 1]
82 5379833 [1, 1, 1, 1, 1, 1, 1, 1, 1, 1]
9621828 8508655 [1, 1, 1, 1, 1, 1, 1, 1, 1, 1]
