970
3344769
2
52
16396450
720
7
2
35428
601012
67135
7649
28
8626
870362760
634
0
0
88995
257
32
43975161
5
482581
3
83
940
737
14326
9639022
19
0
41281
1
955279
70864236
33
140718
2797136
2
172
3914868
323757
8280
7909510
583403
357410
33832
8825015
8250
147
8
227984
14
59852962
51
5
61735832
4962134
4284
554
7
6562
6400
0
729
8025537
4
956694
338994
0
61
304232
9486419
5
0
24602842
473073579
683287
56
108540
944908
820214102
45261
783826723
12
67
929137729
0
0
78801560
4
90346
0
38
7597882
8
988
69664845
0
