100
935868 3083 [1, 1, 1, 1, 1, 1, 1, 1, 1, 1]
988381672 2 [1, 1, 1, 1, 1, 1, 1, 1, 1, 1]
1115600 7434634 [1, 1, 1, 1, 1, 1, 1, 1, 1, 1]
60001 0 [1, 1, 1, 1, 1, 1, 1, 1, 1, 1]
636958 59789119 [1, 1, 1, 1, 1, 1, 1, 1, 1, 1]
7396 0 [1, 1, 1, 1, 1, 1, 1, 1, 1, 1]
45761 34989 [1, 1, 1, 1, 1, 1, 1, 1, 1, 1]
341427477 3578356 [1, 1, 1, 1, 1, 1, 1, 1, 1, 1]
422 3137708 [1, 1, 1, 1, 1, 1, 1, 1, 1, 1]
465996476 837 [1, 1, 1, 1, 1, 1, 1, 1, 1, 1]
73657157 3 [1, 1, 1, 1, 1, 1, 1, 1, 1, 1]
28330 0 [1, 1, 1, 1, 1, 1, 1, 1, 1, 1]
282124932 7 [1, 1, 1, 1, 1, 1, 1, 1, 1, 1]
123957764 23 [1, 1, 1, 1, 1, 1, 1, 1, 1, 1]
6508430 638 [1, 1, 1, 1, 1, 1, 1, 1, 1, 1]
1568 833575 [1, 1, 1, 1, 1, 1, 1, 1, 1, 1]
272057852 3 [1, 1, 1, 1, 1, 1, 1, 1, 1, 1]
0 848290 [1, 1, 1, 1, 1, 1, 1, 1, 1, 1]
63889865 85775 [1, 1, 1, 1, 1, 1, 1, 1, 1, 1]
0 8 [1, 1, 1, 1, 1, 1, 1, 1, 1, 1]
3 701410 [1, 1, 1, 1, 1, 1, 1, 1, 1, 1]
437399407 72656978 [1, 1, 1, 1, 1, 1, 1, 1, 1, 1]
4916520 8 [1, 1, 1, 1, 1, 1, 1, 1, 1, 1]
572586496 3446635 [1, 1, 1, 1, 1, 1, 1, 1, 1, 1]
0 3045 [1, 1, 1, 1, 1, 1, 1, 1, 1, 1]
8868 64 [1, 1, 1, 1, 1, 1, 1, 1, 1, 1]
9057603 8681558 [1, 1, 1, 1, 1, 1, 1, 1, 1, 1]
0 7402 [1, 1, 1, 1, 1, 1, 1, 1, 1, 1]
0 52098 [1, 1, 1, 1, 1, 1, 1, 1, 1, 1]
974 1587 [1, 1, 1, 1, 1, 1, 1, 1, 1, 1]
481300 7664 [1, 1, 1, 1, 1, 1, 1, 1, 1, 1]
454278 70944850 [1, 1, 1, 1, 1, 1, 1, 1, 1, 1]
633 5787750 [1, 1, 1, 1, 1, 1, 1, 1, 1, 1]
543474964 339586184 [1, 1, 1, 1, 1, 1, 1, 1, 1, 1]
4 0 [1, 1, 1, 1, 1, 1, 1, 1, 1, 1]
60634859 878 [1, 1, 1, 1, 1, 1, 1, 1, 1, 1]
0 1 [1, 1, 1, 1, 1, 1, 1, 1, 1, 1]
229 83 [1, 1, 1, 1, 1, 1, 1, 1, 1, 1]
20 7941 [1, 1, 1, 1, 1, 1, 1, 1, 1, 1]
0 1694 [1, 1, 1, 1, 1, 1, 1, 1, 1, 1]
88816143 338 [1, 1, 1, 1, 1, 1, 1, 1, 1, 1]
5 234177225 [1, 1, 1, 1, 1, 1, 1, 1, 1, 1]
660094203 0 [1, 1, 1, 1, 1, 1, 1, 1, 1, 1]
7527654 67844956 [1, 1, 1, 1, 1, 1, 1, 1, 1, 1]
4307865 77951 [1, 1, 1, 1, 1, 1, 1, 1, 1, 1]
3626 0 [1, 1, 1, 1, 1, 1, 1, 1, 1, 1]
297 5480400 [1, 1, 1, 1, 1, 1, 1, 1, 1, 1]
9 7 [1, 1, 1, 1, 1, 1, 1, 1, 1, 1]
75 76143 [1, 1, 1, 1, 1, 1, 1, 1, 1, 1]
96361 616 [1, 1, 1, 1, 1, 1, 1, 1, 1, 1]
8735 9 [1, 1, 1, 1, 1, 1, 1, 1, 1, 1]
884670 989 [1, 1, 1, 1, 1, 1, 1, 1, 1, 1]
0 36 [1, 1, 1, 1, 1, 1, 1, 1, 1, 1]
98476 247 [1, 1, 1, 1, 1, 1, 1, 1, 1, 1]
56 363824 [1, 1, 1, 1, 1, 1, 1, 1, 1, 1]
68549 44252290 [1, 1, 1, 1, 1, 1, 1, 1, 1, 1]
7 74451 [1, 1, 1, 1, 1, 1, 1, 1, 1, 1]
98 90028 [1, 1, 1, 1, 1, 1, 1, 1, 1, 1]
7 609 [1, 1, 1, 1, 1, 1, 1, 1, 1, 1]
931048240 896120 [1, 1, 1, 1, 1, 1, 1, 1, 1, 1]
1 70925583 [1, 1, 1, 1, 1, 1, 1, 1, 1, 1]
7544 617 [1, 1, 1, 1, 1, 1, 1, 1, 1, 1]
70032 52208948 [1, 1, 1, 1, 1, 1, 1, 1, 1, 1]
28203 78748 [1, 1, 1, 1, 1, 1, 1, 1, 1, 1]
13172852 860804020 [1, 1, 1, 1, 1, 1, 1, 1, 1, 1]
491945658 11316161 [1, 1, 1, 1, 1, 1, 1, 1, 1, 1]
4551009 0 [1, 1, 1, 1, 1, 1, 1, 1, 1, 1]
4836919 188 [1, 1, 1, 1, 1, 1, 1, 1, 1, 1]
3744 4918494 [1, 1, 1, 1, 1, 1, 1, 1, 1, 1]
6 0 [1, 1, 1, 1, 1, 1, 1, 1, 1, 1]
87717660 758 [1, 1, 1, 1, 1, 1, 1, 1, 1, 1]
519866 19835260 [1, 1, 1, 1, 1, 1, 1, 1, 1, 1]
0 5 [1, 1, 1, 1, 1, 1, 1, 1, 1, 1]
89247962 7250812 [1, 1, 1, 1, 1, 1, 1, 1, 1, 1]
4170 150505 [1, 1, 1, 1, 1, 1, 1, 1, 1, 1]
263 7064 [1, 1, 1, 1, 1, 1, 1, 1, 1, 1]
8 88567059 [1, 1, 1, 1, 1, 1, 1, 1, 1, 1]
2 71161 [1, 1, 1, 1, 1, 1, 1, 1, 1, 1]
896 67353 [1, 1, 1, 1, 1, 1, 1, 1, 1, 1]
257815 0 [1, 1, 1, 1, 1, 1, 1, 1, 1, 1]
1 37423800 [1, 1, 1, 1, 1, 1, 1, 1, 1, 1]
713097 0 [1, 1, 1, 1, 1, 1, 1, 1, 1, 1]
3069811 49763411 [1, 1, 1, 1, 1, 1, 1, 1, 1, 1]
1109 0 [1, 1, 1, 1, 1, 1, 1, 1, 1, 1]
3 13734 [1, 1, 1, 1, 1, 1, 1, 1, 1, 1]
985 145649598 [1, 1, 1, 1, 1, 1, 1, 1, 1, 1]
641507458 259 [1, 1, 1, 1, 1, 1, 1, 1, 1, 1]
539 381076 [1, 1, 1, 1, 1, 1, 1, 1, 1, 1]
210667490 47814432 [1, 1, 1, 1, 1, 1, 1, 1, 1, 1]
3216052 81 [1, 1, 1, 1, 1, 1, 1, 1, 1, 1]
7 5 [1, 1, 1, 1, 1, 1, 1, 1, 1, 1]
884223590 5 [1, 1, 1, 1, 1, 1, 1, 1, 1, 1]
1 86752 [1, 1, 1, 1, 1, 1, 1, 1, 1, 1]
5 547 [1, 1, 1, 1, 1, 1, 1, 1, 1, 1]
1523853 4 [1, 1, 1, 1, 1, 1, 1, 1, 1, 1]
34 56 [1, 1, 1, 1, 1, 1, 1, 1, 1, 1]
0 416783337 [1, 1, 1, 1, 1, 1, 1, 1, 1, 1]
36808820 2151444 [1, 1, 1, 1, 1, 1, 1, 1, 1, 1]
518855 45227673 [1, 1, 1, 1, 1, 1, 1, 1, 1, 1]
6424943 14259 [1, 1, 1, 1, 1, 1, 1, 1, 1, 1]
