6781948971374329389905112979401142558150969295305450873728806469578479847568537
90578634047939180096327342932173883193624387724950068433822356674
207883950293385245665594904301804
2772692584772632910563108975115609699
169838968112819928610398321605161376485
470514360850319
35310014907846254181192819643659013178280141214391189782
4824084996437726095460983127262588788117
521503345652737330849096516173020073178678906547016727089687242336371714537331175208578
5106
8020
90042546662065900926001012032319778479172963881083015445348287436
5198693608279163446181658275470315767036756141586438960305431659729732138459
16846532284409352842964948601131807057835039774431521979
504503503078525404694982932763994134461562851534821109466070
89770903148475588471119397254717380850084493473138770832239001636191
12284650801206038914158942848741639439342229073045206365944549260486867557689079573062724052543
8014333209
4123407898945846259382625389650976
321570596189470897962874
5467693615103710171431050672281865536294646259274295120197223806471
7078815084990245875126989471227963463
626999635634472562238742449467441
4463311506392793620560346052612937547345772359611999393112173425428136650806941408823673314193348864
5749900884035380
4245102486637426266548251961577369596754356235989432017241019379902530609661940846530076084
8968570099586330835688371623400281554239804508821992841676136741210516547439004
9215341
536489595812447567321507207388455618203904230837069622486853713103815269578
123288184029547781887440369406522523797822745902245762
480455494317772757822606108212266511163387867038079302186817727318764003744570
8306942706824882168307309650447682472835809227687555099875938992669789733643
394299869454692561919539707541962513000701963
826310829618887677101163288330139815669147470796352332293722753348696865851149732969107263672457235
23584451746517386686541556242711312706422
33627703396802165930060285004086401388208895670744588980962336614429079545783
40043
4709
4621793651822438605117942275641059
363007813162579794437116228496677197211854208913434472687411042631424645877786648288603236489
82895203843303
60038290322735909934829298478038114
338520124268259068489909216598569300362225570995
799784754325387509220737277429629871233630420564772322171975796716943994896338422417395829704927
5248742290663288989360088004904
6
809069850582898762359375023149184755499057343
25237130842280480903597866719200491896520950596395223417071996266006428559
7022763097798758794662404733628405709850396446466432154652
328150193467318645403598066
12320643206039962984552089724659028
5256315211108927535112805117593346
6362
5593349359605064780164841688972313904091050286348670269271151748
945983999811740156355889955908
978448169516916870155864455012088932367449677
514102177179304874792275553448198697595930205183344930878992645956417264010633094236488163044609
66502660380850647695339298345509265923045043015722654173371510280516727840448396882554108
281642371010333913489
27036557349638256348227370464167125320797639363438477699308987744933399421600
236618274626761208419402678207597017738931541785892946661928357758679899890634818975129670133260
1031110066558679321972
53227608827520667739328931189700648093333804240990718981488198455469649238573210825868812500
4759593704046422049763495196252705714655113483327776599118246110039155187282
9258244271508297021796694476231821509310938743509093970578940650762
7949212471475677140895904365230262064462588428787308422146100886420442135200794803579203794939527
6
54065304560176375305026861901530385340275640559057726665101600229643523418
766453617723157375591779585364
37953865115760305081422732622978644262959748857857134531251908927666613672861908559090
91
431387987315913579951376088090358760612289255860473901523608247312335660220157004856806341
20279121687465369681043162716391425816983974833281260329517965845973977126508334639046382582705345
63036344144289791064952918784754626359348402
810593763951370296421043990581518831667438979668442561
350162919794248542110501838127646
68971801329644918800165194339649520944588381116600097276
24622133955535668039680780601552837422985411103903770051517251
7451861376771232785981786394935611804014594157
6186685137794301633160555167303805117265936975504199724787900
325979
59134568820404307331776343141599604705
754142594412919746230343458765411524906169056259819904030131138873182940671901
7871465427645843194311738894914838459
2706213242024537742045695326669854152636797649973091052536165846667
25278636110
759928994779130468424386023937972
662519469486819264796782075069897954004062541963433833655393839289
2534087
9855420892941675451694978009015135954603495
386876071283142471011231764313955762184073740509349484887981260651537242086075328853824243
43695846640141603195718489418633409695655524239494
8691792699843023605661611447658179300819476073508518720980691195019
7388
5127556265358501098667922226213099787253203040490222147933619052768334103550234736
7680058841307069507077750879968662651301348598166017289119
433255
28138429072462986559605052200906356482324750521
2471866631512744397422966241660251818157161370993199292482972678415336150
759807722005212710496694164403990569470928170218290204970854202
