10
1752 60
81 96 5 98 25 63 10 92 30 28 47 34 36 24 4 57 100 3 29 44 53 61 15 96 84 22 87 75 87 51 2 61 36 4 84 46 43 81 15 28 34 40 91 25 13 52 18 61 14 51 50 12 23 26 46 18 29 50 11 47
249 95
83 10 77 88 90 3 66 75 11 6 54 57 49 7 91 92 40 1 14 53 93 18 23 8 83 81 71 41 53 81 7 12 33 19 23 74 62 0 16 19 70 5 49 13 61 56 34 64 24 28 81 90 31 98 56 23 25 100 27 43 87 20 61 9 42 10 30 50 55 34 1 76 6 93 43 3 80 92 18 4 62 0 19 66 88 74 83 47 81 39 20 48 12 51 91
370 13
89 12 35 69 98 58 50 49 72 31 94 49 23
1906 57
42 76 66 86 2 15 65 50 53 19 75 44 31 86 87 54 74 11 30 62 51 44 47 34 45 27 84 33 50 28 42 80 4 94 70 38 53 65 47 1 76 35 54 40 43 56 3 42 45 95 48 36 57 2 82 4 96
648 90
5 42 94 28 22 100 51 73 37 71 26 82 58 24 72 80 47 1 84 91 41 55 2 93 99 42 40 48 8 7 97 33 40 36 2 0 79 86 0 22 37 50 69 10 10 6 24 70 22 76 31 88 0 87 91 10 90 4 5 88 57 77 63 41 5 41 87 98 26 15 60 5 16 8 81 83 80 40 68 30 29 53 93 91 42 3 52 2 32 80
1723 91
12 24 18 1 43 87 19 65 17 42 44 81 27 21 67 38 94 61 25 95 35 40 92 25 47 28 27 39 81 19 6 12 82 48 80 96 32 21 64 50 42 26 0 0 43 98 55 68 46 40 75 99 19 60 82 2 100 54 21 72 82 26 95 6 51 24 73 87 87 12 15 86 91 4 3 83 51 75 84 97 55 57 15 72 28 16 63 20 54 55 41
1077 53
40 85 48 15 28 14 19 50 1 15 89 44 32 19 74 47 4 69 27 46 80 96 70 48 0 11 55 54 29 21 19 8 33 65 85 46 56 41 55 88 4 42 6 79 32 60 2 48 57 59 3 38 22
2038 49
53 99 27 1 70 93 43 90 86 40 78 99 91 28 62 85 92 52 12 58 89 89 69 49 30 93 8 90 40 7 66 24 95 1 53 67 91 82 69 25 16 16 76 67 68 12 83 52 4
3058 99
87 81 92 46 83 77 14 39 75 54 5 96 93 34 50 26 83 49 67 40 75 37 15 23 31 82 28 44 29 40 42 8 49 19 54 52 100 95 78 63 9 45 32 67 34 48 41 17 49 92 4 42 36 68 70 62 70 55 5 28 15 13 0 1 23 41 23 10 39 4 20 61 40 26 1 33 100 85 86 11 40 51 73 94 75 24 71 53 42 91 75 40 43 3 83 20 18 98 44
252 8
69 53 85 56 22 12 58 34
