7303789613213897290016313247367147214708600671152629175202179461631
809206739470449617408116914821337717719711353239150247
866912244333301416410056486826
9278192931
291504034109344581445982195043031006149723534367721292979176862808624154640
34842607685469622179500842723489234088654485819061392
428983498721741099554159986
862080105146067541425207924920553499356908694876487863737504928771806527
97564746044858531399756169755239435627882473054789778132129763076149305819984710
31854
2903887070134256653768176862478680578059
113151
5936698833950802924667675275296189049408703817355399943220193928816487
33428216575656027117721284292198599410456426770679473665092381417982132842972
4051237025287935563842491501410616611680
7
7041128093018331710108963402747576458761691505102535662
98850038682034237479898304215325029466506845933853535174641097610688859755971866524144330
67984394
5508863345457998884374326843353497965752678152371805319698101869494739119943962426013297672654445
11600808237
48580543118419485
66807644791875062364341747642666678
48502904079005250855917104132919729491821676074499529357538917425649270
595278922624966872998024786554873892524219654684597459001375359060877212821366
1262224272
98206638938406021607067571172882597167208696816327090561336777084153841622043610474498
8468047680354146236148451145779785764968423315143
452316649251827326128831411658974561820610217817819461773077038868283886831291688793107011767144158
899964571920454626514690852978481192266682425496958903800
20604032275927869987175367689
983808734271130828942276235532
705478428239489838682214480682541514309738021940289102196126770679518075441596
52579257836109813428749
166
577232128269794854684412500487008954209450395256575261444792748842491306569113330898
988997008758718820392144782910009024649190583354034003179979549724103319885525
2028760559953034528515961285615943878112755
28062127865339419
545633050945789109883965019479285292684243241402008784518157349374740707420777196896873674930
44132432398789026918668784
3879332541935656605722574331381322488935131947388270710651864332345051728199712009524858884720
1668290002068553610279921150958077062544513356623709437323371698532713848141598539404224850
81729523595972892811792450085874245386249
63110507862388769685541526156003329677808289411652690496771415650870146375486
51988079323192829903490797244143872501780159955
579538033386169060390867777267689572649586438204051210134128170951855347171573701543170016023
5531899948704896082796619532246947914575
34014179546120283547151784576951123
965404
19964983381429881024358975995450536237947976177770461549059
48900541077835105068304727279942105317347051151625292512600034150225241040290857614872918
1200765993180371563433388131
7935079305710106989644374630039567383124858199133682704088
766169656234521686369
8332264272707284960800743506595551021539097588283838561196126890070420751
29073019899725437047186703904248183985621985420974
2908910
1070066201622083557954648337892920846908122739174106479344147873210109504746905099325
20922805809103325068033988644830325304967100462838044000890946310
585
61392654155287615379517041478502914457662684709960203193644374793075654790135046851
21479980797902400637806697689312
9273656201680201036834212855948579401
326567892631072714997205118445943490957145312756882
7468829181166
1289360868171776836285316
984331526659894464753354996
17196062006958772308847932397067114449411994509839125033747026035464022978
619804980254891993207
44395445364392504037943073765007672906988
88987346208855625169283164195257964820621110596867636527053251162217150337714489344669548553531
507791946029155391382803879961733
4397667358565964441183389977991229673
94296571926005182670115630384
51486499194723783086019327277822021289717109595782831918913687337889
4178841060374556223
750963835896988827678011932805329175694941027735548029142444553108720620631027
95082223030758882317664846601331453773823630776056198164
765045754426
82580263366643586300297287707868166846372653003513935146394307334630
37521437549022235323552645225097228472382426315749775572166843819624
2477401231638326987334315092171268036594250
9081375
7308318780081511274717737853165185927059359
54177087926671
6820846577211335553809172052461977
979073890225501246595802462370841875185993692
343224150017461312138043666455808488672202579259926096753745526905037055052275560537256329816900
26324619
2332809041094939351943681667974725508100994420906
9295810256542205679204033430988025493058843018996075036849329372046
591658368341779026330627880245294140
7521317874581783211167620561691705774374396961245578343642073844623671697839
997110495273866119398858354905827059343240605139675
8082865606705055604111035144290963217870027172698370597182441774560878054062557439854985884956
66221309417859920204247474856364687742577974922909762186776
83231011099426
3606422044927393677074692865249138081219590521121004197126
7539514446500583729459248146195481559552157155952781356805178750520234110975740409553706861353
