93
66
4387962
78585048
7002524
455
56898
913330
14
5292
276
23530
12857776
486871477
664
200887
9984134
30
487281299
229601416
48
3108317
14638
1293201
706
114
16452
0
28263409
399
67
354850010
8
0
0
90581745
822155
0
11852
73
3123162
822921339
346152
5
5403308
361419880
47745
19
729002
1602
2408760
99
740403
457468
81
941
2762488
78812368
36591024
616116
33233432
4612433
1
23780206
5574734
1763
7484981
94
271901784
0
58
18
869707
46796643
0
365342754
8
1413
671
32464
926958
91
1273
3344459
0
18917020
1262
0
117
4088837
27893926
7
1
5583
58520045
0
8270
278617
56425780
593021635
