12541212341997947849282641203594645262806
17248438590615092408335979559158693387119028429500349576664544
4383503851275696039151681126206753899372353637788552352
58902787295268521813053899178376982102165994396879580710074209622958
56402015268451591258396363241447553549005789229439578594421814881654899456374034332882537072
71357743157636764051389564219114666878603280897543303
16226693792018167
96397936946110822099542826957938911575986272641668444755239062668271547681404517249948120
365179794443982799898632075174074712354682684293355373240155774557990398821
1304961668919972818233536864739640139422784698089125966545909916305988494814239868088282356271
41423206335147772294762664633597283425491611515444060
69181955490820271474649250358299968592919968370862874330
8300458364009437665704370056032628799941410544247004837764332056691892965175696979679
830286497229690193502121926776503713804650850829479834
282451125244312252161395
33814296714492767505726182305682714796771918676943325596327372
1426240001500634783570493842966242379019204327663862553924124091304804660
3540897896624673908151006544847041851207337051598408258048433681960
890879088289592252611767971182977055929555521163363763115142942916967948084050
611357756893755630445769631933003154173570312576820993231711259130179784623498147898094
422938336532961792666554605945107673127608142023205807707000948803
748214692145496907493551791443660400449631281194789724139090279396529915521596132877840166819630545
6266342777768041158934694173
27079329077574049921465454544235198612822575634436874083417457434959745340047845696
2833953044577432666635085379763321231078601772243
4266023282748803119320375610947968018
109302449224421243208
658335920536568474221500224749336054178005011704786935058295
540
6472477100234410425344874796805091332619785048449235480208
8482711694175366272347249539
85136431634143504515664436650129739700948424226463467710080541863884868
274723316
7388898
52486679042335267089167624170146610976261356401093
85033311184549564564670493578639711851285051553174345
756981038745250895092421603
24687926148924151441343290907668
5288901427047161765104289760177785956618738411696
169255914157291919250837135578875
23
5491186875223925833669112517823418960982261158274081115
626701125721086575494222317968342038506605045676826758761853002983283
72456439824260406290693984786195450119653708711333991956
67747379104
1801877856560166948285736126150344481033719776597130080301044252503628395697079467
544602832473227532
527953890400869603759190138134487087586369110209244390309072319248984087026
2538749779558791074592101882839871225033343932925116485958686
400018252102459924789657
9
4271149498383657700885613427670847
1142165776673413436217057952417608350068637402981996778246265203238699057729396241823564468858401210
679287373728378154757062661313145894371346766557798132820734089949935765032259065964873846
91449829354184702289005508747366035920
53222012605934
256191
111388166006725154284126
2125045232426104
9448887494611
2890087943137502196940323160420106438339330434735
27123503556769421592822512771335818017830860785668447227879721601793085469037429
51472696963678641244515826627328259446050764693350633959979137871382814967139866916817233
4591894538998596356731411831312759724527823935853619260878337258199943925154062763680025522901788
451042499709214779124
2849524627085875742556705021152397037401544488955587609055064986406110993439216630238095687296180
78779689
30391176928361096396227733544214563437740302
725959491455138692675710247191254791961
3894096255581305221615903492303418298994449979364674103432442896860869365337772143064433034660990003
14324514537778853585933714013623309423826302239796446115825143805293764373469161853122018
603462737
5263039924059903
1324662176467383423718615877312471047451841
144667509568454455142805659865179011936174196233733463323225185755473817274655964928573017075
224860364
75236145465
84841370019227554874996839560520344053398500
706515279244062337921103906735750778110038354340661932
24830667743561609934866711362386984998761877049944774602884519438578059940008669
126639704432434161124122555954502982451695653265060889361852831221116554865188297259911313648670945
6833889969460
19479414158978357613059097357785677516192969489734622491797649216795975
553525339691273402358372724456312953
8670605443654890621312670430406790050306328002305699133900100560076439965501255809245536166177
5881611643560320970576839022738623008752400804801002
742048644234668209482034759391015285917315025
250094189909382839808892770813093112570828839
951867017544828839872990451186192395722035370516446829713147306548702111
48788967694134671079363971384903494474801822295792187967189655323587724264506809941366543
4227029340705152339
2343
159496822718087236260418614047578897389400806514830563806906867266086335256994860534196365701403
37536535560946540230478576077899924488054005530412908577080339552322041012427383932386487703255108
58679109976276432321670895277784857288176
77083694491378629455250664481205556114552677272622623822814321595439795850535976071772928629900
3541034143124866287702098553988518175012358240321
51407408516292212051831243428379325657450991977617259851391492581
19422266526260321181151000086802306484950090452642275623724182876873459685236646476
44610588658542160257910255978668089524349082497257168450488950211198744
