10
4 2
94 19
322 60
76 82 78 0 6 94 16 29 7 58 80 5 35 56 89 93 13 4 72 76 35 58 19 51 31 7 85 43 33 86 76 24 16 78 30 93 59 47 65 15 98 81 6 27 54 48 33 57 24 13 37 68 15 47 44 27 15 88 96 93
826 26
70 63 83 83 10 32 48 32 1 7 100 77 93 64 35 4 18 19 14 57 47 69 32 71 80 56
2143 46
2 52 50 36 62 87 15 7 47 91 51 8 2 53 51 43 82 53 62 60 33 44 6 70 25 39 94 62 56 39 41 59 61 92 83 13 76 67 55 56 99 37 83 42 97 7
1068 39
5 16 13 39 38 50 18 15 60 31 10 5 51 25 34 27 32 15 75 58 1 34 4 72 0 39 11 14 78 92 3 95 93 30 99 14 68 73 27
1951 90
1 14 97 65 0 28 43 47 87 8 43 73 12 35 94 43 38 39 32 52 10 26 79 62 5 52 21 53 42 13 84 65 61 16 41 20 83 87 89 46 83 63 42 85 78 25 51 63 71 40 58 43 70 35 66 97 49 48 70 79 48 11 25 7 17 41 83 65 37 90 74 61 88 84 14 8 49 71 87 99 13 10 53 95 85 7 41 4 19 72
141 42
91 34 46 87 59 53 80 81 11 40 24 29 79 67 43 33 34 54 63 33 57 98 12 10 100 79 53 54 7 58 94 66 90 20 68 95 64 69 22 48 25 32
372 30
87 32 7 11 18 77 46 31 38 11 84 27 7 60 67 37 94 0 45 2 3 76 100 31 23 41 92 35 19 34
322 47
63 62 11 46 41 84 10 27 61 39 8 31 89 94 57 11 61 0 71 5 8 44 80 12 5 47 2 79 2 46 54 22 78 92 56 83 10 18 81 11 100 92 4 90 61 83 19
981 94
33 19 47 65 6 15 10 21 47 46 82 85 68 53 22 59 39 50 64 19 89 50 73 79 65 36 75 67 3 25 32 0 62 82 67 11 33 92 72 41 40 75 83 43 49 50 90 52 3 38 65 34 87 72 82 26 35 88 84 95 33 68 39 66 42 58 82 9 96 43 7 72 70 52 19 50 83 87 5 83 53 52 12 49 59 57 77 61 50 100 91 37 47 15
