49932734061261
56759051113615
126985490739985
253544558728587
278152669617087
336842236699569
362593233041680
397665834251493
434930452309097
547959289135526
586360272150357
638693116170210
753199088558532
843482189701175
905129768960750
909871795112130
956054523947931
961883660078523
962843347071641
1004229371304449
1081362658467594
1117125635967467
1132129577195807
1146961117164856
1240697419096382
1249385770041310
1256287753145515
1283054581622963
1304763471865089
1390443811441261
1410084688382911
1444390429201677
1545741258348306
1611248997998725
1653388977021133
1662737617184941
1678773804610685
1692203993309861
1696286119671461
1775078177488971
1846281604406835
1849934598759423
1854620433910767
1879801843662429
1880259427597357
1984554124777090
1994327249879886
2024115046504758
2027216616992622
2063687274370166
2161995982189190
2202726276021151
2211789771737326
2241058835783714
2244545028695816
2266655345510721
2305237629227569
2495172035422972
2515693724848791
2599370498821779
2608607925979465
2627063200206818
2800057655318592
2803082098473848
2812880239683178
2856895314849613
2997982247241261
3009386103464443
3055483713180193
3147902661367800
3163743662578744
3289738154322389
3296528490321257
3303402847014641
3348408249458016
3366231043300545
3403376039231335
3532669954744536
3554528422538094
3572893243316124
3591416493982674
3678070018362792
3753269122631460
3860919403960819
4005505392806735
4042259921250380
4065189383778935
4094328419618540
4099179192890660
4149478697201201
4170086033803793
4240255969961215
4301344598277285
4378847710628539
4399551990746480
4429444882099700
4446626753697516
4459600899727501
4495321714809381
4564726471283470
4566889985308430
4567747729233443
4682506338266662
4688533236430332
4834096018012587
4874071834912856
4875380664298324
4883931304200028
4900574528902218
4934253977284384
4975406529890431
5162083998688425
5222436000135325
5273287284317871
5274225968169072
5274363941955048
5277185577483134
5339591548515989
5434027320813808
5461267129132543
5591538209574494
5593065543083294
5682533430361623
5684484245294174
5695396388549726
5701305285393394
5735614071815653
5778875190151251
5794315143744866
5796214530175744
5876772427342091
5949687291518916
5959436902283189
5961108551856942
5975419820415566
6022469813340313
6026342174437628
6079623948156962
6079919478375674
6199665305072371
6207385744757652
6208227056963057
6315882007841612
6320860937518052
6407284629782491
6422024973395715
6422266771260945
6427277139335483
6456618014899933
6470939754309103
6475982710842065
6508243551906901
6523852570832142
6568823613594614
6572651809555814
6575671401354674
6585577617351896
6595655785402603
6620276055111618
6702567638063733
6702693222798855
6722948328354509
6745573318592034
6825529867584675
6915751233544759
6942479521426177
6954491529204823
6964404210803511
7037230648348449
7037247673253097
7037745430095285
7044265678743131
7077913363611244
7078078413987119
7079808398242253
7142083524389744
7195743257172803
7229463926978201
7300183952556480
7342208821889747
7367453885304184
7390419312565549
7411326479724411
7459188076861167
7546862147084495
7558903114084978
7570125631596312
7574025886138036
7577054278044580
7582981523824286
7585886488175750
7630958729475032
7721405579584613
7732777666820519
7777742600473673
7832800843215828
8040815901071312
8050446653328510
8077206390279386
8078154416830886
8141111571713158
8200254119414483
8257014652632873
8281653615448851
8281827289477953
8342910287700315
8393793156868030
8396300675085226
8413128260922498
8457360823970554
8589845842212920
8847723797657184
8882396889934741
8977447690418394
9073944201141016
9075411776646656
9081039486230021
9086112218910049
9114725257155649
9235795330046831
9285497729344161
9302179183686190
9424645377421390
9529699761744014
9547581740780342
9644180549671649
9696151986063799
9734134284143191
9748876753570851
9771788116728172
9847487147396858
9899299951636795
9941735199337340
10009291419011516
10054910237431912
10056785642684052
10150290259662567
10150779858130263
10307195281502882
10311354922210487
10312576950549655
10312881608476235
10350860582727195
10383114603470263
10400465390035423
10422724282291076
10431686084721248
10437642290710874
10437927941062777
10540722120380611
10618370466954707
10639405449664089
10679975048134240
10710453021976910
10746172985607034
10787705200165171
10807279398572812
10815693992212684
10824094025124812
10832816986715791
10856205256904070
10870659705479094
10963669347051033
10971439790980415
10979368597065407
10982012027357606
10988734460115524
11037609046784314
11133994768110441
11239241316298471
11265562441846216
11280143102838308
11294493376100800
11319915279021052
11395164071305646
11429612821085272
11453782275420611
11471325002172014
11477224420569058
11527473463282998
11565262585431699
11584370351213933
11602614871469352
11645063717462117
11700039354722159
11713186478565481
11844088418996001
11946430924764440
12028814240031608
12073742639341997
12132365510023772
12137180215962614
12157160731551274
12174439906490110
12201170946945775
12321768197199095
12341107424630262
12392120552067014
12413339652653489
12448909179472067
12554529134075319
12718950719641003
12722293473250255
12761830600936112
12828892365747004
12849881809611432
12927820971731408
12941888281172712
12949584277174880
12971949832532589
12980077134136899
12982634365878166
13003058089846162
13007826588115737
13028357958733713
13043438952820113
13052762782114065
13162610597171768
13198079448980816
13229200243728551
13233648770723496
13248866691295298
13249095730794818
13276663765128004
13387782475824026
13406889894935272
13425608887085995
13554649879597968
13569641914217106
13573139051225289
13576315837205897
13621858392172114
13661673330821623
13695706435010688
13707999588300148
13748464131043268
13836624603938814
13864859474558442
13933003736747045
13946454107655067
14008994348914532
14024869820736736
14042076314376362
14231044303549956
14284182130961798
14325887435212884
14353901426973744
14544504093794261
14549868399345011
14570312877805862
14768986745999719
14904328118508522
14953845119475976
14956548362680843
15021846328337571
15059637272578120
15146702251956704
15280525869873925
15287259131689272
15290052852729986
15390371418285606
15408098858520979
15415641444998595
15419994154277636
15448989078950407
15520192103673117
15564015466074492
15574916226895552
15575364616189342
15611710655986122
15769604549321576
15873023791714777
15988127829433534
15997949853178990
16031039712394650
16085221332431047
16159828389318482
16186009587212126
16201469951465928
16226995689125628
16242600741091261
16309000579204161
16349247319853387
16446045983994201
16463862218612988
16473942253530099
16531362517742325
16539978237106822
16565321065391176
16580487548498860
16580503748670286
16610195495029350
16649192481893650
16657475207978318
16660279072119514
16674929241224293
16680358761257143
16687956721175146
16785607651111530
16807934129529648
16811689593392438
16840806090123873
16923087716473499
16947435837884049
17101635569963967
17199979599833950
17200652656842280
17271948219848584
17346119545428440
17410125959759172
17417649193702482
17434288696954474
17437099510026107
17547493783541089
17580972652389539
17617459079237288
17736833271803642
17793658447304179
17818952669759318
17839245671511636
17951244365304758
18009884893208130
18144064586833773
18171271743068350
18189643709155572
18464079473792310
18464984964172182
18476680821016497
18570699834973643
18590761932639391
18637957683271469
18710426032881200
18732066319773774
18734929706556378
18754792609014587
18755876157930869
18850120885275051
18916533423014948
18966917854479848
19000479143746408
19028139251407853
19033446991182221
19116594996453333
19229261374203214
19235707885074025
19241466223824320
19242830480836235
19257569506148477
19296773809518114
19313116971340978
19320344989817568
19422031607919399
19433939461393417
19496448560864543
19515165988050380
19521658024853192
19521751042891620
19530712806513610
19559595742099191
19563336608130769
19625821155092476
19671310089044423
19677643206496386
19835294082892091
19852981508734715
19937832237998255
19938345942328832
19960877786462663
20006748605613235
20007308898790416
20010367985682114
20019823977380645
20070447361108814
20114429299132255
20148837889110408
20176933517108979
20201314858594570
20259234928177402
20272262581150767
20294633391021535
20363633214690827
20421262330566954
20448666939467864
20481145395617340
20486855485627012
20504681521322617
20528456231463925
20552335041848095
20568919488075905
20680829517633276
20726918290797420
20733141923009748
20738455517586128
20739286460498594
20753973206060865
20778925444551593
20795333039015774
20805473249302406
20809390723721527
20812034550033953
20813319429956904
20928895598496352
20995804625086663
21003284490088643
21016856945974480
21025857953780467
21053102201277319
21074556355512376
21163129104907011
21174392200111289
21258264872537552
21264215727044830
21313818900783828
21335547824175898
21395382564010699
21470297761673960
21476580744409693
21566850444530789
21612280770222917
21702197987590199
21772978011612849
21810408631536146
21872288230609365
21952136612661754
22026449649718325
22042109764439905
22063525160765659
22097303973401819
22098489049641803
22180517601655841
22196837890175021
22215786830425261
22252972991840099
22325811122942261
22339055869669011
22488720051192636
22489204760944054
22492006411764010
22537821382809517
22553316468918910
22570576084100334
22570614809941049
22618108756244943
22657286155788798
22701935505585834
22704016962184503
22754796756484001
22756260462342145
22782076513054510
22831322399638536
22844608562480496
22869761701161105
22892914849980159
22930314188988814
22932998411342608
22933875470293591
22944886614551509
23004616063152471
23092144454034697
23095022740261119
23117714421803863
23117796110745237
23160726535905517
23241124810742363
23332571339820858
23350741340112182
23371292442433760
23630762146023844
23686739051057021
23769739105964846
23773537326093325
23848239569151586
23949061380556860
23963191117845569
23988400751162557
24009357087073636
24092188002311005
24135553890585952
24157478434803070
24180610402149982
24213880042496955
24221197052959269
24312139019246320
24325748378008717
24326145427478090
24388912068836064
24486305896860154
24563214630452926
24572545949875750
24660767472485766
24669396027616160
24676397688173786
24689620631043198
24696836226529132
24706218519909007
24711891828187687
24764011947514752
24782442275662184
24835081272777482
24855554606718369
24856148919838160
24870136811743695
24870645913343507
24880197581571340
24926370273402996
24944651975170123
24995450776456729
25032889300355999
25106017898990435
25108613413177932
25113882809435941
25153560764683626
25200263874698986
25202635729636842
25236283048177624
25249002024264219
25294441350067556
25294723897436990
25319012059633546
25328390406526578
25374617826750762
25388562474006725
25391835293264285
25404840095553008
25457934600034038
25457949227278734
25527090551832657
25628889908851716
25653967781136588
25677303365417518
25707985932413726
25732147480705207
25817347432482226
25823005355320586
25889218996636472
25895907908547191
25915332840632871
25918123488578838
25947187951104994
25982045473967720
25982266027974739
26012431204956301
26015508453272534
26072640796279148
26073115918085560
26082999265249896
26090416895187252
26152316067668835
26169815246552111
26230233436889134
26331892582627464
26396044089993336
26415817978503732
26431135526230880
26457719800397657
26464759332023546
26558784505796231
26568460379947191
26590976169409629
26595863778309760
26632346448654394
26811375780269838
26811608476228830
26817561513451691
26824633640740715
26858766551229643
26875093077217415
26937650903571804
26939040461845844
26942351040062372
26979194246275614
26994557000722512
27046259241545388
27046353213549798
27049812588030297
27082858647619044
27087236712599159
27095770740042633
27096683216598877
27130839790301596
27199664566590804
27218366426279620
27231020873060778
27296839524825814
27305068839528604
27397911210847947
27407967867487949
27409032707938533
27450707160210807
27500423840585588
27506779126385231
27511246786930646
27586436444598085
27691827098730520
27704106679011416
27738076217622267
27805504097089264
27812057358688455
27877728400358061
27882740489986684
27974057570215472
27978530045285076
28006518963183220
28035293511470094
28157272863213707
28181277441949931
28221164161058502
28285070251225629
28296435933172439
28297237400211231
28409708340563633
28467954873372462
28502095923456447
28543834218030985
28557942588664459
28559348652815729
28565872743412613
28673208638884031
28704000754869851
28735581799182777
28736283251202337
28783363624693875
28856964525930095
28861339976536814
28877991582591368
28931588885808924
29075963151729981
29142362227109152
29175338482983693
29179903013629733
29181352259225693
29182577907105765
29310676307293115
29328383880208215
29383089679237860
29417492688224271
29433672137268663
29449491308971985
29459132473813887
29474033400776277
29501259502487349
29553151943308101
29580696994635595
29658334450741540
29679014347132549
29679061587388339
29696067361272784
29733821370826792
29739655423778932
29858872660050228
29875189209688311
29989114666618785
30054275245747994
30070169747398145
30078762086085260
30085233287820731
30154632588832659
30202871081362188
30340570785413665
30405163795776433
30409113434855723
30418430841093863
30431269564943248
30463742262473502
30465185435463651
30542276667808449
30554867551188105
30567556482314769
30578475173248907
30603410861207554
30603779707370916
30651105540208248
30800901868375798
30845305753176339
30847998450710249
30879666798144219
31025748807976775
31029477714728369
31117437356447188
31190077075687571
31194613083087211
31208726749807502
31228626972321956
31317939641248286
31334226808969309
31433091452188021
31488289909816709
31531160615593695
31536129861147292
31539691312209732
31591487975547859
31592858858656955
31631665074925108
31634024664589729
31661286334259229
31668268821808353
31681247758612235
31734585764517296
31741652690865306
31798112482426144
31901127947094243
31915312555520635
31952126155808478
31964102446925553
31969793612987918
31995833896431657
32004522070836006
32030371312907750
32055922110790694
32118103045051005
32126742752333712
32199868830688944
32205798568880165
32221725002833023
32252252844060621
32311540113188520
32357135684694544
32365947211466797
32412283279492563
32458667815954212
32467421817057774
32510722424210687
32537497991038475
32551270730800457
32565751317577931
32576476431568283
32634666909630523
32753116064120628
32754645036850047
32788937404947615
32791586282267955
32854730014296019
32886469969027425
32899907225984807
32903741264554721
32930944146281202
32994445050007273
32996767188158257
33058151507313654
33088660870955024
33103364231641148
33120605218763648
33123391982374160
33159513354592502
33185559611322382
33231104218687435
33232273476477277
33232328108040838
33245893321076768
33292158150962046
33296078570725916
33342861108996467
33358955649100779
33359119687217273
33360378507600873
33365445961756724
33365989154577150
33387471075791282
33475617121732306
33532488284232134
33692754070931114
33761032717364527
33774569949813849
33775686968082138
33777964113601842
34017402006782478
34022210084203842
34029637748443588
34127120050159130
34152438342925751
34245303431212090
34271374230371072
34390824208717336
34417740317206541
34427190043491085
34464446138019549
34487611165790475
34488971892788906
34601882085399569
34643472843763132
34688830992117147
34758628232242214
34773194945690566
34777396885837888
34804704896170004
34828453927944110
34908561415824672
34912839378726816
34930880469956191
34940385406440855
34967090935009593
34974089499162233
34974289751352507
35107431862549567
35142274747761283
35261718005892770
35284160567144662
35303737524368226
35311334354391916
35359039857992846
35369899967877710
35399221127103962
35399638893950530
35469494867461775
35473158598232858
35503608430431974
35544194819667315
35544263416628265
35554405028614705
35632466274931950
35687712521728930
35756209278637219
35774410778975128
35837135461333110
35837137318943470
35896150271168045
35910392485456691
35916736887682923
35934664525507205
36027464639140371
36159197892334165
36189901705552809
36229560333662408
36256323035323514
36260051798745454
36260736514319434
36269105230644383
36269713540806133
36304074975231768
36328740040041115
36383232597074644
36433984846088020
36467250837574726
36519057939189116
36545303518026323
36552768384148889
36554178539560609
36651306831927915
36699347881191950
36723209620280683
36740417014128965
36802179498913546
36802984327977046
36817591875607366
36823422328082530
36844326727180916
36858251205935193
36895883939854129
36900836031145585
36924496441316710
36967073161743140
36988539966678621
37011744212027526
37023903979218206
37065050680059396
37139257124360791
37144847208965467
37149185002737819
37158602505848129
37163080829167519
37194720225267819
37206804553750491
37263217183143901
37270235566807114
37309362825217909
37369709582295081
37373838387093217
37428825189539884
37435696678034828
37549326003761333
37556154593487413
37558846084114673
37560900571057223
37563117745444651
37580527887262831
37612496533276483
37665371524024147
37733186748420815
37761608600703298
37804985432327972
37840832883835486
37878962211685222
37922283814184352
37963273211816654
37968907249857334
37972232762683900
38022176183227444
38038574736698635
38041457456030855
38044462070432345
38099246142046989
38135162056068990
38203417097971655
38235997877999338
38251691868297758
38252212436889924
38259384154776600
38312270655386163
38314752806108288
38318990001340168
38335518429816154
38356571960219809
38395874971807448
38463320879296239
38466718415385104
38467552877938881
38489999507178481
38583443292040573
38613560231206210
38690575398771974
38954069845467194
38956882861880621
38962966090115621
39057221449219583
39101235433084180
39121663055149212
39125816796684754
39168040869621732
39174216497141637
39180405537977697
39199383156719415
39268050314574537
39268177093039907
39282647046077727
39286588447601809
39292128269647766
39316055592935030
39417531838227675
39424785754423547
39456407356303772
39464770504346268
39593964242159593
39637468332003946
39694808081397411
39807618877368480
39835445205732865
39878192789987299
40034995987498086
40042983429050358
40088402881383163
40095206317214023
40180172053871515
40260754277030759
40386344162271779
40404351795805050
40443949152532428
40500822097330823
40624091231404956
40710459330929057
40740230138509561
40768672772665686
40774492335975796
40780452153030148
40793191556796528
40847533120979062
40861626256344725
40861920887149949
40868545947978166
40872502678806064
40968714699911615
41057009145778336
41059018441615972
41181322027877297
41263738008676723
41390837521802700
41410757786088411
41496850170802845
41571287470194607
41600761530991143
41796935791178990
41801191293734063
41824000071781178
41895753232685066
41916682263177706
41963070946318423
41963825887047135
42181790606566161
42248857324627318
42256162346276398
42282056149021108
42301989798375921
42303246471863411
42351204615736819
42353333423797051
42462335895323589
42565793991161870
42641182482427423
42684410214491280
42703154880870354
42927161435279805
42991804499260846
43074151981960530
43171388186942643
43182332748634325
43244063456964846
43250902533081066
43254162589570893
43266399380250461
43276617230641041
43286833881897741
43333795450114270
43337990266966090
43472822623578800
43482654195178348
43485752051734376
43485874284315843
43486297279430637
43543268735373681
43548439104998815
43549035573164155
43619590203723719
43645855715488087
43667456139280514
43737893861893502
43762737062317265
43799272205972851
43870987025998057
43907024181425695
43965192201704808
44011114413443615
44089000253228029
44155266240774082
44201918568159405
44220260626265472
44222096428515876
44246878563233670
44331460475253120
44339613703600968
44373420194024919
44382509367347432
44427946632385146
44455897726254918
44457290155232326
44499933016602085
44500865221713397
44524799394923792
44524835891017510
44573141785764600
44576150186148206
44586721001943158
44587820420158886
44654913142669976
44725093032516528
44876055967239961
44889987851354511
44933185118797563
45097320672009074
45110678184441593
45113693079037603
45137358552327726
45140203583616882
45280865790927205
45292193039909000
45296548103020058
45304267021913473
45305377063689541
45347337847898342
45350961632689087
45454907061754612
45562094217306911
45588196923910726
45656497072913801
45756047038384907
45803335398035405
45836416802572505
45900274887066547
45970090748464519
45981514390626604
45985881842706340
46056445224489358
46062819461343321
46100664515464519
46117870108744009
46214158365295313
46255030365191571
46299806023464111
46324877951503638
46346976165079538
46350904874569118
46370459745389482
46374269423291607
46435217353720636
46481626906174260
46482499303150821
46554147612345371
46716968053250650
46740973369907562
46818196047947202
46819220360943258
46897384651964352
46903303291735572
46936406252493597
46952311659761772
46953836426848472
46964109226702082
46969695577091380
46988440510445550
47068066513381091
47111396658778593
47144787305187053
47208326225557716
47241701612672774
47277801752411273
47277841882826561
47309138348361007
47309444867524945
47335311173514432
47530481343382981
47551026997850233
47556433213571174
47638846236368929
47646507720897337
47647858090640545
47758585862064374
47773316245096622
47784898008000533
47834409756052133
47971761924116877
47981527428347098
47987172907784858
47987183727094106
48044846221963348
48109042872962465
48165364284309016
48167063241473376
48189939146688133
48201231081231169
48287450093967229
48319290425566716
48390720802432758
48390796157543058
48410756090234439
48411649937932581
48455590983350446
48458834856228510
48476783908207178
48487499278689900
48489657283267934
48491452616679272
48539222393668274
48584539926919607
48604782010066902
48604879977285519
48607049666020902
48613311767356538
48662881158989210
48718884525167414
48775667931586428
48794349220219236
48834078052773785
48908468508673187
48936345288218021
49023387861781689
49036167183040155
49048035328393601
49108740700310593
49109749304600293
49130708861329908
49134703252460972
49141535968917239
49196575046191974
49217017063618899
49261924013866083
49298254845974563
49363799658661077
49373124981381906
49407577076432876
49437030556500980
49438476617743118
49539911260184637
49730097918453640
49748110640227252
49794009239007487
49799246523543247
49802183385792655
49812587017994370
49841240382422026
49891527901139101
49920368900224954
50033256099140813
50033605219108701
50077160448024998
50089879415214881
50089891790868059
50108962913324772
50111508733613366
50131960282301846
50134314054920351
50172264604773083
50191046572456286
50194925138586347
50218020009996261
50233448144700089
50433243701684138
50474342613079658
50503395973444834
50565597144992880
50568056248881655
50660842418174635
50663225182680219
50666167579648527
50722642408404033
50805084321689527
50909845243977907
51000833019996820
51019672020813222
51159427302007405
51219469697730490
51241171855095586
51253844834502936
51274469236382230
51279654718892110
51370170322181611
51392017398183309
51418432314942684
51449904173521174
51476059967031760
51492008470126157
51612890476092439
51629908240170715
51700300134130133
51718839327653463
51721541465750922
51743337470779759
51787848819148323
51794174134075293
51794612349484410
51815655987549655
51815673679295411
51912532882956310
51916889494138418
51929415488563630
51936185529979840
51953786817867258
52079305693631743
52169028220908928
52170890042913680
52180032840102696
52263155546860494
52347986156204955
52355285835730745
52355926435427945
52531170027110730
52532154074462761
52555453966515142
52569222792824842
52608531568761383
52640917167021434
52651334155021249
52665969316671349
52758097675303218
52802699877190630
52952888744547047
53024514841488466
53045350735990712
53060886461408870
53099403586719320
53111228871901459
53130276389936632
53143222809701041
53172576414572093
53174150366626093
53231188019890824
53232766230297874
53287441565116678
53289298297143013
53309757844171762
53337777788002370
53401483828132221
53433118949291294
53462552612607599
53470156510789331
53488546282304299
53496534325688982
53518494328867916
53521218786123339
53525400692589702
53541449659642347
53565716045669739
53597421966121683
53652439398259977
53672283396309172
53673483683449662
53684198464436544
53691717730074046
53696906815021261
53748734205751481
53790114174267783
53796426047941735
53824123644013326
53846354446241458
53858885323701549
53900603713680488
54012042626435293
54058353451702764
54086947138874873
54169814309157688
54207334862806167
54223399825277901
54228311542597561
54230916052068943
54273758509525182
54312350586142762
54350324714158062
54362649097407380
54438636255312745
54537272371604136
54572031683061039
54589145501052829
54602584124659765
54607345751024197
54660097768846011
54731582090958812
54771554660650412
54771554825077996
54872410832967301
54876894814486591
54882619476140215
54934735672381980
55016658764642365
55038852699898804
55045129847566345
55076445665818469
55087433667517466
55090536302218233
55106843283798673
55120236151935924
55136502853432144
55145336527217155
55210133217432161
55234167200040181
55259930150371960
55440504022530754
55491562583778872
55596364821678043
55601372955848323
55613284805280565
55650979880394264
55682030263777311
55684740456440511
55781515057727842
55861026311819150
55864838256844100
55891616263377290
55904129711207350
55912841691936192
55918713405966566
55960746988443503
55974740427590244
56007532473852112
56014282492223712
56029528671252570
56036921122043595
56099301340798303
56174432083602365
56203326577563239
56283539126206153
56297104795519503
56369595576004909
56419441692632287
56467999184092685
56490059228074689
56542624303683656
56552530259400896
56553032002305251
56554192298681121
56574751523612561
56580857861154998
56585193618324301
56617768800288969
56618098382120175
56651920065227220
56677842273554311
56697015622060585
56799685906461636
56808640162452148
56928290417558002
56958515780011992
56986882441393366
57004912819562812
57007726387807768
57014844073736417
57098979476526473
57166893059384316
57201822668073986
57231961588523221
57260780638124081
57289669647341807
57324795465374493
57367474909494143
57397221119657412
57437345923473572
57499715884970682
57502289809310065
57504643925003846
57504785125332176
57557938789587318
57573331598598868
57603397937454029
57773886752680078
57824132838571836
57922705638369795
57933539582338949
58010883705398279
58012046096361479
58012119910462254
58037226068305651
58062013227512318
58146612301377013
58178836023400485
58203543369310883
58206935159830517
58262531343569820
58361109767720573
58362784276422653
58380052020102009
58387975553032607
58436697177990123
58560871145649661
58621170775040452
58650319240676882
58843935850940828
58860141465396340
58881084341264121
58904367837121485
58918836797916105
58974637759458123
59026976929839120
59079186151000631
59082533002347831
59163291691820996
59238778269761486
59242208643609534
59319908254374655
59374602705146493
59375190064279021
59386841935521746
59453847758863895
59501235129148142
59518043140888678
59533284647786148
59534289241426953
59668016365275383
59670733804152887
59671250156951431
59692237307225529
59774333939084523
59995428302892578
60031760732214507
60107494596127703
60220248803629718
60269333518509188
60320105456849472
60325899161145401
60348384674046834
60365045920935084
60426609029399076
60542373205110714
60585485478868809
60647126242201232
60723956073489494
60764672890990340
60793818653253916
60839742954491346
60892156170843082
60911051691679797
60963542935191665
61003931068265948
61021129719060350
61080379008616216
61205455360731354
61346852803335829
61364251683729877
61365312944102119
61399963943185247
61543282840308227
61559220251202758
61584275267587400
61623299342721750
61660058593263644
61686453966990217
61757819927805749
61764080676684237
61766506628070732
61800639667304270
61834726053652215
61889504020514623
61897724489294266
61913603010980053
61915081180823116
61928006545199783
61991978720145349
62038011965488142
62087819225439904
62091911763060009
62119579849702101
62205991514247699
62211850726646893
62260588847905644
62264102890752708
62285253470164203
62312804394166947
62319459648536655
62323071079558593
62341960182402749
62348349086485324
62402916801909644
62403161819741382
62454245573022738
62566087792622260
62665910537064722
62666792090716526
62671657927087621
62686649931173933
62687253856416113
62715170255973922
62735760200236179
62736132384721995
62794267897896137
62817784574529140
62832439883350082
62891457509900873
62989377173324504
63038208131112959
63096245649359849
63145128781907726
63231009466004826
63242136949701707
63244670574793954
63346069560847624
63361501780210236
63498383763218494
63515924653446578
63529989497233494
63537895439682722
63551925713454662
63590029471767576
63658708061794907
63663220907007475
63680471533478535
63850174739837837
63865985469706443
63888842056152955
63906615107594642
63948455952984264
63948551597068662
63972165174338147
63990264353564189
64008286383023095
64026938682212330
64078498512409195
64106868974497816
64110558229289416
64118156253358368
64180705642706589
64206263932861139
64263602604498126
64274976922646321
64304498300175245
64325801093320659
64384729493043423
64389119508125512
64403058108438530
64406256859112190
64417802921947502
64481842248065311
64549767243888539
64666944814281434
64721638875391655
64734451307034311
64734527343685844
64763013611042804
64779181998082614
64804254741657427
64849797829877191
64849989057326463
64850773724860638
64937677145855464
64952594365958012
65040528494623569
65098232239790506
65152157632628977
65188325630407472
65248305585861872
65331060204733930
65345037167188385
65475344126734011
65489006409081343
65545745318379415
65649681606741875
65653226034583626
65703816993926521
65747433087453920
65774644500158552
65865107597916179
65866849904126691
65875856325642216
65974216054812018
66020571608478809
66131571204103670
66134353094693582
66167007126305296
66195013685205226
66203314010647636
66242729930613321
66256222714830527
66274968037035381
66300528452135197
66340247293814085
66341552493661863
66341650639450413
66417035548609596
66427772141273272
66434907964894724
66484466852685934
66492633068930302
66512844897182167
66532660154262637
66605066979767992
66609442625885322
66635691601991107
66692606625144238
66708611096562203
66723299953211012
66727843330848447
66777730995223932
66815574282258072
66862450490585150
66879430040811357
66888285772166135
66909942789781531
66950374386299881
67162129419729203
67170267215621467
67288637455057080
67332716932524180
67496041838674441
67511944374641933
67518468991195283
67538856215910633
67559241129878733
67573717835044329
67661849011118354
67700490318687877
67702185026618541
67764956483053367
67807801694802486
67891838476345794
68064256425275820
68091043194287610
68110914193259208
68119964963706984
68128961241917416
68162207325886492
68164474096000771
68169484606994521
68204497988652099
68210792242816103
68260836759491490
68264356057542423
68299879030514685
68355902267099458
68356785534478420
68378441057895280
68429175543845775
68477983667236031
68499940304662166
68500978036582665
68528667392860668
68610784947802550
68641377506806861
68672189924256759
68675743948804629
68811794137263544
68852511799724913
68852929703114353
68866049577139061
68873863232292185
68907427117699459
68907830886360841
68962314621642443
69051624165252753
69062896990927840
69062976203689776
69062981405288318
69113043093722528
69128442779795691
69128967275586921
69153308403190044
69156830214197052
69180002661791400
69190256723742330
69226875891240496
69284138259527253
69291593873102313
69323493023984821
69327323565798781
69382097574976564
69384238000954504
69401493443155561
69408846556403873
69450875274050876
69495540579418771
69548813499008573
69606095097906629
69609251209473285
69614470179769997
69654285366208385
69657242499768480
69664978356671490
69670397597707128
69835741835087317
69862554940457781
69919659685549227
69926170917021711
69926944368302586
69957392698002518
69960526798481248
69970043616807783
69980531862055351
69990763774547341
70008378911468877
70144434207798700
70237652089750350
70250328216232834
70314843886926973
70356584569062778
70364985876181948
70367829307661028
70398019034372598
70445422710410426
70544938765194588
70561125361890997
70661007731918361
70691831314385289
70780971213344445
70814683429340292
70825029217783697
70898234458168811
70904904355311601
70924210547700689
71000352385252636
71011167276256168
71021273878120772
71041311865482523
71060884778075043
71069540143288607
71074218047221980
71095161505815012
71151552265759846
71183673850535724
71210814551993959
71249361815509951
71252468726336978
71278074113341746
71303283442795782
71391172333743637
71428029507280813
71513809448338237
71563217060363847
71576514738234787
71603935992303466
71604395626380986
71640543831897423
71653521111138326
71663470142764784
71666680883587191
71682010269951570
71719746069433424
71728200752918274
71774416476348487
71779887887989567
71792614549517791
71817053948328297
71818963860119785
71827647975000765
71874930924770945
71912573959189613
71967031521673643
72035827436384070
72052808854225146
72054530427313142
72186934981314481
72199550673753605
72199585082125522
72294443840655600
72303776501895279
72307985917640537
72325660840653465
72423131588152447
72463900256378452
72513432166417577
72543465101080928
72546514969693544
72551356565505536
72574736955463136
72578812372770734
72583537266698114
72635358398197206
72636875705436998
72663898272140318
72670490101088988
72680057523116078
72768382125917203
72803270000312211
72804791978301129
72807162488591977
72837755989422744
72962658109764621
73004774423250007
73006116588975899
73041630726855555
73054318186455825
73055267134982364
73061384778799194
73090226802081233
73090321601927033
73117490284978948
73222213047747890
73260230012738298
73264908631269838
73291407216489213
73379174699055975
73422365266013318
73453530667671098
73456059650877821
73456251485125656
73493297050780797
73600964832788709
73601538269112657
73753261475197835
73757850846638577
73759177977089935
73782371699316958
73782573767736846
73797054914053436
73807517033939498
73826528600362758
73833443980684018
73890132303979068
73894287797119932
73908851983627385
73919348881086414
74078901934159531
74083088477158036
74106937538655516
74138984348397482
74145760171339520
74207764896387663
74285944145628840
74286229027344600
74296377959999357
74332372629878941
74399054690918560
74403334241835281
74417349597692881
74453828333655169
74497211367534529
74513701129600858
74524623361475467
74573684799820237
74576323682441677
74653539796147108
74705519703440120
74738534937455266
74783568804897094
74838642281754246
74860922274960619
74899884584197953
74914453821929179
74914664356341979
74914928025649309
75034277572955422
75105017309319074
75143990530231940
75223677445882801
75234459177243949
75238511954041291
75268390194296759
75297333316530499
75338229631230433
75342897999562894
75351820795448158
75368904974617684
75388319389367816
75465817148474128
75467374315882006
75480849526944137
75483660282755585
75483965556905857
75484804883927116
75487687132159178
75488303123581202
75560189658487767
75825768714541112
75829457518376164
75839869514966614
75846817953073290
75869796545381292
75874595922268399
75905588967554492
75928267473087954
75959940753757109
76009730284615624
76029963216811624
76106181906794109
76145237876120787
76174685814847281
76208527787339046
76209475587759348
76240766454202161
76251047661361977
76279002299611923
76462923678969201
76521249262715644
76565375509155973
76764687487547978
76855803655019919
76914920164146966
76940693332911440
77061986460959126
77116047414672102
77116128868629222
77169944957950364
77201665654756480
77216262284413000
77384327793141628
77384393178157282
77505228374181429
77510710864972641
77582947534496324
77595458344892396
77607740929708842
77696137333441320
77888940588620175
77903485837921319
77959249750227652
77987532216660843
77988618812470791
78188081320025249
78214225085759926
78274358303383254
78293320269853128
78343804564449413
78358911278073173
78370227232813147
78474015750687699
78474699740202699
78485658677558295
78491555752765505
78501584536252961
78539420359923883
78576356064924984
78576707626079916
78590142857698653
78642236965440355
78671066055811609
78692495097723055
78878541388480568
78900559620659529
78980534480137081
78983131788326249
78983474198574149
79003994303145348
79017733541059901
79020383976076041
79029304659056634
79147361905333465
79338546699874949
79341243865209817
79391072940221712
79391654262661662
79409765221133694
79419657393894654
79494239694317999
79644516718809047
79646439692108135
79647987144074865
79672961455656819
79680167072136615
79717680855450744
79721624813703908
79787029416940530
79805776575292016
79848626266552856
79850789448295680
79862870632689696
79949111519305400
79977785594637981
79997098758240977
80026396883818175
80042130558251317
80044801740832879
80049273978206359
80123152839214841
80147115945053763
80205112041691695
80260869993077478
80306511762173824
80416483416217870
80535487465164196
80579893435556652
80599145835472815
80608747480964579
80609767250230435
80677076228929679
80679786787060511
80738276182302293
80791527653460390
80806416066629782
80865956028500752
80916607486429799
80919237946148055
80939814856777307
81006152515660546
81016277174315231
81025372716052535
81035218302188011
81068932874416810
81093786860994940
81117888069596348
81196854293906878
81222192685996178
81224738061736163
81250067948813088
81296848466423756
81351595271082589
81442857577780703
81444660561678303
81448617517861349
81524072131049403
81525784288895643
81585876043058922
81620153817503765
81704023222883796
81707910331170713
81880857566430848
81944465584896313
81959485803799640
81974153698050065
81991830532185755
81999360392101382
82052000323407540
82061685047455508
82088416070633064
82128045553379996
82133314728605956
82176274597183879
82278115662882792
82365013897612072
82429993156296608
82447643952864608
82562569567229897
82575455369988067
82637990402378049
82639309639837968
82647902685384676
82661712711617610
82662885066644591
82721829842199646
82736455012968226
82739672593347866
82746557513428992
82748213048046022
82781839123738537
82824134038103494
82828343065651271
82836403395636949
82886752371156263
82891274812773838
82994081463623160
82994864517412085
83062599927697653
83087224576072917
83087808489382785
83091003296292840
83119559023552702
83143536686030894
83172351549258833
83195935188780065
83261063900507012
83262903287068768
83277334311638194
83355517287146561
83358676765124309
83413877323423447
83472482767019301
83640292982328970
83721755716781230
83721822326873711
83777923577437192
83806231232368292
83816185964634641
83817384182234255
83872850736561634
83886188218312422
84032030420158645
84088872373931848
84160019472830009
84162538720630409
84268149380556214
84269727029273134
84309323799402422
84312988415351475
84336168858993373
84337117444132208
84347069196117296
84349354497135468
84361024288049658
84373237386698759
84454293436238899
84459806061142225
84460303713789277
84471256556508631
84482613115168458
84592671066470115
84601352649379842
84673064039232453
84676963821407337
84703473323905649
84722756579034254
84737574892111280
84775949583123786
84778194979043021
84796064191047834
84802401912489772
84803133802266676
84871767211149681
84955770194959301
85008744067307496
85049849835155992
85109534318802983
85188726577776019
85204131565135641
85241669222616732
85246720803941252
85258573700209896
85357731163448590
85357950935773889
85386945774768969
85423750001102745
85442945186400345
85473056900773423
85542991991124921
85576318599740858
85576544890337761
85597155907774056
85624554694222319
85630671157919687
85678842168438339
85680851462465048
85753021204881191
85775362957468953
85778650075715378
85780300915608435
85830914962671754
85831495302076087
85872949180476948
85887402361299458
85909122032490871
85914168483098871
85923298729290258
85988429636320228
86035503982728702
86080655156446369
86096055839374861
86098848933608867
86109968409790967
86118498728787073
86123910272680404
86185069143220117
86257218742600502
86268650411237062
86309562820642643
86315179767910397
86464725073414718
86522975311797542
86587541263541998
86592618744188270
86817947153884609
86980062466911991
87003091858610647
87033400069602211
87040403119878555
87082102458772272
87132653231311312
87135388798165930
87140702836286563
87140705062750075
87204910607223154
87219383468414960
87310946935371606
87317340757713543
87407494909131012
87471267404586521
87471272127917105
87512708245996201
87527106995988690
87527537960069074
87582821601553906
87615503723443489
87632507197674791
87639152838568562
87693034774729553
87739932695745716
87805447218248205
87961373346298667
88012352711919886
88079003970687887
88094794288944751
88103949863976775
88120284448282684
88122318126488214
88155049406237088
88166453749260288
88392821364278211
88403523311203011
88508133866105838
88529873288044071
88553876307691824
88587416328127570
88612443636889956
88614184716959508
88703441313759079
88730458652784360
88731210239005512
88810289502969414
88822090754556525
88822887353865066
88824015594350220
88887872251386472
88888449301966200
88897109624126943
88963445672751961
88967305059675836
88971814777385798
89118576525514662
89137436679459733
89137977277329523
89246198398281336
89294611333441960
89307525148528575
89331108101220423
89342026163769804
89347519988986596
89348512455676980
89359046996582220
89388473322555990
89400471258321820
89407386056574329
89544837496770949
89575754998391956
89799719178955621
89800431396175637
89804891398731577
89843015072561213
89892455184784025
89913471344771225
89937653165413477
90019307382649332
90066815818806507
90084373636678320
90085026418750702
90089281305359488
90101980448382775
90110454200939335
90297765288366515
90403064318399912
90414988704051563
90510554518966070
90511228250438757
90549600306859841
90589480200297382
90620371671042622
90623396692430800
90644973509218300
90656906225138838
90702797297135379
90705627377852360
90788055587583219
90788117152696323
90820834890963071
90866666052530487
90894298630262369
90895878555253745
90920672138474567
90943288637357383
90964270915631015
90976934763225956
91011705330001489
91013682675872193
91041910533003516
91045777351891707
91047651318129147
91060998226660769
91118008534059469
91124419298102629
91124814287355645
91133761833250020
91137838676665378
91141890597879580
91156873846540366
91185571084511668
91193630979203087
91212456638046551
91271340642189824
91304585085079360
91343993230380518
91344458802887735
91460273060940460
91595627273561889
91607780233408705
91612567485142165
91649156955445915
91691805166878379
91775822105135022
91777218447815967
91778755411878877
91872147504338245
91889852306565025
91901877732656881
91960079070881888
92030901224573135
92041428239571765
92082812821665891
92167812821020800
92247380822329549
92266376908171831
92317670845744189
92335442873239824
92349811980380850
92378241430324786
92465538563135691
92466128354112141
92482113533621296
92566170724094582
92611779943188002
92672282693210769
92733995302939682
92746958520645183
92775884276668288
92788873620128698
92899325214581456
92926481244120884
92928460260672804
92948728605489873
92955674691320231
92963012230957605
92976460936778101
92977231850001181
92982551346815587
92995783789810390
92998832124437190
93031418948074102
93056193997475708
93089517404536611
93090408408161547
93091525523696547
93093659116875999
93117232976033465
93117411995882329
93124862890167163
93150775352265172
93167567366313431
93170693916447063
93170801843738633
93181430372457302
93188789258440742
93204655783585298
93223750476193268
93250691687062622

