100
8 128 4 256 1 8 4 2 1 4 32 512 2 256 256 16 8 64 1 256 16 32 16 256 64 64 256 256 256 128 16 2 4 128 512 64 4 512 8 256 1 256 1 32 4 8 32 64 1 64 512 128 256 2 1 4 256 64 256 64 256 16 512 1 8 8 16 64 16 256 1 512 16 8 256 256 256 4 8 2 8 128 4 1 1024 64 16 1 4 2 1 512 64 128 4 8 512 128 1024 2
100
2
1 29 37 4
2
1 64 96 1024
2
1 75 82 128
2
1 46 70 512
1 49 88 2
1 88 97 1024
2
1 4 57 512
2
1 98 99 2
1 59 81 256
1 43 86 1
2
1 17 90 4
2
1 92 99 8
2
1 4 68 16
1 37 70 1
1 42 82 256
1 29 66 2
1 59 82 64
2
1 86 96 2
2
1 86 86 1
1 36 40 16
2
1 69 99 512
2
1 59 80 8
1 45 92 1
1 57 89 8
2
1 23 52 2
2
1 23 63 1
2
1 5 59 8
2
1 25 30 512
2
1 52 84 64
2
1 44 80 1
1 61 87 4
2
1 70 86 256
1 35 87 128
2
1 91 98 64
2
1 31 76 256
1 34 36 1024
1 34 83 4
2
1 63 64 4
2
1 29 48 2
2
1 23 31 2
2
1 4 11 16
1 68 98 1024
1 46 84 128
1 44 64 64
2
1 11 40 128
2
1 56 83 512
2
1 20 26 32
2
1 9 89 512
2
1 19 99 2
1 62 76 32
1 99 99 16
1 96 97 1024
2
1 63 85 1
1 4 51 8
1 28 78 128
2
1 77 87 128
2
1 76 95 1
1 72 95 128
1 12 13 2
1 24 59 8
2
1 92 100 256
2
1 72 84 2
2
1 31 40 32
