49878115489779
90402875365613
110304299073350
114716748621494
156705596267228
166518912417989
184676142788825
187126945266649
325102773676666
328887505993478
339555623542534
344426972026274
378589233261379
421581092504226
458105322232883
577882450357148
642675002707237
744497554650175
759917972640423
761393374422354
783496195808132
807824810505277
810871134093117
848890774549508
849076189567748
853042216761191
891099019728540
933276193489617
949042680028167
978748527923811
1001901117475434
1081322589594578
1094528040739058
1094989941546962
1155668174658245
1256599746778163
1277734522699998
1312338981787469
1320488865493769
1390687974866938
1426154197457892
1427081594086383
1427200833666609
1436249099586433
1438012424119759
1471180461127222
1482030898855582
1573136798157006
1580274868581126
1586450011231968
1613153277510290
1621079480144178
1653130960844612
1666287610374332
1678605813827138
1679846168179928
1689889335433814
1691500602904540
1692672675798740
1807814486244528
1985459663791480
1985659752371218
1989505565288314
2057222702283253
2059144446119382
2068836757143746
2069632022611418
2101242617479628
2107111955843228
2145676414898320
2176795750491232
2364372871574281
2381994179310859
2430238560979012
2436630804808737
2437036193567031
2458263712848953
2559653756769406
2561321699068918
2568714611172318
2571431711295055
2578689477711211
2679825266020847
2718901694629620
2776043333338654
2836459810443746
2990517498930039
3003553670481114
3025152543820506
3026506302205880
3136404720161805
3162120210548362
3171325735493752
3357116222514263
3372493454459064
3438121824160135
3442105429139806
3461379517033006
3486730926511339
3564080318437517
3580203744942309
3636431643555199
3643012114881115
3658556947421671
3726048545768267
3815742968845331
3827564649245003
3844867847443680
3930994537145842
4039619204880811
4059195121138775
4063228169113787
4107980659001127
4108784697269127
4141836346572503
4227178284969815
4279184997327366
4517046134083516
4558215443257414
4594246296165499
4687962434018818
4833416085119618
4859185544225132
4891638054665530
4940432274004994
5136017126977621
5138133350799809
5184248502538156
5186419175616340
5292751603081250
5354142668536152
5425656642216663
5437009870974978
5497987452507408
5498847789083089
5686779285626919
5876840859833243
5879181956836043
6180003024814799
6181026549164444
6195209112220357
6200551367264917
6217148714740820
6220268942430880
6304287611596795
6428353206534283
6613726021393585
6743918876016654
6802043948949358
6820353009075439
6868208341401014
6872880140966052
6933160573265264
6935583673657648
6959360994826576
7090012771630012
7181733186678145
7184898897616731
7274058724537293
7321757626369786
7402006910165459
7407465296998787
7425763091773725
7533739115834287
7618581748118428
7666962521229727
7674969365164095
7680313539761094
7785465266609817
7816995948977606
7827652076493238
7834100819534375
7840333090755409
7865088617473725
7890491136738749
7938607416283500
7962675535934312
8036946102349596
8039465733828144
8133928025614852
8148272522089119
8158519834199669
8288337016732292
8298410067207913
8346169602415997
8349614839781047
8356973759896223
8375378977289083
8459908753093038
8518992694111198
8545412484382045
8686782912013011
8699186162081286
8699955431543940
8765898845049104
8768623459798544
8779625104925429
8814061480638928
8893195333623894
9101240827526872
9111250896207890
9111567774066654
9112050603558799
9196736530866974
9226400940687952
9248017077201909
9256399251536411
9349994465935607
9350044706269975
9447556997463024
9517637780469795
9547849104841998
9563970978829046
9583452440195155
9665325532365317
9705867109113293
9708132838797368
9741366226972608
9745789671174732
9869745113146767
9893153390031827
9895722177757147
9953878646867243
10026350760069821
10156736028380803
10172684628745759
10232912196875528
10254520254383400
10272264647536312
10282571702567524
10293686092533838
10294747808755317
10483084594038188
10728194388955823
10730219599847423
10730300901437397
10746599922143643
10781271343612672
10796912225441740
10839385922275726
10938257038500995
10942521551825091
10996859616271327
11043807791780188
11229003699238879
11291944895219925
11322361939979369
11400380367304506
11418099646328178
11483896489185974
11504538171889924
11506124829726762
11555133621654824
11607865785302862
11615513665789184
11631297726186704
11654784126111552
11667215161115604
11671815766247214
11708955463331688
11737262023071368
11739901062795616
11804657397122752
11984290484684418
12016901757640886
12095117603159390
12146667104869764
12164016544053246
12169503674137974
12180612025484974
12203828136313754
12280192503392331
12507421176245266
12507423022605432
12565771551576335
12641359292884895
12651382216789695
12658271752681904
12685996284580757
12711987449680226
12715747300151598
12837334598274613
12873444400921239
12912363826606269
13045333100997109
13047076716284011
13065239006152123
13115493362365377
13149998372463673
13193630067292273
13193707927792456
13200616298537482
13205930971789810
13246053855615900
13276965670791891
13531684008472409
13733418706174067
13768499626635050
13780426494376118
13833322300119261
13833409342221903
13834089776648055
13834765885601679
13839284433937334
13848996081819807
13851827023012931
13855054247017481
13862517110752677
13886224254200367
13908075673731711
13910701221192818
13911227330886807
13912060319106105
13954646590132914
14031969018456985
14032053127512157
14087192718549625
14093130192330389
14096587214316455
14167613692816738
14239347216156748
14253265043694726
14321807589310483
14323797926002274
14389805771190681
14434824920212183
14482804411201648
14506390168424966
14509259975752262
14548700555199505
14670358285341979
14691766990143130
14711872760610774
14775877556563850
14817045058553386
14837055703023776
14855974756702608
14867078309960294
14872889208842727
14921828550335503
14971430788261549
15077313527819484
15097417930284522
15112127764403869
15118167675361217
15120348667730807
15164927327298961
15193911273837215
15221648147182359
15241586037330051
15269196479232377
15287082973626200
15293304866302475
15321816742969723
15402982872327721
15421974049929860
15444806298650896
15479279350114277
15501790814558015
15545203564509303
15656478585103516
15674701530088084
15686642424796726
15724950506208700
15749538589695898
15749740648859534
15785724540778296
15793261998335771
15793285643194541
15843062277536003
15845572123292883
15851235852889359
15909605339706601
16032992381311232
16050614679187631
16104731596538157
16108806552300334
16151847011584006
16164923460383235
16217815203986502
16217981864425674
16223191458801926
16228450208455070
16260260322114590
16301769065509658
16315304605074328
16334557473847287
16352660165090620
16353589527953466
16360020226510408
16373959024824234
16415870037955597
16491525416619073
16546370202859633
16629018230037162
16647296464967666
16761230033703617
16771268882003927
16773325563102902
16792126792212085
16813212555862946
16829217495551048
16840913702562902
16850802626823864
16899377609585633
16936025487093893
16995729844094291
16996242045831407
17044044723957890
17083766361038981
17134971719200571
17174788145073898
17176812762714832
17207471030314681
17264989468848065
17340602511413217
17362139125156662
17413400914549436
17418367943912033
17418932888435105
17421754428929813
17574619817286209
17669994217042259
17711235066686523
17717807506318581
17740786457374863
17746190176119060
17787517384001766
17816428142070547
17841988072274234
17863732880554141
17904079466930471
17955230088750748
17958342508085122
18056058326995357
18118949647108180
18139641850322490
18140907595643898
18156598404422118
18164692165096977
18241198531780139
18283595268619852
18309821943508013
18356540394843449
18402535273064650
18443167835045246
18474150362407874
18481945444187113
18487316609328167
18547510599158015
18547756977815063
18576473461801775
18587190591650384
18589012136599834
18640207281348157
18659914856134044
18722953990853383
18760166646572194
18761629599732589
18806795854519154
18811459698971990
18812634768741640
18870545875291609
18892891463328616
18904219416783988
18907398997661086
18911735374014459
18984590774494505
19013894664125733
19099598004783214
19101409816046996
19126400826879682
19133271824795170
19185210182608902
19248133753254136
19294747404002910
19326441150020040
19402150519367146
19412385604091839
19581261004458021
19597376120035890
19611186261306290
19656880518728469
19673881000477277
19688065893858614
19697019241327430
19717907755189269
19775090103497901
19807361080883463
19878789456471215
19912611001404956
19940646150818801
20052055860426121
20072665369483146
20096976923193774
20130907445462382
20133911005322196
20155802623434588
20167614503420792
20171378033341520
20285760283262764
20291435103537542
20373559993304355
20410466605940947
20419354308269499
20459617233194389
20465555821581029
20465650651883072
20468487076535718
20500933704183386
20504120439572114
20586895806958314
20611787374454967
20645626071083742
20775007118563905
20860153779198843
20903256458939003
20927502319108230
21018640599832882
21045599865816734
21076347551975358
21093998981995387
21220910379829456
21244282851759270
21254342344413481
21356742741062692
21413016875603761
21468025520346689
21479030033676221
21498927191950045
21499472107274257
21509365276795899
21526546529904096
21548900114755476
21575127064887841
21633787304424961
21644476126144121
21677804049453897
21682665746030292
21710697148062852
21910399194536003
21941959034735825
22061087569805706
22089741365520011
22128256323584940
22146598587072296
22153470174457016
22190141037052039
22202766831673777
22228479675745337
22258017641542593
22283680348726490
22354500534463298
22379633420448813
22396782622887329
22474216411541617
22486860972155407
22493066516453491
22569411744876156
22573169046139855
22573272314274039
22640424243658334
22655442073817052
22660551132765534
22768058502958317
22795347758551127
22851329801383001
22890749954155728
22949894992935548
22994431871918073
23016192556338753
23037162376317733
23081497888091429
23151171851100993
23213491164167581
23214355655985617
23268470235909614
23287252264316128
23289212376335134
23301007320662839
23448958730809935
23506992273353282
23557842903574023
23570491826970963
23614647399186092
23623807030148204
23628930412170472
23632856740260094
23634176864010192
23637632561335272
23648116721970882
23669860006275432
23764030521971295
23804317735702139
23863119946457339
23928826061724425
23953896608265336
24018202654104633
24025775998979002
24038620194022392
24056645866357039
24098715460935655
24117298030466197
24117308710624501
24135612893982391
24180948340435677
24192005949725621
24200351941733735
24200510438367551
24236280065368431
24304826525734254
24328148632908090
24350559412265671
24353757447046573
24372871788605280
24374368292187632
24573643500623865
24591161571530161
24624028510002059
24707627654112639
24712931623361294
24731832798676521
24790657126546025
24890548178242744
24961466716700786
24996509262525910
25026943580960197
25046782109363776
25102584167851993
25120592071750489
25189632246172915
25352732681802032
25388729924414641
25394766410337212
25449317188895059
25548251911206657
25563913866791769
25588817352186697
25620932771138257
25741349794158342
25750800825558177
25750811173473678
25807161553251396
25827883107953624
25827950910535307
25838913155571457
25891461411617737
26101260127225013
26132149216262018
26132263422574938
26132600202191496
26180112144762342
26362867782063671
26368878130457412
26380229826141123
26405208745374785
26435069824593006
26439564083617782
26461512724089645
26468786474669565
26570501996591991
26595140531079313
26612404205527143
26740797623573721
26747727946151403
26758874985982677
26821121649587281
26822403193663751
26838955510781202
26842740236361690
26912200749967459
26913526946051209
27035987224358612
27077452548194864
27126989546763012
27228073168753683
27235094049117408
27241141489971772
27241843876649587
27256551519406251
27289299081354427
27293653873618707
27325175373310970
27399532430850977
27429443652902817
27469851588480964
27498905134419060
27498997400773740
27588119965411942
27633077428642917
27640752661413291
27659184832782015
27677813659193585
27690452251061258
27762436617727361
27770505598122101
27835475651743125
27872134608070665
27964501299470711
28009263946945104
28104460463911398
28125633572958523
28237435312860908
28237559495183708
28241223777692223
28250331678410054
28258114471561229
28352497003440138
28360908483080598
28459793215306558
28585918139771506
28627046629257079
28704536031564521
28719411008313284
28731884067546488
28740939521974262
28750238416700166
28751966187747112
28788869608807628
28789480308230626
28803859282437971
28836902477193277
28867507771875043
28933511436940873
29032810069901272
29034105861620270
29079288035234056
29096415832492172
29136036157607425
29149516580371072
29230151144850637
29257708399937563
29302925071710084
29428487678066050
29514024960813503
29518286818551152
29522555912772027
29527417100614995
29537095967025572
29542030055801903
29547440036837066
29557162947372746
29636199485616407
29638967274893408
29646163550209192
29668141314286704
29670156650828052
29675930210698964
29738152128068288
29741597812766681
29775319626911651
29810946233780505
29887245670019614
29906227286129037
29946047503074925
30016033280251599
30049923452456092
30092846316144050
30182682457667917
30184790591570527
30214642879679370
30346260790294018
30381203818565990
30438092747755390
30444011473013252
30446389029101487
30453415012716216
30501782247247190
30522102245274743
30556864018491083
30563473343149551
30570440184268719
30630384031784820
30642653809964492
30698563160716626
30707466931915390
30716967944801154
30761401765143226
30979063396198618
30987116894825521
30995639492206807
30999823211243975
31005643255152240
31124211039325812
31189822217955012
31247185072135242
31252753045662012
31263646133262699
31381238255716614
31484909808995531
31504187699821837
31518578351112621
31558565680585271
31575876290284961
31733362859873641
31744291035052837
31757772414239021
31811994399659872
31825864505889915
31909954114686860
31972476083291728
32045880096318306
32089501835107446
32290248170801873
32291318506287857
32345478817756637
32380493642672432
32390604277816524
32430136095235903
32531214128334422
32540224660458139
32555595887879675
32581055853185316
32582823681771303
32638037943573531
32694560198635898
32721496846856333
32921177778873231
32922316134026541
33030873396737410
33075230002248897
33100364184101116
33165461727434239
33179932015064683
33262939734186605
33311509212381937
33311527151161601
33421191900042853
33434998043815705
33461923531598991
33465518281884629
33532332403520125
33537823571926420
33547207431178030
33579033307795884
33619716977214429
33625612024315630
33672136510477594
33826852044844399
33891111492071852
33916346260154867
33917606796184427
33924404450171738
33977320126344292
33978307146935659
34022407726260668
34043985035128348
34119565277374853
34197017987108149
34212260564896297
34246767400323755
34283712665768277
34295295632339945
34336195727790796
34464285503834798
34471465406037734
34555125126744232
34631915023325915
34706798772656390
34735981570038055
34773837734581583
34834925148067335
34843162474143639
34856386722137702
34911182449042999
34971577456839019
34973217645984588
34973589283845798
34995658559548336
35025650464873939
35036585911657339
35041923175788780
35042761235012040
35045849158804281
35076058967682707
35080895192110929
35112178674818596
35139242271405828
35249453517474071
35297202589671320
35321852617436384
35349857629159931
35413197976551631
35422858587283859
35431286664985903
35435064218698099
35526051808071387
35570929212373145
35610117497064906
35669412217376698
35674725530649353
35683417487889294
35719328302748904
35732266493123090
35761295689857933
35764495422844253
35764663547544198
35794582372253586
35801078754455076
35883800471802732
35938937879202826
35955712970396448
35997619508491950
36002157560500338
36035577266035938
36046645266729600
36114355370446316
36178406031349771
36207391118393888
36218684334222552
36219352233194007
36335026280125983
36337787116903362
36340017424687362
36370409306021840
36414836465988803
36458782336558977
36460307866450668
36488654187150388
36491985983547168
36522167115432384
36522373140853056
36525491881965494
36540200045346084
36584702075346010
36592197770823033
36635394011891891
36701318382775432
36712881336930657
36791232206213389
36851465022255469
36853665426628741
36862307005877641
36872101382267702
36885746591416925
36941938103768366
36957685046002193
36982437201072568
37079486253485804
37091819741885612
37116425007977846
37155628127633328
37186461648814434
37212011219533683
37218156458340913
37231051231238315
37233771216980504
37241752250159758
37262661018359894
37269667989692502
37279076232253692
37287282962145387
37313615822130060
37389546812650135
37481349084415243
37482304733899747
37509275323117237
37580356939487169
37583086109872489
37628454970338106
37633817500916146
37740554592883122
37819686271008729
37839746545999422
37841831153056414
37845080781207259
37911776797540656
37957539766897568
38026400330820976
38056866632773738
38074228770508026
38106814748219846
38123293025198802
38124073024457442
38188974114403304
38225264727329627
38315128550187478
38352605356315618
38394869399623115
38397486728875668
38438936777976050
38445619008226584
38775108956051366
38778787655686774
38780987458070982
38929008197612011
38953847918389098
39023350887117794
39044563314207165
39270183079178774
39278427292256786
39309218932255204
39370136609418235
39510265890577774
39574808439045446
39578433740863223
39680324309702010
39725778992511972
39738881082422684
39752253000175387
39772171905556902
39796499358218216
39835230555946058
39923529532941090
39939916441947486
39945489901488915
39951861716518955
39989704326931611
39995310084699216
40050262115152713
40055566116119481
40061897475102486
40134848706552108
40175243269549162
40183275552931641
40233285376932321
40236486372284824
40241983377053947
40285932985116953
40317186028553080
40358253198131764
40504869152627336
40505111435588885
40519795384401561
40636235317462330
40654983446343992
40750048257646646
40788478960300274
40817138351861302
40834351854921519
40869886234725774
40877495023927988
40896371216022766
40932489945760412
40948810345527648
40971778515485640
41039551244671801
41102329102239481
41229579703118595
41275833398982861
41306579778796592
41402976568186331
41440770129062643
41532734081211888
41684147595171922
41710758392389514
41714518128298506
41725594558769964
41819287126956727
41820287367238429
41879870620258849
41928652300057051
41958012443072672
42018228569182144
42036220660759316
42092977159379039
42166773619138918
42180470942908712
42254822530954530
42268863336499396
42289009290077568
42387677484100411
42398513397537581
42448964195724689
42480622896709862
42601939494176214
42654825195205095
42706415337930063
42715239813871697
42772161707569184
42782384014584071
42788645731574314
42889484849271506
42903970283052588
42988143938678494
43007853864951219
43071632000894183
43100929062904011
43123693104780002
43198776193013591
43217693793092381
43242899979113801
43263398102469678
43291879308570088
43304019021862963
43333064104146777
43359862111201425
43404316132182335
43430046881601365
43571906629340942
43575596428213497
43611778351260677
43615126285346691
43622471089779045
43625328618898779
43671839565394024
43697754145171439
43699972091141969
43749613431822479
43753921943236916
43868572975724288
44008780900236766
44086068523092482
44099610667272948
44125097297607046
44153318470879373
44154318860864816
44155683743238276
44176780718210986
44177720235875318
44244473897324374
44352107088891253
44375490097547533
44381604861461958
44424006941636177
44648940930541278
44711285395898365
44754840853887637
44769853409187125
44772598513134281
44776604863451880
44833523337802238
44892520559383080
44947336145842241
44948694539314561
44951042742146821
44974030919937639
45009922214693295
45069490231798580
45088032628623000
45126138158581752
45147750719073047
45163416577717076
45186881070071066
45207923662819530
45222120686433020
45272729581908289
45338995607006657
45373076155755033
45393780556125760
45426341532401855
45504871813219180
45530989924537016
45533965115780234
45535364300486078
45574946996090660
45586788294964641
45590654988560481
45634784810828529
45638616063943360
45661206754997480
45743249699617127
45765956139268547
45801904978683093
45906001657420997
45921013890071650
45968478545634168
45982613082720271
45991322172021201
46006360358009769
46059390721875937
46065190094507767
46109327287397821
46132332906264025
46162335074440487
46220888253431227
46298920873784529
46341675780146127
46358574701667087
46421386079882069
46454609684852293
46497652382099463
46579128540647217
46620681462973131
46645702986770007
46705051998789957
46736674764085648
46738024020372064
46749401222477335
46785855016063892
46866933768297924
46874062437331196
46885730206570460
47007475202600121
47046771367361700
47090336233484205
47124304964317704
47147501008966117
47147501055659898
47149641305987807
47185776099939812
47227394428128576
47291074018668586
47297559274249390
47316348562451761
47364732515216107
47412459182743955
47419464409391066
47434875181907755
47449697888705397
47449734457178634
47489405555582363
47489816345107943
47490593247525170
47497244398587615
47532225202696732
47536946548590628
47549797112521348
47596570688977850
47617593168303522
47642436558981612
47693772943900362
47848756281605268
47866967882351922
47893154980223634
47923899441590757
47932146752575005
48079149559952530
48117230786323480
48153357031712824
48155022689476920
48341536568515509
48347405899445586
48352781932074274
48400171946306208
48426955348533074
48428069955716733
48561074926090777
48567375904281676
48568664490350593
48578657913473652
48673568678892680
48686914604936572
48692590000828723
48736985552293547
48738526243268063
48792407745289141
48876942658288386
48891019777676478
48984437968374019
49037105233588083
49056889953881632
49120223778469364
49163175427133464
49174347633851099
49349261496217068
49427490274138208
49434032459017577
49564335698416102
49626607397197742
49629383248283176
49647033570267865
49647739851873686
49665751669026092
49721039876133832
49730683720081602
49752370902531469
49768838977867255
49828357920482160
49855726844621623
49862440535686979
49874866280937539
49895317313987317
49909982817915493
49923611509152157
49943832824068706
49997284223971383
50059685578009659
50059740230838788
50063810370585398
50070815695522344
50090100742207944
50090417963909202
50269615556788879
50276902576553319
50326326739131206
50463192648196425
50480054699322217
50552986766564471
50553390549856991
50697452461788265
50757775971821055
50762967709014951
50763005903830407
50811380666362193
50820804204711467
50876617787607747
50913903818040162
50993999700862640
51010865974438685
51048761944083001
51048784544481349
51055100416964777
51068842346068276
51070624930279480
51120149855863961
51201964257919647
51220939441836702
51236970824361640
51262714713787009
51265328129151277
51265949859320029
51269728323294589
51299673415736713
51312477675458499
51314815071612375
51322621463286820
51334073545739117
51377281240735873
51379225758172909
51417811602957178
51427359546391486
51443879965719921
51450170996903259
51551687114504285
51668024200414386
51668846267820756
51691102140391113
51737077369833354
51745682454423498
51750145975171942
51806351876825426
51823010931996139
51879074230329991
51974295634977815
52083281507219685
52127251749962210
52128779080381550
52157311021808264
52172908926232949
52200534008625769
52208565487789113
52236315264985065
52294436025558117
52310462860472267
52326641926893292
52362065818615041
52386863088458870
52473661810481008
52488108468996130
52551072453177905
52551173774095407
52558877171455855
52663576715323094
52700447969064008
52701785325753316
52736603224199812
52819480481347348
52849772366570047
52857086672810450
52862681728065755
52862746733624555
52865053970895547
52932789206445520
52974862384645861
52979337544257655
53029654608543833
53071872540234550
53129036144817217
53138404106662459
53139892471671649
53176081917782087
53183001520052255
53186800787134666
53214790625825953
53237580678426541
53310056833057837
53316332544582997
53324746353953164
53391097662390482
53400168480433050
53441700677304987
53442968208242490
53468522377625304
53532206232912818
53593996448386444
53643720098414252
53664501238577445
53670071395136813
53693866116676185
53718362830274461
53778917349783956
53787717495124861
53878135799226595
53950870790573632
53995409831444945
54021116254850502
54112648201828321
54169188311901556
54174236653552656
54177880085971440
54178786257589716
54272530926156271
54370542586052078
54468399572791347
54545011859055017
54563504207835993
54626682288939263
54636355538964367
54655654818451931
54670506676738556
54691512378217048
54692113363829461
54715607664521142
54765049777745542
54823016314441561
54981625078683605
54983586407477615
54986480242058439
54989137007874459
54991405101352395
54999111939763071
55000750233189575
55058732702374694
55062215489892052
55089586012901172
55139812616145738
55143713494460683
55153920602820613
55163235228157204
55166752952219466
55247533756338521
55309382512524306
55322863147844234
55324677015038912
55357501764895913
55371926371565393
55461271132538477
55472464090560026
55486599127384610
55524482131720461
55539699601434687
55545141072740168
55549670543647198
55550957256410313
55591298553339349
55607899874709000
55692470854713493
55704829351088493
55737929947138631
55737987897277124
55747284553230959
55766499803502041
55778662680148775
55782336402704375
55834100162176553
55936873398520502
55941734175601166
55941810535676968
56003077026593116
56034190678447583
56050459453296693
56070733308095133
56083217035551763
56097587305328845
56138909546049034
56142873062541190
56159145657695294
56175302405804490
56179265044900656
56206371228160560
56229465294676418
56251568482483177
56309046470248910
56313887298211586
56357761606755014
56359372449667172
56418509981148400
56428629484471930
56479683615841088
56483641855626938
56498302588582229
56584119749406511
56599350437932016
56760110462713075
56784785872354299
56791815577144524
56872871456810637
56888194944001821
56888513938137497
56917531354225397
56937475762709378
56939428979122322
57031211351864265
57036504430573503
57140573027879328
57146335379183810
57157692896163283
57177334625582097
57204484030992400
57243919797693511
57247780468467211
57269019961417033
57292775591029453
57292905741460336
57303059949247890
57383115775562244
57523203418527573
57587093603168751
57603505815056285
57611724479429545
57640873407036761
57651719960466653
57724320862281581
57730131471043187
57930668057934022
57937934297711182
57986116321727359
58049940617623693
58054585721784307
58187241513819082
58270810256238164
58281247644862259
58359744512144044
58405747053112851
58418757422720335
58438276401126882
58442218447586748
58444616591484786
58452669928120003
58512516781191802
58583042545745982
58691284556179405
58692563931724575
58694076144380747
58840104830810393
58890389215825765
58902198275931765
59136154291100647
59176077290422475
59179837329944392
59181541930774147
59215018991650047
59225368658603753
59305663558701851
59317853690195930
59356307603846864
59356960062051422
59391362644421440
59419592485447326
59538112176938294
59722339772935734
59751047301256554
59788229269794246
59793535271249011
59866024732144471
59895087868612005
59899499054027655
59903675717274087
59904985979801712
59942970003035863
59963041827315199
59964133664067359
59987093999806305
60098196948999766
60134203177441048
60164010338306453
60213921275736369
60216850013816119
60229490455713370
60271669785790874
60277060676973278
60326934062149886
60378443466020311
60479311537202891
60682436852781806
60735432098747435
60864911651644587
60892669387419195
60946275463242064
60969744684711330
60986869731272228
61002068306882511
61040954331054369
61040974250490659
61075483778857892
61135011144782706
61159870479650666
61162114352785616
61168764681337719
61170209173240319
61239526124869370
61310849499713644
61340428317713986
61433635275957106
61491093935260720
61491781081763029
61527902576674561
61529764346123180
61561632428715646
61633150675150352
61637913255965744
61709869802535591
61927289647315285
61931028394280480
62093279244028710
62093304366317780
62179206387663215
62222272405401443
62248330995212074
62250883701780682
62296027998481153
62448220761159143
62527874973620770
62568864494558741
62639638141694174
62645887173538230
62648081113966710
62724381690597693
62733541973658042
62750108633179476
62750991867180726
62766074474002897
62838222910144433
62851761756204859
62864275537271379
62939038543665897
63012975867689243
63040088709483317
63113467752729644
63117451841625949
63157829888576769
63240427382195861
63260219891858437
63328177511647720
63328485070757710
63414690961098249
63416899578499773
63511407330502171
63547771304854121
63671373771041611
63707651207223760
63741638131323814
63827268502128957
63879472461718670
63879974539441350
63894820928393614
63940968324587199
63959544709234583
63959914847929018
64014383712114756
64144714350019494
64151941917132192
64152216002259776
64157721997065274
64187289927452644
64194263509836580
64198040033442404
64258841153749910
64265992851029328
64271539954570983
64285465688239208
64473562636148148
64580711856285192
64603876655458970
64670868790938866
64708985622080162
64732499953053592
64824833554268721
64913380274448337
64976543379502519
65041541208577915
65071775132819450
65130460892595286
65194948025605227
65197476774291432
65247011939545337
65248364641184691
65260222632893891
65283682294720462
65293726760215382
65296754092951100
65357231121428964
65390170321178199
65438791278699095
65443180221180510
65593221079885952
65597498180488421
65609786237321963
65652159650718723
65667874011896609
65703059423301801
65714913017341814
65761012776207969
65881692246595834
65926692229855994
65931916548032126
65943859770601086
65944367196499240
65968846109117986
65970154383113686
65971543945851366
65997970104687184
66097548422722435
66116665992452539
66146281523059465
66190221772884445
66287292431622338
66318152893005302
66319352005832136
66456683922642925
66456814066805973
66509625803864874
66541042463704098
66568166617534184
66577876019164542
66640280380974996
66653863016915499
66742587538123445
66754962411324665
66760077167191187
66770068636491478
66874064678896628
66885076449593265
66885088478322102
67086295378289416
67126708792473196
67206784856826748
67209117787199328
67209168895337956
67230926946549557
67302407222546525
67367938343140751
67380765816809552
67473609181937214
67500808010910348
67635975080816781
67637578997091038
67640359359050214
67692623729270814
67697978122534267
67824933645700328
67861272788055032
67916695198402538
67926036992492394
67952100263725162
68047195700369297
68076746126003192
68115552428151432
68268932368131338
68282845780089582
68290483282976988
68441168902500489
68452716483748505
68454415444828841
68526180663496630
68635696108272333
68644837282325773
68647067426351495
68716658924657187
68723089473608432
68725290308668472
68787227092354998
68913379718481604
68925412831159444
69032556443365116
69071668340819585
69188457104487165
69280991836437898
69423847411266675
69482401243205914
69482738921736664
69499659385868246
69509266267796360
69549505364475625
69569673592860761
69635377648469886
69744045329482797
69749257768907543
69762711100094903
69783157763507348
69830438075034048
69833104503685693
69847158891783319
70000628314377138
70059284230624583
70081480580854739
70208726557905987
70224215050286815
70248727856669731
70274602680628352
70331283575784354
70338890089202270
70381088522231638
70398789554952502
70408789018336796
70412161358974469
70420303758011549
70431753217898827
70454520402664768
70497054956165236
70533632259033888
70546746199965672
70574515069353762
70598559919887233
70619444695215705
70632705531320466
70768871358167728
70854713653445442
70891933539589006
70907380138000925
70908528602648849
70977034895330729
70977651012355807
71025959440097558
71026279191378128
71028776610596731
71045731279845793
71057914650725319
71099987414362421
71131583865124985
71397134230493903
71445693003524881
71574688703000993
71583284906286962
71666047067699847
71683633340746371
71716925465801275
71774898795955270
71776484325392560
71788872575419000
71874375585457945
71876199221924745
71883240152889750
71908318367479849
71954626815958792
71976855604471275
71993452817231600
72051538429140520
72056385898907680
72083582574464487
72151358566935649
72268653087972563
72301668357262734
72312576992661987
72333751638823281
72338203260178297
72338879581889609
72368573651949507
72369069577107474
72372466989788392
72415623766348054
72437780091444358
72438266195684608
72507581489479080
72522747572590632
72523103763372040
72582105093372654
72695786400051811
72722962991952673
72743846954936847
72760423432641211
72831693974173092
72838845539506240
72859678376156071
72885691326528403
72991010408237950
73022160539591591
73043104356863958
73079941741341200
73124061764559164
73150706674271361
73223659376913901
73327551790248062
73340961574729601
73428395488014480
73437272054640196
73504439385604945
73538191618274381
73554760229262387
73622599714440735
73629551790287867
73731332180423354
73756851464313072
73768936064654687
73885971826126374
73933674883396635
73937551401796235
73983598932821003
73990006367544503
73991569780870175
73991956631429351
74054294373641063
74063191158573410
74080312162277688
74117701630577805
74130350432310675
74178912974044536
74264785997992450
74265274428221570
74283884002207859
74299259677135849
74339637921868709
74392892010060620
74403757501634861
74404434509213886
74421957052561015
74473762467357473
74489482743976764
74506350663442954
74536112347779421
74554262926229413
74562993699963493
74637350019533351
74707071786781346
74792749750585024
74829700021405254
74837072124300524
74837944406576241
74840124568346361
74896454280312272
74922517185234977
74925740483400143
74967931884213626
74987902926229606
75023138629296512
75106290784085239
75109855955018002
75140573260060404
75154154147882423
75213926946366977
75280736644740268
75311159318882593
75327304896777601
75337542236691571
75396055962977615
75400489768800866
75411137644618294
75485747647905022
75496608495927431
75510388181019303
75515970960763416
75521672776274230
75536434710220886
75542972641370986
75724579363502815
75755397538801812
75802328891085324
75825172160320023
75936102929625747
75953723586282944
75989407469901107
76050844627024065
76057452467630853
76155265768358793
76244717187458973
76265273875517003
76323836132471579
76350115005667443
76361569008090169
76361613488675149
76368647386446994
76478534327846024
76654047243404164
76695945084950543
76899977278848200
76916732231091985
76934140608068252
76939432091620568
76950909232768628
76995752996136239
77056577592441926
77096327064809033
77100768883892033
77113701265893397
77138056047098383
77156401850949987
77193470891666103
77207122614577905
77207851201051695
77208247147162288
77210801288024760
77210862140759024
77302608507458211
77304964455811645
77324822840579693
77430971174285034
77464827242604850
77465233807826770
77504498189065460
77530333888773576
77566821258665948
77603894921890269
77630070578726357
77650121538972025
77711160338447162
77714888030050019
77732456293542052
77767129818594442
77769793809556758
77795761367445101
77819972076360389
77880679707773749
77932863435335026
77981508000408038
78007236979152138
78042099235091903
78056492393469959
78235061535779443
78255522208751924
78262918391132687
78271995954086661
78279960088200933
78400220102641759
78407717259889129
78446922260710054
78479477887235270
78504232004185059
78550386601699625
78584216366201969
78649499133722715
78656811802252424
78658564698792586
78694778920327618
78709906552091915
78743917132854395
78747128671416746
78751476184533740
78758117631373806
78853318003220799
78855736221874629
78880320432818843
78885272953652051
78887286305227859
78890574956869427
78922567632153491
78931397885033969
78950724907773409
78962423459030303
78966070880375275
79000840407123757
79063638442966806
79071427952629641
79117558553548554
79274943256086886
79295748321319750
79407015866389420
79423401369492524
79444869204189894
79449454708988520
79581566372409027
79611143506160945
79619290865893151
79684187465402708
79752839101103154
79777693125686301
79850490320244406
79898320959554406
79940281852743816
79941988069339536
80000875000185850
80006164604029626
80074534511262600
80092695559319672
80117087256341336
80125937661611408
80192345649587631
80196913791221327
80197379830081087
80238640462379702
80275465925643949
80326136286498858
80457711028721761
80531796597583170
80534978409008045
80630522111252557
80632211143439477
80697100166685169
80864990771801024
80889846939464051
80891103036243331
80969350281159261
80986723806423533
81006708815854898
81011747834531254
81085709829256509
81089629790082290
81089818484159824
81099012186515082
81109796110934087
81183240697754273
81186441494740043
81199621109255298
81226923165047390
81237804882842054
81238488796042152
81250030803100694
81280131482841714
81366563451386179
81432464687179269
81433066950070359
81451760746388539
81461118820538213
81498641743508765
81562057190077459
81678209703474159
81678737844777660
81707356885275548
81710994068864927
81776364876665235
81783697370040489
81807591985265649
81809034211580906
81816765202703031
81841462161637674
81903371448784913
81991477906816085
81992993421339313
82011303437792433
82036461523489529
82066490047923884
82145068257331327
82157247124898920
82180636781498334
82275346935836719
82281294888759819
82388567089612902
82431711338021029
82466807610825464
82667635605376838
82669429753710854
82678911651236882
82688678960020879
82691231047588855
82695434384549128
82704606794564097
82744594789574779
82781128419098295
82836666601687571
82879685844613933
82893283009717455
82930282289530899
82953727144709693
82970065032178499
82974592030662644
83017522950048020
83071184991660946
83130441364349251
83139441423595522
83201683752294060
83238206518305029
83275140234526548
83387228117113719
83441212119533395
83459913516081845
83524682207349725
83722507845588309
83729312513378138
83761091784328664
83825372080632578
83837156491126353
83840448556052933
83858102378549759
83904683511121361
83962749424851515
83991277932269277
84097496705999104
84172724916250404
84189623280984928
84241157282454038
84282146984666144
84305819173207220
84363555367197044
84369877314711668
84404855918291136
84413762305176956
84476092683087216
84508403371521706
84516664112823367
84517629002622231
84550629102107027
84634463389875911
84646470369957841
84650170125872026
84668223048839576
84751889186966014
84794371159339291
84799588398421891
84821194862597276
84876292550701476
84927844865970180
84929534747466678
85127304399478760
85294930036989854
85305719946198721
85350466188264263
85475416527107862
85501921134636007
85541404039679071
85554680452701141
85593527148559311
85612445697673463
85675139740428365
85714726181130351
85814387418388246
85861211853851647
85929303460370189
85931732382565649
86026947697154370
86047950977280761
86096670062175147
86131113735983369
86257885046569313
86258290592301863
86287515658575713
86294008960751694
86303068699307565
86309002442940932
86342153176542400
86393785928671044
86401050671314086
86407864995687486
86410273294484258
86478079149264339
86489626676614217
86495946646456232
86587479782314794
86589318227418666
86704775572675474
86794723901527404
86862400012561671
86916200867484909
86923762665042019
86972670433001059
87085947872778128
87144955331568385
87173009893870414
87200175133366102
87275965855846169
87283948952172072
87284116571827446
87287093138535558
87291003066492943
87296116754440286
87327927167424412
87398990354074764
87400200481541042
87442288406275159
87442392154018993
87454360516831508
87476976705598270
87507098345385271
87575303074573448
87585448693077288
87636042267267748
87639586328938093
87762820540228482
87789888521835686
87858985416708292
87885210459381780
87894662670661494
87949663715656493
87962052323654797
87963492535674897
88010699900452592
88075471344834650
88126973067011151
88133000455384876
88134868162119388
88181288381065138
88205129354807889
88227718886413604
88251217890716120
88318237670746531
88327738695696345
88387861970782224
88463196769980030
88469771992362396
88493085505618046
88508892252273533
88581702835672145
88671378115747294
88694827290709150
88772720811740736
88804815749248672
88860305990651590
88875653761444529
88903004154060704
88987080851285040
88988533782331640
89041064842158390
89041152464302227
89057229067729100
89200776060632791
89200973159621603
89230409618291345
89271273851823939
89391980230955636
89410947663625976
89430274568901353
89513660654626035
89579094909478650
89626240902634704
89788926044083197
89810252050916392
89908436624937209
90013042693148726
90032896241539358
90032966741289798
90044129123221350
90116027894670532
90166773191266165
90171637405265641
90192220298133405
90231272827375951
90252951111790809
90252956447307730
90262784081637537
90263560063662087
90286915409115168
90303132341161394
90336207222818367
90338305569655179
90346688530491527
90368177051289311
90371736259846159
90408988559135915
90415035019382259
90420588140191899
90427971306963987
90525202268935965
90560921930265624
90645404855701218
90651315008774118
90707840973897528
90894407326918284
90939124183472272
90946795776298864
90972668116549114
90999334715075680
91179329152243795
91222762317192736
91307136671423701
91308265922502761
91328317144370473
91355954610857046
91365322222970150
91410784896980852
91431177001562840
91447290506198015
91456209850313034
91488908367953768
91492539843483712
91524178446017692
91528098743543680
91533480285091540
91560955354560623
91575959632889837
91576627722298887
91578419920651159
91606287761874031
91640259723099737
91649619982294963
91656810635112136
91663115618377276
91707118307048371
91715130136434521
91723621712448532
91741357832248894
91742792392767904
91743030307088863
91758851901395535
91796658535442383
91806009542928025
91809644508853525
91838354709774256
91887843145605664
91977396247787518
91988492981357324
92014663417993884
92021241318589587
92052886971879143
92077792922417262
92087441977559454
92099496769344354
92105210381851034
92119738369184714
92142084738948784
92173325960659605
92202401705301096
92202822240078475
92204867425541878
92309894952536889
92361071773976689
92361176361324129
92367184500722609
92393566496537490
92477845522447283
92489562426663613
92623476931825463
92635111251990291
92761946068854045
92782757797392607
92917251283747050
92928451278366454
92936168079559222
92985870620346621
92996974327565243
93070156962413863
93104920660014663
93125007657071628
93129126506066475
93177339938487786
93193646482497908
93286704314567151
93332439646803051
93347192157435407
93382443134997532
93383123180012812
93409610379704724
93412307107524444
93424300274035614
93472952142320733
93474114031905277
93520398177516287
93566431476548323
93607643296721129
93701960637175557
93710886171737275
93728992290972619
93766534364421301
93858654881303635
93860291457861561
93892688708565174
93934153372719621
93934337720426946
93955432916475614
94034769667853135
94066361867692921
94066557942788002
94102735463484497
94162855523648757
94178727565134320
94194376143989670
94246470354894062
94251345870764322
94287712701351670
94419694273619893
94447184697684316
94526680794141465
94539566207739677
94627277313922592
94733629207788344
94868599090499662
94882383688264767
94923847399529352
94974057474727476
94975945075415484
94985728148483745
95033783701590870

