34122610
34318070
38097634
231477863
241977793
298011495
377153023
829624479
839014799
985118370
1260280923
1260281416
1364202768
1365535535
1371153941
1371226453
1388821845
1606958829
1677340317
1796642461
1808071197
2003730907
2061399761
2062364545
2135432577
2271422760
2508914466
2727196706
2729955856
3122558480
3137952032
3141513504
3147763744
3155033388
3157026604
3157043769
3159593801
3161911113
3163570521
3536453401
3551191705
3717963685
3752256997
3752317557
3759060801
3816431937
3818190529
3818382914
3828346338
3828411998
3833023070
3924843818
4612509751
4649327916
5066874156
5107302863
5131276751
5598898655
5608397340
5899599868
6001115132
6125599116
6205625562
6206234426
6212423881
6220025999
6293870461
6293917221
6316212357
6317790021
6343789670
6345002701
6349690829
6356404351
6357022975
6450792091
6703662747
6703663355
6703680310
6705922358
7106331350
7108862790
7191476038
7211227114
7397623274
7442792170
7446107882
7503283942
7749379036
7780690908
7780739698
7805817444
7825691025
7845116625
7871821361
7871834849
7871923601
7872203453
7926049469
7926053750
7937374394
7937457679
7989056527
7989106500
8113127892
8126653268
8137112404
8172360532
8472634356
8487382112
8487688088
8698614568
8807209640
8807231352
9509067444
9522063028
9807064538
9862823386
10042854998
10073737910
10240393388
10241031340
10314450183
10484395807
10571304735
11242447511
11244806039
11247565284
11247884452
11264347412
11264387392
11289133376
11311150912
11531818816
11603310400
11678203296
11678222744
11726526872
11732791848
11732815424
11732989928
11766675432
11772087021
11980099539
11980249847
12351871735
12371458807
12372745353
12373524409
12397194417
12662270673
12688501457
12693950289
12694011267
12694083757
12698395153
12698404701
12698469933
12718243565
12719343821
12975793025
12976338881
13007765441
13113687873
13124100370
13141665234
14089145538
14157105074
14158208978
14163710418
14190776766
14685106622
14701488062
14702000962
14702117202
14702503842
14702722282
14703159266
14805073645
14855888621
14861564749
15132595021
15203276621
15239444365
15271219737
15271230331
15274691291
15314771083
15322622347
15364669803
15364692223
15364836723
15365127595
15818924043
15821417691
15822028907
15827698019
15908342476
16139492684
16174938702
16214640206
16216989934
16228423924
16398718068
16399045504
16467667584
16532658144
16547608000
16735971776
16769536944
16771297200
16799581758
16809140412
17119231652
17123537112
17123559512
17504835398
17961121606
17977387590
17996797658
18010809338
18026660858
18148309370
18223675598
18317829686
18323095686
18324580477
18419744893
18419894877
18419953109
18431507157
18432546598
18447026688
18497324544
18497326083
18505204675
18529358787
18530730371
18531389625
18545276002
18546001922
18686814210
18798599810
18798681734
18914778758
18915029116
18916603876
18926170012
19194560412
19244736092
19498938922
19513494826
19573120050
19573484326
19586436961
19587424569
19587433281
19587452285
19663282301
19666404847
19666492431
19988040460
19988557772
20071949228
20077623507
20115262547
20115270555
20370732671
20893221613
21419100165
21657906549
21658971345
21857309969
21872912811
21880006123
21964205547
21987802667
22010192443
22015772475
22015780515
22020987025
22153280717
22266196749
22267139495
22267271735
22435528479
22436726559
22443082264
22455959983
22456076311
22474666007
22474690475
22474993787
22478968371
22516207839
22524222111
22524354079
22525598399
22525731315
22534526227
22535098621
22538435325
22671784541
23010146909
23010188461
23010457481
23021675563
23111111211
23111809451
23112133291
23114228827
23114285324
23115009772
23115233292
23394236316
23407351708
23494841308
23495088308
23588426090
23808537814
23936338455
23937099511
24018109223
24210535991
24238448183
24240049719
24292717687
24297466263
24398606231
24406778003
24407632563
24408719355
24532133056
24678171473
24699406776
24702346168
24731988440
24753386920
25303669640
25303681338
25368617442
25383780834
25385962602
25443211370
26136182901
26154969881
26157028377
26157873753
26158139673
26366642009
26367511229
26367580373
26373329699
26373951331
26376748019
26811857259
26814641131
26897950347
26934404499
26937607247
26937675439
26937764647
26952380711
27551707047
27727412903
27856416423
27868585023
27878083647
28200194551
28202726543
28203627704
28209524972
28300509420
28433365304
28532949816
28533287592
28591802616
28636014840
28636030008
28663605912
28676541070
28699118222
28709183918
28822118376
28839056768
29117550756
29172195492
29172339732
29398497474
29422429542
29477236070
29531648870
29749651974
29749659984
29749672272
30323311136
30323341312
30360981092
30438299140
30441817316
30553311142
30553372122
30554889512
30582693160
30594767144
30722840666
30723823322
30754288858
30782585178
30782628890
30782631878
30889572550
31513295558
31525429958
31525443839
31525865727
31526812415
31919699199
32021644383
32025019487
32485469471
32496075039
32496075469
32773838765
32874574988
32875907804
33077770012
33077991000
33357253834
33438889082
33455291130
34216836834
34218638690
34455842242
34456767666
34641140434
34716336978
34716474450
34719428690
34731119042
35107375075
35107506339
35107820491
35149300683
35152180171
35287987147
35526484939
35526519254
35570696918
35573235606
35586201126
35586201432
35605962276
35607228340
35636617652
35888234932
36437843725
36437853313
36437869277
36478502137
36478607873
36575279777
36704870449
36704897603
36705430083
36705491963
36705512251
36722225315
36920228587
37333062043
37335054071
37335314039
37338126071
37347718135
37347747450
37347811287
37348288575
37348633151
37417468339
37421056435
37442673075
37442839227
37465878947
37470242083
37870303651
37890203043
38150018202
38150209306
38162809562
38348405466
38462485154
38463047322
38463201946
38467395034
38893348010
38957619402
38958071774
38982095518
38985928176
38985960350
38990020550
39072285846
39236083219
39484888329
39678471741
39678789493
39760044399
39872192431
39901062703
39945043503
40038768711
40044886087
40469034587
40469253419
40558509115
40982035515
40998210043
40998240397
41058109261
41075586845
41078722553
41606562190
41617192110
41621591240
41659343124
41660006084
41821771255
41821953407
41822114415
41935156591
42046821353
42049412943
42054975855
42088382659
42195136841
42228208505
42228284196
42505764964
42507452900
42710537060
42731410828
42741460328
42796752888
43255335672
43257666720
43291763872
43291769763
43301215091
43321221467
43506828873
43558086143
43558121007
43700403119
43711442471
43805521959
43806101279
43931944739
43933242915
43973148003
43988721923
44012578271
44012896711
44040612807
44040843399
44284016775
44724025424
44822816314
44823347002
45036512314
45038705390
45183604714
45184656874
45206019562
45208279978
45253574674
45327784299
45706247079
45706297943
45817334279
46034190335
46096587263
46203359743
46204824743
46378880167
46591327983
46647647983
47016320495
47016332703
47018102431
47141585823
47193665439
47194328671
47199109855
47928051919
47929789947
47945058411
47956151577
47988918297
48104152857
48577773337
48577779585
48699698701
48884395309
48939760263
48943718033
48960469905
48960566193
48973836501
49053908137
49079690409
49132586289
49453210673
49471351857
49481749909
49493550781
49503477437
49546079421
49546725949
49823454781
49832990269
49857091681
49959777889
50277041460
50707389692
50811034876
50811252812
50828486508
50829059948
50829563756
50835759580
50838970332
50910584044
50910659116
50912539088
50919958480
50922360712
51110973320
51113683752
51114452008
51136721524
51137365313
51142538305
51283351593
51320130509
51341381365
51342650699
51342739577
51381655865
51381681111
51382258775
51383150679
51383688555
51416917403
51417081969
51479630865
51480152897
51500789651
51505750037
51506272741
51535119493
51536884759
51539133603
51619198859
51684996507
51685027416
51882026968
52627617752
52886124760
53006145752
53070938708
53146098260
53292268116
53327010388
53327490452
53348824980
53349342484
53599400498
53647258978
53751372671
53776373987
53777836304
53777929560
54369721688
54392627508
54607759042
54608243794
54613152713
54641750473
54645880265
54649027529
54670959561
54671009461
54770502881
54819895841
54839709089
54891471265
54903913889
54904181377
55331168988
55333901884
56252635068
56252666420
56362213478
56457164902
56471886362
56851784958
56862820346
56865648698
57188760375
57200236855
57200531879
57222612051
57239673763
57275533024
57376259520
57393496000
57664831408
57667064752
57668217168
57669143836
57669913938
57678005772
57897493159
57897499535
58066109459
58066133555
58111265031
58111388243
58111594152
58113294695
58162934058
58244064418
58371080354
58371081014
58372518838
58440096540
58446062364
59081379004
59106794326
59151833942
59219472534
59219493958
59223291334
59234450886
59250192838
59255279134
59255446272
59337345792
59345318144
59446878756
59704051975
59704060174
59725884494
59767596360
59767651924
59777916356
59845864900
59876625860
60115894128
60172031780
60225896716
60232967738
60423816762
60429602362
60568356434
60809284043
60890508275
60894338739
61082370035
61123372677
61244423085
61309885050
61626232485
61628081909
61628173016
61628177842
61628215135
61842398815
61842527391
62582492171
63002641461
63002831945
63014870089
63021383753
63022385499
63024051555
63031429461
63060376725
63123783665
63125076977
63219273861
63231201245
63491884253
63494144301
63494770797
63494837805
63494905793
63809451426
63825338151
63825885943
63830693463
63831816803
63832534331
63838782779
63842721211
63842811442
63843882010
63948859514
63978160442
63978244819
63978245948
63982570728
64238034664
64238519928
64289153403
64293262203
64303898887
64346291673
64570856713
64922972339
65169357747
65361014579
65361749391
65386585079
65389109239
65390835947
65391304811
65391313846
65506144784
65572502800
65575925776
65610627088
65658107920
65682626576
65692960016
65733649680
65741563452
65748901052
65754796988
65796088378
66318334288
66319290912
66437853640
66437953844
66542811252
66542812290
66553091978
67154589578
67155533706
67174295434
67725125514
67836095210
68118284997
68118910661
68119130709
68124727381
68193295445
68194172773
68194188135
68203948567
68347779607
68391869031
68392505267
68392510247
68394148958
68479799010
68539585250
68740764322
68748242594
68750465373
69182468445
69182825948
69227824240
69989374776
70035583800
70165060408
70177656120
70371735352
70524061496
70525549528
70553425946
70606140954
70741458138
70741460490
70892283402
70892290318
71104850494
71164422718
71195168322
71332640158
71876269774
71898688168
72040294632
72040316301
72348302733
72593593997
72640993401
72830397817
72835388385
73177326709
73178665077
73179161205
73182010707
73182099721
73196472955
73204858491
73211746047
73292330751
73308906239
73457632598
73462153214
73462179314
73471012254
73492268958
73766719038
73767995302
73802814106
73802863896
73803811928
73803817811
73807276211
74322212067
74400844915
74401822327
74407036550
74412463238
74539765174
74540677686
74540698977
74541533537
74619540361
74658219329
75022953985
75155084397
75187808365
75188137645
75236465941
75596019077
75600795141
75600864825
75602579257
75603028229
75766300429
75815982861
75816595754
75847603658
75996429090
76029464354
76029493208
76035626968
76035647104
76050279424
76072469408
76110780640
76263824976
76264183632
76267737296
76370117720
76370402356
76370479216
76372037680
76402169904
76437537840
76470524867
76470601315
76649241399
76663109992
76731476712
76731531048
76761839631
76761910132
77014444916
77075263952
77150929914
77169530242
77170614114
77174774789
77197448469
77210140961
77212774536
77214305288
77250235400
77317709110
77765086774
77782704182
77875651382
77876051790
77905815374
78443519381
78592604979
78594464563
78594666563
78596919102
78622389918
79152105081
79176169081
79185431337
79186480253
79256183677
79261776381
79262012173
79290972775
79323573369
79509802105
79511212851
79606384175
79606539343
79607268741
80248194437
80252119045
80407635805
80454940381
80640433995
80640484999
80679842979
80680673571
80865712419
81135608595
81264494016
81264777807
81264783539
81598749491
81708882867
81714315555
81720117667
81746510027
81747001053
81818824583
81899537887
81903997407
81951941087
81982639071
81982764551
81982969887
82120415263
82124539655
82128971527
82259144103
82584258457
82584497389
82665338283
82745161267
82746717091
82746769051
83030345238
83056047638
83193309222
83199170865
83248180599
83248294811
83252601754
83277730062
83277958478
83279406862
83280283239
83386198840
83823121462
83823186236
84019603772
84166373052
84643160944
84645079536
84685040112
84925129252
84944814628
84944837577
85054812225
85070957617
85142278705
85142434609
85171610161
85171726271
85171764043
85236471447
85276124823
85933458376
85933463688
86048292232
86201703816
86462915030
86467369558
86535499862
86574502270
86597177726
86601873048
86604529756
86604636560
86610499984
86611369020
86615948860
86721814076
86724994504
86817274312
86817276988
86843138972
86843261158
86869913830
86936695506
87235449554
87235631412
87309030932
87333790479
87369406559
87522523247
87522545279
87824894079
87829780317
87831889309
87835390301
87835630833
87847623921
87848913521
88976464817
89001467197
89077926840
89270010353
89580382361
89686545929
89891638233
89925016181
89925354941
90052737477
90841260945
91046907645
91052665061
91238887457
91260933825
91432643497
91465923884
91475414956
91475550636
91476239724
91659823564
91670847948
91697451468
91709117836
91721726398
91722548890
91992350362
91998130330
91999986586
92002057882
92003200346
92388416426
92388427332
92505226756
92514873922
92516682563
92652629995
93104245639
93745320599
94014089658
94014129450
94086054714
94701113856
95593553290
96151521254
96334436936
96394608160
96394871408
96396910360
96400131496
96475798952
96475808104
96477238376
96477238604
96544075674
96662032282
97036705667
97310746867
97316892891
97316921467
97320785275
97520237815
97523774519
97529592375
97531383351
97700712752
97820670742
97820759590
97820947800
97874730172
97898060988
97944609628
98074361844
98108992808
98111486736
98111853138
98121954258
98211464146
98212375410
98214759802
98466703204
98933019478
99236593702
99238575142
99238582758
99239109119
99354728579
99372478767
99387920175
99440187183
99440968055
99443913351
99601210431
99678839559
99679434183
99880714887
100376049735
100405410695
100562052155
100859018915
100859393359
100859485215
100863803263
100866092655
100866140238
101252611294
101279954258
101280058038
101475759652
101484200396
101499883724
101499891596
101499893734
101532528614
101534494566
101534659798
101656095193
101656240505
101659717793
101777284996
101778363380
101873274370
101877785154
101943717794
102087235938
102536448578
102977319360
102978890176
102982354680
102982360302
103071603950
103169933550
103315527554
103332051590
103479506666
103566689400
103568388952
103847441240
103885943128
104096481260
104098904812
104109055465
104118841545
104123147209
104130441161
104130469897
104212094985
104213568489
104216448809
104218093481
104321858731
104485930863
104506210811
104601209851
104862006267
104906601851
104906641739
104915163467
104915197771
104916754635
105469523683
105595684611
105596765699
105719093311
106178696895
106178701247
106272672959
106554349271
106613471067
106659804360
106659821659
106659971595
106738508299
106738513643
106782868947
106782874803
106976340487
106984859691
107095843596
107097024924
107106774172
107130878620
107131456364
107171090452
107194734612
107489286164
107493205012
107509994772
107510171100
107513064412
107607208924
107608183772
107751498524
107953922847
107957265183
108033464207
108043400471
108052187131
108077626163
108734245702
108771072198
108799639978
109055301930
109070525658
109070534882
109084567778
109084973282
109085243422
109147834069
109147941965
109198791813
109201943685
109253242501
109340562989
109383615021
109384097917
109456327213
109457464877
109731708559
109856124553
109882206193
110132976625
110263417841
110274515281
110288551449
110288856793
110289733785
110343124569
110349071961
110354250161
110358701522
110363084242
110363327986
110363373442
110375405934
110688865614
110690489998
110690690066
110842655762
110843690898
110899157906
111922363282
111983836306
112029277954
112034769952
112037398880
112212191200
112218743360
112313664128
112513213056
112522987648
112523106291
112644765683
112644891222
112645272502
112647477930
112714599082
112731556522
112865175217
112865362337
112865527948
112869458936
112870541912
112900377176
112940864200
112956114632
113404559762
113407324050
113408645714
113430395408
113439818965
113440784901
113467917829
113557621231
113560159215
113572218634
113572660032
113576898880
113699688768
113699706780
113761006388
114029378636
114290560268
114292251932
114293318428
114295018716
114295518566
114295559047
114362474729
114363578225
114363763045
114410931298
114425176674
114426886902
114427319926
114477367934
114478019262
114517804286
114519776382
114679908830
114680155518
114715228220
114720234282
114741718314
115391537815
115393850231
115395037349
115404491287
115409389745
115469270081
115469493177
115470938553
115480508345
115668004944
115677456262
115687265384
115695131112
115827628752
115842540752
115853671664
115876495542
115883675830
115902674614
115918329300
116042850100
116117284404
116136889908
116137020622
116145547470
116501773070
116898269966
117137515278
117336761102
117407662870
117694585380
117730844815
117730899554
117903664573
117911119357
118018455517
118114358349
118114501757
118114552119
118115608407
118199624535
118205117895
118217686449
118217860199
118220056871
118356764967
118356770177
118357160708
118686693252
118733115780
118745240452
118908409676
118908715116
118920849516
118963336430
119169820873
119173335113
119319111689
120689282795
120709342955
120858175879
120863414076
121439221420
121531115692
121531752620
121935467456
121965249192
122374541194
122667978010
122674621717
122679080829
122679539495
122898696562
123000938581
123002461429
123030852147
123031094683
123737138587
123737262628
123783607460
123794440356
123794489380
123794899284
123796003220
123802810228
123809720564
123811217872
123867816032
123867852144
124195509963
124196497457
124256253769
124277282633
124352042825
124352047601
124357390361
124359380985
124363686361
124364091937
124364371259
124553669947
124554752667
124627539103
125389152763
125434368573
125453389373
125453810733
125469883437
125471310157
125491511824
125737517392
125931777240
126085397720
126085510840
126292728640
127101551648
127105974752
127106077514
127106119128
127121467736
127136808144
127493898700
127525845697
127528803054
127788816812
127791780812
127917584588
127917625180
128781643964
128787332028
128787640908
128788141375
128788442515
128934851499
128934928747
128935693851
128935769115
128940464763
129146325891
129146754883
129146896835
129148372309
129148769489
129256207569
129256298257
129337685777
129479081949
129516617693
129558631458
129912795430
129914206118
129914318362
130042439130
130102994252
130104026646
130608660502
130608662668
130608736705
130664334785
130745532025
130815401593
130855108181
131040527077
131075496741
131103102137
131113239737
131521344767
131528831459
131796641283
131807315123
131807801571
131809078559
131809159637
131812049557
131812294869
131925461409
131930484967
132379077543
132379379975
132382276643
132468727843
132516408251
132517269121
132599046657
132851532199
132865151879
132942696327
133107679623
133108790791
133433439751
133435670663
133475555719
133717446085
133893469637
133930448021
133930503069
133930823189
133950042387
133950979923
133959366483
134078602675
134079290419
134079378107
134134998203
134135467131
134135512138
134203252502
134204424240
134340610588
134343237404
134420710672
134420929608
134433598612
134513976930
134514265042
134621777154
134624289538
134640811778
134901979443
134902213035
134913173819
134947369855
134967012447
134973526993
134980181457
135091687729
135091962081
135462209505
135484695635
135491993995
135501019729
135501046785
135502849921
135597290174
135636061248
135638059408
135679648656
135698944912
135797678992
135807856656
135826705752
135865530035
136576997191
136578394823
136604465835
136607661707
136615649675
136731721099
136818902411
136819165207
136859789559
137034885367
137035072923
137057508763
137070765659
137075298411
137177927787
137211977309
137303094877
137314379582
137559384894
137560038986
137563354474
137695278186
137695321292
137695414526
137799237886
137801091518
137803964070
137804047390
137811368654
138086293678
138317631051
138318237265
138482798397
138705429484
139060990988
139109819372
139206157292
139480555372
139480619116
139693976684
139699220524
140048773164
140543520794
140568645658
140800104426
140800524362
140865367066
140909078554
140924260378
141129430626
141129652186
141131199464
141256569249
141319912689
141320101179
141439614267
141446792313
141537227897
141639343402
141639464770
142062150994
142192735570
142193888466
142207129109
142207255629
142211163175
142433818023
142435980199
142516347679
142526783263
142539380903
142672703285
143094361899
143095037995
143139710299
143277487451
143287853403
143288276283
143288288101
143290570210
143297087906
143372751722
143484994666
143493137738
143493561418
143494981680
143506171952
143549235618
143559537314
143624626226
143643615282
143863485298
143863690642
143865745810
143866836156
143867088427
143867188251
143868628827
143870205777
143988088657
143988920129
144243904201
144250597881
144344882553
144477022265
144481473465
144496208825
144496250997
144496253489
144969405270
144977818966
144984666988
144999246716
145004870652
145010262291
145478751758
145538013420
145610361252
145679571364
145682217124
145803421860
145805248920
146050974744
146174258776
146194469768
146304287412
146304449012
146348452340
146655750644
146665358708
146879986508
146882307916
146883034104
147368178664
147380131990
147381198518
147483664054
147528567958
147545849954
147545926562
147785631312
147983421754
148051631123
148297480627
148563394383
148598476198
148598952598
148605153558
148646490390
148810666358
148814392966
149122966438
149123450630
149125823238
149175059254
149195711286
149247740726
149255381558
149265592782
149365681734
149365707706
149367923438
149384452558
149424226766
149430916902
149448516390
149610659870
149611021894
149611087216
149668013582
149674398102
149857139430
149857230206
149857234534
150079599654
150085090981
150094964693
150143661149
150157006021
150212357470
150443657596
151097690492
151127569448
151283245480
151284662216
151432937416
151551094271
151551104091
151552747556
151560266950
151582263350
151584172342
151753144070
151755319006
151790514910
151872286446
151924101302
151929318582
152056335542
152056467494
152072209198
152072783124
152082216366
152253312685
152253470471
152904126903
153047738807
153409513573
153409563009
153891640646
153892084022
153894023478
153895579042
153901007866
154082049018
154082925626
154093442330
154094057162
154148232674
154266463068
154270558172
154289902748
154345717410
154379916268
154406468076
154453461454
154503731531
154504091467
154508079947
154601386827
154601597443
154619887633
154635460225
154760789791
155056786907
155070744027
155170813307
155639157067
155640921675
155641129283
156054929739
156136004939
156283108683
156818161721
157168818287
157168923535
157188306087
157225147559
157225316695
157266957655
157583934807
157589189927
157594854183
157922656039
157925745703
157925804343
158439439307
158775385035
158776128119
158792089417
158792308805
158832736337
158965366865
159105440718
159105459790
159115896398
159116353582
159116491062
159167991714
159237726504
159440854080
159476505280
160265446942
160322731710
160323032494
160380339968
160463399330
160702787306
160734220986
160734225409
160741743133
160838716445
160855414282
161038966282
161152266186
161175551500
161176278618
161183276090
161183391546
161556705987
161591341123
161911306315
161936010143
161953112479
161966699935
161971161951
162030245727
162085371167
162092122789
162275973318
162276355254
162276829478
162276844014
162387133504
162517582386
162521440818
162561517106
162561883438
162604756898
162805141410
162806589334
162811378026
162829475482
163374386570
163374389482
163411767610
163666146640
163667714064
163808628356
164029910356
164036335236
164099509316
164173925444
164174642824
164176501936
164278860976
164278876116
164685420924
164714642228
164715517460
165340649943
165390999023
165506404271
165517030831
165527272699
165527352075
165527491403
165559903105
165559931651
165562678659
165799249971
165799291795
165879027659
165893628619
165918729311
166101714015
166262283509
166384819445
166385254517
166405448632
166405456296
166515689672
166683073515
166683084387
166692099683
166730860471
167155796547
167183264582
167183426915
167195367043
167727987031
167745174968
167821029059
167871136411
167900058267
167906633987
167910766826
167934499406
168111229518
168248145742
168354143478
168370616310
168577837046
168618834593
168722204827
168728505203
168732016023
168787604887
168787868867
168905321559
169012231255
169017053783
169074909111
169078712055
169080978199
169094541591
169447028871
169448741775
169535992135
169536007035
169603419003
170012844609
170204874625
170209554945
170283615745
170292717057
170292892673
170300346881
170558431247
170734306651
170871624027
170871735303
170871891207
170903181799
170903216541
170917927709
170922100765
170922463147
170922516691
170995334191
171208425887
171226832195
171226956243
171227282567
171232679871
171368175551
171370189503
171370389695
171370590527
171370820703
171466512099
171570744515
171570966683
171770923874
171774002786
171775308450
171852496123
171874422691
171888824815
171958532386
171960439330
172003546914
172004873278
172008169430
172032706938
173153572122
173156442106
173156445050
173157396642
173157516866
173284702850
173312989314
173313387836
173337312572
173338040754
173352402034
173413413451
173584395365
173635574885
173635670381
173687130477
173762920813
173767995523
173806742467
173837403511
173837545640
174035918175
174421991064
174448119624
174448306954
174491522316
174795727808
174799093248
174799145088
175403097480
175403166592
175460342656
175696935752
175764300685
176364199821
176365802285
176450316317
176646023197
176647089149
176649253677
176649420559
176649458147
177005294051
177042846443
177042852363
177199572839
177199936667
177398353155
177437715715
177938984195
177939411253
178035532085
178035861673
178080380661
178104628213
178827179634
178913542770
179225666162
179225737410
179225995026
179440718305
179497472481
179497730857
179705224649
180016528829
180036581324
180037074076
180097019344
180188925392
180646862288
180662443459
180697330115
180702802514
180907858604
180989284588
181246407112
181246737018
181286775082
181287320722
181427619858
181431736234
181507442266
181543864002
181544373794
181552197102
182332856924
182377161308
183101878412
183187757196
183495354508
183508848780
183549851856
183628600392
183628604570
184154842194
184202349194
184204191304
184204193073
184274241345
184281718593
184380013121
184386505281
184407280993
184549439405
184549477637
184549630695
185046663583
185110458783
185379432575
185508426567
185539994951
185574745415
185589791018
185595563050
185595567144
185596704992
185847876832
185850655582
185852780830
185852856300
185949671148
185954763244
186131075389
186131443773
186187332789
186199320141
186200023309
186216973965
186217074513
186231933785
186650566524
186679754620
186743635192
186843745000
186843856224
186843920382
186843931094
186843977978
186916297018
186956471706
186956488968
187081898108
187083240508
187287837756
187289653994
188345070338
188501125890
188501148050
188511380882
188511399594
188638164650
188696790954
188806818938
188834173050
188834377952
188837148121
188982318553
188982524577
188982584969
188982608289
188982631609
188998428089
188999845305
189017814443
189018250995
189156036339
189156374231
189279862103
189563140903
189571020583
189592871269
189592875061
189605932085
189629669941
189635020381
189640244445
189641605229
190337278061
190349978733
190354103902
190643391076
190795559201
190864422177
190882348809
191206893321
191254287401
191329700905
191436651561
191445267241
191600870721
191602211873
191634016913
191637530867
191652806055
191652808025
191656898233
191662253849
191684527753
191705981329
191801909550
191809707310
192000489406
192036173758
192059644764
192281156444
192288810712
192291538776
192291540415
192304870340
192304941445
192305655141
192334039805
192334388893
192334452931
192719184704
192768987896
192848240128
192849203712
192914025216
192937984256
192976513548
193043615733
193709715965
193801337716
193803451764
193845922228
193933135812
193967836034
194113758888
194199774248
194205373480
194231047212
194239680528
194264144904
194282472456
194283974664
194290022024
194293381412
194295892772
194375160612
194629765924
194643920484
195064743524
195068665754
195144720282
195145420178
195159985554
195160398994
195162352626
195163187282
195164375122
195830827422
195871791518
196051992630
196053044278
196175833905
196176339249
196176354617
196245065273
196249343257
196250284057
196254401273
196312035849
196315507721
196405029897
196466440440
196512400568
196512702756
196513061687
196539550927
196542483663
196542693067
196546005003
196594313227
196604515339
196606324075
197076498091
197159115341
197180381509
197196729833
197208190433
197210872289
197299323369
197306201065
197343075049
197343119958
197361562198
197572114926
197854915320
198121303448
198140597526
198149330286
198149654694
198149739286
198894765490
198896063666
198896098846
198896310714
198896319004
198983731740
199499094932
199650214793
199971751329
200018211153
200044433745
200045816849
200073873353
200154621385
200175490493
200272507963
200440846863
200486403447
200489098187
200588747983
200681895885
200986433485
201203197935
201203304032
201203319060
201205013780
201337312102
201338463718
201338470996
201377206868
201476288020
201489620500
201493641692
201575136133
201599433925
201601386021
201644743307
201876036235
201881209175
201992657911
202044538871
202057466103
202177036535
202291321931
202643162495
202648017791
202657280895
202715460479
202741737141
202742190759
203074785967
203115795279
203123022927
203123338314
203123491762
203131675442
203306637590
203355149598
203355606974
203355935030
203356017894
203356028765
203377759264
203485015355
204174492859
204376983931
204480713675
204900300859
204902069595
204902210535
205012234087
205022416743
205044424551
205136809831
205136852127
205206155857
205206580193
205243143130
205246504410
205326941658
205327017080
205749590668
205749643404
205769281040
206741031094
206742113974
206769809406
206769811516
206807477716
206815740956
206815878290
207246397842
207246423944
207273440722
207274995490
207275255890
207275830482
207346529710
207357252622
207363869422
207496158222
207685359254
207687976933
208404184203
208404201330
208404920690
208408302066
208707356510
208707951454
208876765652
208877622804
208941000804
212244259346

