100
64 64 1 1024 2 32 1 16 256 1 16 64 1 32 32 16 512 1 8 2 32 2 1024 1024 2 4 16 64 512 32 8 1 1024 4 256 512 1024 32 16 16 64 64 256 128 2 8 64 8 512 1 512 8 1024 8 8 64 64 8 512 4 16 32 1 1024 16 128 128 4 1024 4 1 32 64 256 32 256 128 32 512 2 512 1024 16 256 1024 16 64 1 16 2 1024 128 2 256 8 512 1024 16 64 32
100
2
1 7 20 512
1 17 54 1
1 28 28 1024
1 55 100 1
1 8 9 1
2
1 3 81 1
1 61 73 16
2
1 30 53 8
2
1 31 88 1
2
1 53 60 1
1 65 70 4
1 29 51 16
1 8 48 4
1 57 66 8
1 96 98 32
1 76 78 128
1 30 53 2
1 26 32 2
1 96 97 16
2
1 32 36 16
1 42 64 32
2
1 87 93 2
2
1 63 84 4
1 31 40 64
2
1 43 91 32
2
1 47 69 32
2
1 66 67 32
1 39 49 16
1 71 93 4
1 59 100 1024
1 18 38 2
2
1 46 87 32
1 36 96 16
1 55 64 256
2
1 14 33 1024
2
1 88 90 128
1 6 98 8
2
1 65 87 256
2
1 84 87 4
2
1 35 61 1
1 39 59 512
2
1 47 96 1
1 38 82 512
1 26 38 4
1 48 80 16
1 21 50 2
2
1 57 94 256
2
1 66 88 8
2
1 36 62 8
1 18 44 1
1 63 86 4
1 47 52 512
1 87 98 8
1 57 98 1024
1 78 88 4
1 28 68 128
1 7 53 128
2
1 63 67 256
2
1 78 88 512
1 62 83 64
1 34 42 1024
2
1 24 65 8
2
1 33 72 128
2
1 38 48 1024
2
1 15 70 64
1 36 81 1024
2
1 78 86 1024
1 42 51 32
1 51 73 256
1 51 79 4
2
1 5 98 1024
