34130495
45825685
46308309
46516477
47029773
50412573
55066525
139269720
184145496
184389370
227620571
288150843
421804475
425947579
425959723
426086443
465820914
465829724
465858074
505269786
591825178
591828462
613406702
684994030
686577714
969771058
978035762
1009887590
1164446054
1166375590
1211923110
1279649526
1281920950
1282552278
1301132854
1392097000
1392147048
1602584445
1670354813
1697051117
1697796781
1726982973
1771846461
1958337341
1972989940
1977047028
1984045332
1984423700
1984893180
2000937212
2001276924
2001327692
2003509212
2013461468
2014365020
2027698524
2035759752
2074966871
2074986825
2200554910
2251203486
2260623756
2737734028
2854962828
2855069636
2939717572
2940878228
3078413716
3078417288
3079793672
3087477128
3091384808
3091684260
3099404452
3187852422
3191553632
3209649760
3209680824
3209681108
3211545300
3224352996
3260786604
3316142612
3336094228
3346284052
3348184596
3353319956
3391695380
3392014868
3396001940
3400741368
3400809199
3413485807
3414014255
3414517807
3414953039
3425705263
3477990510
3478012894
3478147174
3504483686
3509327206
3516240102
3530232294
3532339494
3798726654
3800431550
3800512318
3800679142
3820593806
3822319118
3833994105
3890800241
3890813400
4023330970
4023444142
4355498542
4448977454
4499165196
4626186252
4626188006
4878706406
4878789670
4878792110
4952291374
4958325678
4976203182
5005275438
5278273838
5442459270
5573266494
5578637022
5624818808
6547522080
6577512480
6577519036
6582474140
6582792924
6584605596
6584667134
6615028734
6615304366
6615359804
6700891484
6703035484
6708868188
6716186972
6718254121
6719753769
6722195425
6722312033
6722365377
6722460517
6854432901
6876538837
6890978133
6898445614
6899496106
6972138734
6973589854
7027780342
7027807030
7028568398
7028570706
7274256978
7275945634
7281730778
7293324506
7293459538
7304077393
7362390986
7387177194
7387193326
7387380654
7393106526
7426033652
7470639092
7473449716
7517560744
7930494888
7957538176
7957580996
7957688400
8110304368
8110456152
8110500196
8386897404
8452642300
8660440572
8660458140
8662190204
8665799748
8668393284
8705684387
8706105763
9274359651
9276081379
9276206819
9292552582
9325532262
9388544102
9737824358
9738050060
9738159997
9741801692
9745023196
9746375184
9748452924
9748481684
10058016404
10174097428
10195735572
10196217156
10200253764
10607346104
10607395928
10749576280
10821343009
10821879069
11295080989
11339452749
11345606093
11345624287
11357540138
11633478444
11633516176
11792569447
11809378407
11822862119
11845800137
11847017545
11847200377
11854841041
12330952705
13097686561
13107107617
13107132349
13163013053
13165309363
13168022067
13171102643
13173113267
13221550899
13221759539
13225211955
13254342707
13267268659
13319689267
13366338547
13366353681
13563942865
13586153937
13587817937
13591926900
13602691188
13602858040
13622697360
13773263632
13773420524
13781165956
13785554436
14179910710
14203948598
14947551430
15176569891
15176909465
15183292057
15243916953
15244814105
15317290777
15317346674
15420588519
15811374887
15881316519
16223876199
16250769015
16251546058
16670906306
16678062162
16712798988
16732593676
16752541196
16753209308
17379396060
17379770460
17379783806
17384656254
17384978958
17402344724
17446681256
17819110428
17831377494
17863397974
17864099082
18097706546
18366846514
18373271322
18436163098
18436348075
18437427115
18444919883
18484642891
18765497419
19407283383
19408645895
19409467991
19409523124
19468601054
19498892510
19545445718
19550414678
19597477718
19597613310
19598800668
19599704988
19599784440
19602984632
19649968360
19650555720
19650568939
19782288107
19978985451
20089683947
20089684255
20092445727
20092646468
20092872260
20136379808
20141264640
20150417664
20201581568
20206851072
20207630720
20563174784
20572503040
20572743522
20573114818
20574586072
20574758784
20838377344
20893233152
21480345600
21518206816
21518222176
21518315988
21521370836
21524023544
21529658730
21531355050
21532915626
21533539858
21636174930
21639110226
21973323114
22054930268
22460376924
22460596364
22462638700
22624402388
22639472580
22639618600
22664069160
22664160484
22664185256
22664770464
22667832462
22668795150
22668871503
22669352831
22669367352
22696828600
22706595686
22706686710
22781205312
23001632056
23012945654
23058024422
23063005158
23063144262
23074813254
23149522246
23154492198
23212758822
23213773590
23332748054
23385508630
23387487894
23387501526
23537062870
23537073678
23538084382
23544589854
24283060766
24386783774
24409354298
24409503014
24417380646
24419372326
24452893926
24454200966
24473990790
24493774630
24495641446
24744208742
24863757030
24883963110
24885131494
24886678014
24887159966
24887780750
24921464718
25172646542
25177460302
25223392846
25230384846
25237262430
25241083998
25246882142
25247318334
25250933682
25270388146
25282645426
25324002738
25426795698
25525470754
25557982818
25584744894
25618131218
25618162458
25618189586
25623823634
25639457554
25979584722
26306330834
26701695468
26725225964
26725279164
26727616124
26727685708
26727696604
26728491588
26737730884
26737769364
26740601220
26742831620
26743244116
26743245928
26863610984
27074297048
27443386702
27448840526
27629800510
27641882837
27676466389
27737492693
27738992853
27743176981
27743268757
27865358229
27927017825
27955287393
27978342817
28469227937
28470175137
28470180293
28582779333
28582834348
28593458348
28593544364
28663417004
28721805484
28797270188
28797400276
28825138388
28826130004
28826408002
28826431102
28826610166
28827928166
28919917078
28919932982
29410488719
29413156751
29413232527
29429575901
29439016645
29442526789
29466829526
29531257196
29549102424
29690204469
29691909365
29692828503
29692896715
29698247243
29886814795
30153171092
30153985748
30154180104
30272238080
30272352320
30410300384
30410357784
30411496984
30411536733
30411584285
30619026205
30620924397
31085614893
31085853797
31107927141
31113638299
31116436859
31120270715
31125656955
31255220383
31255237781
31255269734
31260274310
31294801391
31295728025
31296123785
31296293513
31361726385
31367427665
31370967633
31409443969
31411983873
31412207873
31428858113
31746605313
31749763329
31807365761
31807535137
32020244091
32284427899
32448065659
32448081575
32558893175
32560522615
32583424759
32988212099
33003983235
33004004529
33169212593
33170037441
33199533805
33199587658
33199593382
33199635238
33214846772
33221093160
33232337844
33236021428
33261190868
33269117652
33473714900
33481702602
33482196042
33574338378
33580464202
33581096842
33690808137
33701627209
33702058825
33777454921
33778964809
33779541513
33809890825
34070879753
34099396105
34100244137
34107784873
34108108937
34108985865
34110534003
34156745075
34157172851
34415424115
34447071223
34448467175
34450458243
34450840803
35082788067
35082788409
35089981625
35090105444
35090127636
35090215084
35242865948
35278048860
35278664284
35278725112
35283092984
35854255608
35854341368
35854430528
35861485411
35862126435
35862296979
35917428883
35948124307
35949752467
35995687297
35999911041
36206161025
36206536001
36250410065
36250464165
36557828133
37152151413
37164906860
37181362987
37181367591
37181562663
37192148903
37192373607
37544134023
37659588993
37661333469
37661419093
37664225061
37664240465
37931086673
38139440041
38139576777
38428752329
38429399542
38458504246
38458705462
38476422710
38476507122
38524054410
38524056322
38575994732
38576088984
38864643992
39144147264
39147840120
39153795232
39181435660
39189144361
39242339113
39251022893
39267417533
39279139773
39975542013
39975547853
39976910595
39977012210
39977231154
39977317570
40036970362
40350528252
40364797180
40394635260
40586401512
40586811112
40588260417
40618355777
40618419137
40625625561
40862847449
40897373145
41119406951
41304513383
41304821879
41407012983
41494559015
41496743655
41542946655
41543334507
41545778373
41761317701
41761790209
41763869441
41763875539
41805021907
41806024659
41806030069
41814609601
41816139009
41816387873
41817747585
41817827337
42025895945
42083540513
42434420257
42459085969
42461128561
42485452657
42567653690
42567675089
42670808273
42691121481
42697189961
42697449633
42838909844
42839668630
42841011350
43064367254
43106152598
43142246550
43269294230
43276774150
43279301670
43286047782
43527070524
43527451196
43528261308
43625758396
43755276388
43755323942
43757867014
43757925954
43758011842
44856097538
44995112450
45001462876
45029127260
45063276666
45063370810
45108883514
45128407866
45128414522
45128515138
45128564242
45129259250
45129495746
45334213826
45422328322
45423783901
45472969053
45473033258
45565074474
45573632810
45854126890
45854579370
45863391090
45876014741
45900134037
45923811021
45924506349
45924983021
45925552365
45961458093
45961799229
45963029053
45975040317
45975068691
45976453267
45976957971
45977781843
45978219539
45981150675
46030872771
46049575107
46050494547
46050835539
46092319827
46101618771
46101703608
46103576184
46103588362
46612328970
46705194630
46710150790
46710186470
46710187001
46710377753
46756552907
46756983595
46809977643
46920913707
46936674059
46936943643
46952293403
46956421021
46956457243
46975491414
46975944838
46976793718
46979996614
46983686534
47001396574
47003221378
47004065050
47004079279
47004196591
47012796399
47046405221
47104357661
47104377789
47104578155
47108932971
47130740075
47260019019
47559094091
47561146067
47561203845
47561589954
47563348098
47577479418
47666794746
47668821754
47677169146
47708967162
47709268014
47709281141
47721467789
47722761069
47756719429
47756830149
47756884142
47765988638
47766256606
47991020510
48125300894
48125322860
48602988972
48604890156
48623489136
48647233648
48671735920
48681553904
48681868656
48694520688
48708992630
48717244374
48717917414
48727219238
48924650534
48925033638
49016843110
49098054502
49098163816
49099875686
49100615893
49106575681
49147156081
49222938737
49230228313
49234246815
49234251971
49264713923
49267623931
49528348411
49528469003
49538018059
49540452331
49540670411
49556456395
49790661579
49810146571
49811699784
49818166856
49818236104
49823675592
49823767280
49830099312
49831958386
49831959042
49843892114
49894541906
49895234130
49901435474
49901621106
49901655666
49902944370
49903519554
49903557954
49909294482
49916815274
49919743210
49921887306
49939151434
50228115018
50228223438
50501086158
50511898766
50550012046
50554410006
50575856662
50583689906
50599871922
50600446962
50601575738
50601823338
50676421702
50888410182
50917659551
50940122015
50940409631
50942505503
50942544227
51096983498
51097401514
51106090538
51273123210
51281480558
51288174830
51301047350
51308615047
51436047751
51437206919
51439536775
51439614843
51508545403
52491110267
52500789115
52501190831
52532644535
52532850959
52610415887
52909440271
52910004056
52910009784
53007062456
53007248744
53022494056
53023347656
53024399912
53096771756
53342240940
53342843948
53342893354
53342975330
53343024406
53343185766
53343566550
53347711446
53348599190
53415857046
53427498678
53427698306
53436111490
53436159149
53597623469
53921392813
54119041197
54119686829
54580904621
54642948781
54737738397
54740330141
54915174973
54915235829
54949669365
54975228917
54975245479
54975385951
55088163935
55088707183
55090661843
55192820947
55206481391
55287877615
55470212399
55470386287
55477953487
55499712975
55500361727
55816065023
55818290399
55849753823
55920843999
55944586463
55944676503
55944878647
56034335327
56036409645
56090673453
56414797405
56414798997
56417153273
56417199135
56623146431
56623263039
56766688575
56849868767
57065326559
57319985119
57484134772
57494956404
57661958516
57662004132
57663728036
57664024212
57706681548
57883681996
57902108876
57907010064
57930736144
57934864890
57935710366
57946183834
57985387496
57985440354
57985487738
57985503034
57990494010
57990499450
57998776954
57998779854
58044454350
58044571566
58049695662
58053660142
58332865074
58332910130
58333350626
58333354449
58363754961
58464200089
58957406497
58964876369
58964931529
59271940169
59272813129
59796478537
59804934431
59804945951
60283224095
60284693415
60353248711
60353281886
60388257630
60388299934
60388316362
60388353592
60468524600
60607679192
60840754392
60846210264
60847802328
61277784024
61279368920
61279388650
61281820752
61281961120
61283429296
61286377200
61926461904
61926605872
61934727216
61935161328
61935265008
61937142000
61943155632
61943560360
61944123944
62452281896
62484314664
62487324232
62506109132
62506543036
62576001732
62584491620
62584560004
62600657284
62605048196
62609341540
62790694628
62862924220
62882486172
62947667228
62950883868
62951841700
62951951348
62952118628
63269950564
63270804756
63364709652
63364729876
63364813218
63570983070
63574547614
63575128894
63575548626
63688794834
63690393000
63690533720
63702782098
63702784256
63702848993
63706435937
64332986721
64399063393
64450118689
65192724821
65254120156
65280892636
65307405020
65738367147
65848001963
66113666059
66126938635
66183756299
66237610966
66314558078
66402456190
66404312930
66890030289
66958637069
66959121051
66971344147
66971356063
66971411551
66973094646
66973104870
67273459954
67273639322
67585520770
67585524738
67585534146
67586308098
67742214722
67760201058
67761282402
68173229682
68178306930
68182240370
68437445746
68437477374
68437782878
68596027742
68621244350
68621321478
68623406534
68628977094
68715257286
68742159302
68742229444
68742393284
68743176740
68745304292
68895969188
68972376056
68976024856
69296831768
69296879370
69770607482
69782496122
69819745146
69859844474
69861799314
69889268594
69889505418
69889593774
69889612314
70468539034
70477939098
70522552730
70526807586
70530848546
70545487650
70566472258
70579700194
70730509850
70732148442
70770026717
70770235586
71256604098
71259263426
71304098625
71376267585
71376487081
71481727293
71485624253
71498240957
71500557501
71500669893
71509405085
71598291101
71644825709
71696148589
71775591533
71775721133
71776573229
71783301373
71783754181
71792032741
71814537965
71898413805
71904921549
72424000077
72430724301
72784507085
72868383009
73218661665
73219068001
73219447073
73219475543
73219490303
73219503125
73430193757
73476280925
73478736989
73492195933
73504981597
73505050669
73539651629
73542024813
73601304173
73659582061
74012170819
74017431987
74028611987
74029509395
74037762463
74224863647
74244254677
74244278177
74263336609
74263353491
74279898523
74279899657
74281842057
74285691273
74362952809
74367348713
74367426070
74368462646
74401525490
74436008690
74641578738
74668856882
74691389574
74691538942
74691667628
74694925740
74695019929
74737448345
74737465008
74737544910
74737609586
75034274674
75046558066
75046703646
75046881630
75057730654
75058736990
75209538594
75217866466
75220996258
75221028910
75794611608
75794739344
75797811288
75797817020
75797859910
75808926022
75817587446
75817630164
75819877716
75819936188
75822689359
75833639375
75833987127
75863305783
75869808207
75870052423
75873112135
75873232847
75873600879
75886349679
75898328431
75930841000
75932896834
75933015314
75939039762
75939148402
75939441010
75982670194
76009509234
76010175842
76096816482
76133477730
76135940706
76137106530
76138332002
76166168854
76166216278
76167239190
76187538454
76187539226
76187577810
76254545258
76280392042
76280445650
76330739754
76351222058
76358818090
76358880190
76368459066
76370024282
76498015738
76530618874
76558592250
76567283962
76568451130
76930500426
76934578986
77048333098
77760316514
77762859044
77762972618
77906604490
77944025546
78147584586
78147649660
78228317308
78228326505
78228526441
78228929513
78252550357
78252569685
78484550741
78487259733
78503241109
78523622287
78803708815
78805189383
78807615997
78852022202
78862347706
78866323386
78894254010
78895763579
78896040683
78896236631
78930000183
78961166647
79029492855
79029636827
79039089499
79046439323
79259318683
79265130971
79375387611
79654976475
79865034211
79961099747
79996403683
79996517451
80187980875
80200914251
80989761867
80992466507
80993619795
80994027491
80994096795
81104523093
81117352238
81121318074
81155289124
81165646884
81165900836
81165917012
81165954726
81236828426
81237735708
81237753080
81664756216
81967483384
81968230520
81968672364
81971402572
81973348676
81976541976
82391699432
82391894664
82398613128
82414172848
82531752624
82733465620
82734170948
82735513764
82741833532
82741837941
82742554293
82742564605
82742597279
82810063751
82810366759
82814833053
82815030033
82819205265
82826749227
82829275719
82830898855
82846904487
82854440103
82871016615
83348061351
83571773053
83571851293
83911786525
83911787069
83911840863
83911989093
83974139369
83974597097
83974615017
84374212037
84378820533
84403647193
84446931673
84657235345
84664798833
84664818417
84676211707
84686471675
84687454267
85097291055
85097776751
85128111493
85134954757
85138309573
85142128517
85142378885
85147728261
85313602565
85316284705
85317023905
85317047705
85317058518
85317080000
85349446656
85658317824
85730620672
85776228384
85776352508
85891479004
85899053020
85997663116
85998182300
85998404900
86001988836
86276396260
86276433252
86763324772
86779544420
86787900657
86792037105
87132408561
87162467313
87206011313
87206506337
87206592385
87208092821
87410082965
87443322005
87444359445
87471849012
87472091060
87474147764
87474152950
87474940790
87509119862
87971498358
88187427190
88233518454
88314641014
88314804470
88907331830
88937852278
89455596934
89456778006
89460975982
89475737198
89478678790
89537929236
89537936445
89537995339
89655669323
89659146916
89677316772
89695323300
89822483620
89822842660
89829150500
89829607204
90008350292
90013719508
90219047892
90219126868
90219191609
90229975353
90257355065
90262347193
90267319433
90580389001
90582443401
90586540681
90960669029
90960695361
90972796481
91017518657
91021397403
91091674523
91141977771
91142325603
91179239267
91179310250
91183007594
91183514570
91183568590
91353749198
91355832014
91356646734
91356779902
91376280177
91387546001
91391999145
91392485007
91396240783
91398371983
91404602447
91412809551
91412899217
91413108473
91413168829
91413169613
91443648909
91448428365
91448508013
91457444421
91457480421
91470670757
91470765749
91474105229
91534164877
91540545037
91540811617
91543688609
91899827921
91902862701
91903554893
91903588537
91905938617
91906073619
92734428747
92743842507
92926306079
92928531487
93402889389
94110941165
94110944711
94397287271
94397742471
94399632839
94411130311
94411339967
94418747583
94422330655
94461054527
94462481983
94480141119
94482060991
94611407037
94611407597
94793848105
94793980439
94794097815
94794146151
94893496950
95018907154
95023623442
95076671226
95076685350
95076845638
95076942334
95549899262
95552937747
95554853011
95559785715
95559941419
95560011275
95560014167
95596668321
95596846033
95822648273
95822700489
95822714825
95829517801
95841957353
96170218985
96170263629
96175273445
96452225685
96579300629
96787058133
96791627989
96795176181
96795254755
96798261219
96807802851
96808227915
96886535115
96892810895
96895267591
97041291218
97076226034
97169015794
97169023466
97169162874
97170957266
97170971922
97184136466
97184335674
97184345231
97197375173
97201519557
97239646021
97245780757
97245877357
97319487617
97328004801
97331091073
97381160577
97381661569
97490680705
97522860973
97523696539
97523714587
97523883500
97609100780
97631937964
97632513228
97650193612
97665649852
97665665561
97675664409
97828544825
97832028217
98186790969
98192546617
98192603889
98195559153
98200428273
98238235675
98238355979
98559822347
98559939926
98592187222
98593590230
98593624660
98593645946
98593687718
98597019302
98660737810
98661041530
99056689994
99366906224
99367387448
99375233006
99381360622
99680502368
99690759808
99690857580
99695575673
99717934329
99717943301
99718089349
99791449385
99847395617
99847576689
99854610801
99854611377
100726405116
100727372620
100852607820
100861555532
100866786124
100872181068
100873577804
100884396876
100919883692
100930134956
100930467170
100931558754
101128580450
101139070738
101146019858
101151661774
101350268622
101350510014
101377456574
101380889982
101385862526
101707487590
101720823490
101725458798
101741221326
101741272854
101741395654
101790631582
101790668254
101881063942
101883201314
101883212047
101883466223
101886691359
102191155231
102191237733
102314525541
102314690455
102341073411
102341083109
102445191825
102501126801
102501140849
102506927985
102506952823
102510869843
102511087059
102512244019
102706217541
102706224695
102706657911
102718347959
102718401509
102718703461
102985730605
103077466669
103095938605
103104342573
103104356977
103105728273
103158680081
103217654289
103256434353
103398237873
103545971126
103581221302
103586285686
103594614734
103596628846
103600207790
103601927470
103673163054
103761861934
103762566273
103822089345
103842086017
103843079169
103843307495
104162337373
104162912269
104273585933
104273858941
104767706353
104779560305
104880606065
104929654745
104934147161
104934164007
105186464295
105216734759
105221385287
105221487929
105227676985
105233819961
105234067769
105234071225
105244865209
105245007633
105407247761
105520991335
105521455463
105576691047
105916898755
105999412675
106092100947
106136974134
106443473110
106482234582
106495899350
106509465302
106608695686
106834340102
106834970886
106835169926
106845011718
106846680838
107257935622
107260104454
107284980334
107285145870
107452882482
107452926160
107456618309
107457809263
107458400959
107458802407
107458949193
107463370377
107565664905
107574493833
108158131641
108169808617
108169828169
108593796225
109123146881
109165748673
109165776235
109167165931
109748589035
109758590187
109853972715
109861709710
109861733220
110114045828
110201384211
110204458771
110260836115
110285358867
110285361373
110419329245
110419627557
110761756105
110761786189
110762560589
110762561748
110769819504
110773475184
110773607536
110773639206
110822823694
111004678014
111008715518
111009311094
111009516022
111012790774
111017971574
111018107534
111018167614
111021846438
111084228518
111121643430
111128863929
111131380793
111131877265
111178011089
111178045969
111215909393
111509240337
111509298577
111547330307
112222762755
112225190983
112227672775
112258642179
112262005267
112306861011
112307394163
112396578419
112481951347
112481965459
112483517309
112483520503
112490123255
112499337719
112499343905
112500298017
112587252001
112594150505
112642241641
112731382697
112731860377
112774941081
112775714809
112818476193
112818543389
112818739333
112818807045
112823788549
112824685317
112825615237
112825627233
112826055825
112894140689
112896387937
112914861793
112949655265
112954531553
112954660905
112954823757
112964643917
113058786461
113090643509
113424236389
113424291941
113471986331
113475652763
113679209371
113712886683
113747385243
113754430875
113755436987
113775184571
114014685331
114038300317
114042979485
114058387045
114060703333
114088637845
114088640405
114094063253
114097889173
114098222261
114166225269
114169890741
114205479861
114205509301
114365458101
114884363981
114884436989
114884552021
114969060693
114969638733
114977639421
114979372493
114979761933
115063376061
115064800509
115116152189
115154232701
115368863101
115386147965
115391298209
115512430529
115513506129
115516052349
115541711741
115678717053
115678830685
115678846455
115683125239
115683667257
115688698381
115732517389
115744960713
115748210889
115748420809
115752115401
115752185221
115852820869
115864738563
115867068035
115867119791
116067856559
116100360929
116101439841
116168678113
116170435459
116170544323
116340674861
116545485101
116545552207
116552050127
116552440271
116555245775
116563661102
116563677433
116565924473
116566022094
116566282558
116867858750
116877753676
116878989932
116919399452
116935093276
116986373788
117053191836
117104881308
117175236252
117175249652
117388720884
117389374852
117390210788
117483362404
117493172324
117493229260
117493299620
117494384260
117572212356
117572573188
117634149508
117658687748
117661445552
117665278640
117743934563
117743936549
117960540794
117960751598
117961275886
117970092782
117972611310
118275264750
118275776366
118276373678
118538067118
118538118222
118538298214
118554973350
118566466375
118566479071
118566806927
118566921295
118569407567
118584932431
118585038739
118586779923
118586831027
118679608147
118679683286
118729903274
118742001218
118742525474
118743361698
119178975474
119187480573
119187538701
119195740077
119196116549
119207163461
119207814485
119213580245
119231426517
119231462014
119231499743
119231709835
119232087915
119245224747
119276525867
119278672651
119303297012
119490226756
119493580356
119493598756
119494116388
119495457612
119504352844
119534701132
119542089292
119587964812
119852661757
119874272125
119874281029
120120368709
120179486725
120433774597
120433943541
120448238630
120449633862
120449736390
120450056574
120781037950
120781060030
120783602494
120783898622
120794807294
120800285694
120800693246
120865854302
120869914608
121140936760
121158701624
121169965880
121190134192
121197732272
121197747173
121249564645
121296308853
121324996725
121343091829
121349186165
121391196789
121407424117
121407445163
121441032107
121442045483
121443205483
121629553373
121629976477
121699778461
121699873885
121707745917
121710292621
121710748813
121986874509
122047047297
122055905949
122060279809
122061142569
122122107455
122122234079
122450227167
122624497527
122635138423
122645615821
122863801549
122928158925
122945497293
122948587597
122980354125
122984663117
122994943053
123037692255
123037787775
123040135703
123117641367
123150010167
123150347575
123151211809
123151234837
123225206885
123319315349
123423120853
123423187613
123423244221
123461780669
123501062663
123501139075
123602547843
123602570819
123612003651
123619533328
123647532944
123649226640
123652076944
123652365934
123652926382
124033461415
124048972967
124049511159
124114156279
124302128358
124302408998
124302416578
124386908866
124386965806
124387589486
124388773102
124389604398
124395818030
124399376290
124492892810
124493001336
124532547448
124660572544
124660679884
124661931980
124686454732
124686479148
124694754473
124702280119
124745475511
124764253287
124764346727
124811790695
124825329831
124831143475
124831230819
124831841443
124879781027
124881339235
125013771107
125039482149
125118055717
125119202309
125143301125
125398852465
125398878657
125399396305
125413537745
125552279505
125713493969
125933564625
125934853329
125951761105
125976508018
125979943366
126023616198
126044756294
126120307974
126120603846
126147408974
126161089102
126191841646
126440088458
127124383498
127128548618
127140498186
127141448358
127143529126
127164559214
127440345502
127442246654
127499776804
127501962532
127509301796
127562455652
128030546532
128040700260
128075939684
128081497234
128104730298
128137889978
128155253522
128243190546
128250110098
128405088706
128408127682
128413140418
128780498174
129017151238
129035519750
129035669012
129498219932
129499906140
129509545473
129511587329
129706133505
129858397881
129863532345
129865042873
129865047083
129865048183
129870380023
130026398711
130026473063
130026585721
130182098669
130182243293
130202673469
130204206621
130226846775
130231191799
130233105683
130233984479
130234158243
130235174051
130235397923
130235523435
130236511339
130366922883
130367174651
130367193523
130367756563
130367782019
130451834915
130452342323
130452381267
130452489219
130620075328
130621744208
130643680848
130644224408
130645049752
130985769576
130993769064
130994272026
131209699522
131209710541
131209731771
131209732475
131210756795
131210838315
131211636619
131237038911
131250955071
131251311819
131326104779
131339791563
131356401867
131356412794
131357223738
131369614394
131409985106
131410920274
131411046150
131485519366
131496040454
131512108758
131596749242
131614603706
131842800058
131888520634
131888815834
132484931290
132604894938
132606024858
132615347287
132626307837
132644787965
132646875517
132911426173
133037165181
133192553085
133203795069
133203798978
133213960386
133214832354
133382045410
133382140706
133444658658
133488412130
133538279000
133580561304
133624532664
133638371565
133650275437
133759036525
133763417837
134272800245
134280509941
134332934741
134333789333
134335917789
134336018697
134336031817
134484260425
134494002377
134494077849
134494131369
134528746499
135134562017
135179601633
135180315169
135180625441
135182388901
135408822253
135458410961
135475084689
135686315409
135853463665
135874113969
135885389233
135906468159
135907288447
135988702975
135990038271
135991340943
135991376141
136868854029
136868856713
136869728777
136925453113
137207990585
137216996808
137219145480
137226784648
137239719816
137240485656
137242172440
137252600876
137253578156
137253953708
137266423212
137267501724
137569544768
137579466672
137612861360
137620242864
137622196656
137716347256
137717907576
137747154040
137817043352
138153689496
138161002904
138161022076
138161213044
138251687072
138394536314
138395330638
138434229326
138747490510
138747527464
138750205864
138750236625
138750689521
138790716273
138925237105
138925238185
139197078353
139197447145
139602799145
139622398505
139716361129
139716378209
139907685985
139907833081
140063988361
140064194025
140064216041
140064771465
140064892681
140083971849
140176300377
140176301927
140194368359
140195480807
140227096207
140236289383
140276275815
140281242087
140307276263
140322221979
140322450625
140323711793
140323854497
140531947681
140539714721
140540637265
140540644649
140540728017
140552448721
140557177937
140928362207
140928373735
140957968755
140986866035
141124725107
141175433651
141178090227
141355126883
141355344467
141473997395
141522953299
141571802195
141574909171
141725278977
141725298081
141725437633
141725564161
141725618369
141792273221
141794885957
141794899825
141955098529
141955338033
141955840145
141963600017
141968114993
141988514609
141990426829
142006610125
142473365709
142473397551
142534860079
142559653167
142899802511
142900307343
142955910132
142965856244
142966126236
142966156028
142968692476
142968696801
143088689953
143116231457
143126802209
143133613345
143133645922
143181825722
143420633786
143580057146
143891519002
144046341722
144058397658
144058420434
144061315042
144061340994
144154464874
144154657442
144161241954
144169295970
144169431226
144230714554
144279685306
144290428410
144292807482
144480531698
144508511474
144513850250
144541286538
144544792610
145077756066
145077923554
145080901570
145115753410
145118482438
145123290886
145207312134
145419564246
145422980254
145461139390
145468505858
145607581442
145724555010
146280954674
146280956476
146282658826
146283056234
146285822058
146348126025
146348146633
146352418761
146352672969
146733248713
146807354569
146808190153
146808508745
146814351689
146814427649
147259169151
147341474175
147385907903
147387424337
147389804753
147525554385
147525622302
147530774814
147534844190
147539659038
147544030462
147549653118
147549681504
147550135665
147550418353
147551888161
147568440593
147568743297
147582200193
147630029521
147743980241
147744293585
147816674001
147816791133
147818606815
148129272031
148148750815
148436332511
148436438627
148436855395
148552833635
148864776803
149042428387
149098371555
149232531939
149266391523
149317022179
149486502371
149532963299
149681096198
149681170304
149999159168
150571056500
150578796912
150588889456
150597126512
150602293002
150602392066
150645019138
150671905826
150671932950
150672632166
150707925350
150708463694
150710032462
150712199246
150713049902
150880987086
150894741982
150946678686
150946734155
150952354187
150955759491
151555942099
151564292307
151588203355
151590703963
151636834587
151637385339
151638808187
151829197219
151831344675
152156692003
152709647675
152710267995
152710812651
152711765995
152766752219
152767368027
152771728565
152772312405
152772381909
152772739309
152805071869
152890539005
152986656596
153523303556
153546339460
153618134148
153851187910
154128022214
154128170786
154128702150
154223233974
154237899446
154250103478
154260972982
154264133686
154264919854
154393190190
154498937436
154511029180
154511637436
154511840812
154538506284
154538821914
154539174778
154540387130
154622028602
154665860458
154665877145
154666574265
154670144185
154670511929
154670547165
154716314221
155205769837
155239832269
155277949645
155278907925
155312358485
155312369475
155312420082
155486889202
155550073162
155559202634
155559204058
155628438938
155673159578
155674151542
155741096566
155741443958
155780984374
155793350198
155793351302
155798819142
155851712326
155852098918
155857333206
155860239958
155870831190
155889189462
155889200330
155928460890
155964673234
156028243846
156028250965
156028257926
156029976454
156074857350
156287421318
156291027846
156294140038
156298546442
156298707618
156298989838
156311853582
156362852878
156362864360
156363496206
156363497806
156665094478
156673405758
156709876542
156728956072
157372232868
157372238883
157373215491
157376175504
157445111184
157466036368
157549974416
157550425368
157611291928
157757647384
157758151320
157762529176
157762671260
157769035932
157778017436
157811464117
157815956149
157819246581
158210220237
158210492613
158211603429
158211876342
158215831030
158301449732
158467403524
158471172146
158471435826
158480763978
158481524042
158483720010
158485241322
158555225962
158562613238
158566450678
158566483622
158702175910
158702673384
158702723344
158807577424
158809904289
158809911593
158812599561
158836123161
158836238425
159000635833
159094285373
159123062845
159125449213
159133221469
159183193437
159200705885
159200743681
159202861865
159202893279
159237975711
159293150215
159301790727
159301955231
159302041171
159305454427
159305978715
159306041139
159306081973
159306130637
159306143531
159306726743
159350999603
159456350451
159470761391
159472514031
159472565985
159499175661
159556212461
159714277981
159716435453
159761940989
159765636481
159781428545
159781643032
159791305550
159791749966
159791974030
159792023038
160035487742
160035658750
160047840254
160566799388
160570335696
160572708560
160572910668
160793214028
160844627020
160851128652
160851732812
161270929023
161311974431
161591247903
161613270559
161619465247
161653969503
161655648863
161732604319
161773706655
161773844687
162162361615
162522897167
162648737935
162712211419
162725018459
162727545947
162727681083
162727815149
163039317261
163039333705
163066485513
163165797129
163171935569
163186962001
163307339641
163561622849
163563455425
163563531073
163563576353
163563766891
163563786539
163661882359
163696569335
163699959927
163980244091
163992134523
163997733755
164381160315
164418924899
164445159419
164476178427
164477129723
164478754893
164479114317
164479685613
164541786737
164541896993
164556357585
164880687057
164884950771
165227196147
165228597235
165228692649
165229343833
165257630809
166024698255
166028933671
166048910727
166051902666
166102365386
166166535370
166170481866
166271558400
166272197888
166298322934
166298347387
166320241531
166320275840
166326055808
166353396608
166377099192
166389467576
166389554296
166396183524
166396249956
166396259612
166530449532
166575417468
166580700028
166587992444
166588197962
167180498123
167462833019
167462836624
167663912951
167751363789
167778766029
167783525165
167804367149
167804660301
167805074701
167805115917
167805154437
167813502085
167814685061
167905971437
168006774849
168006955377
168007584961
168012485505
168012580177
168586376961
168589418241
168608179193
168608198895
168630092837
168630782443
168775629099
168777090731
168864566543
168864568641
168911123777
169101698881
169101929557
169554247765
169556528213
169594462165
169594596709
169612983141
169867426661
169940061941
169977985781
169978813941
170020235621
170245782937
170292898450
170293675250
170417021170
170417340590
170742268078
170743011310
170743013300
170751615796
170756505533
170756590737
170757620433
170757680825
170757682613
170760766837
170760903328
170760916894
170760956510
170809479486
170841067550
170843849502
170844317470
170844685086
171344691998
171346739354
171349041754
171402472026
171507064147
171584407651
171592790925
171643986317
171728534781
171729413341
171743852953
171766722969
171768215961
171768283249
172018111601
172018218373
172023140741
172108183224
172108373432
172109438072
172119948920
172120009792
172157967468
172157995264
172215820544
172258178009
172259127017
172259257417
172261160649
173136150765
173180371380
173586895924
173620918980
173908138180
173926156484
173959970500
173960168436
174224531092
174224532540
174226220820
174414980884
174415702004
174515836916
174516168116
174520773504
174520790376
174633102628
174633121736
174858422992
175216072592
175319254788
175461466348
176121061612
176177391852
176177395568
176185446832
176204429232
176222668776
176228295912
176231142760
176277395816
176277412440
176284164440
176512370008
176587154776
176593842520
176594906568
176594946326
176598769126
176599924082
177332589426
177484303218
177484380690
177517416494
177517481198
177614171374
177616647694
177673357358
177704814638
177724618734
178098110570
178098243214
178098476878
178753905486
178754320495
178754332575
178892348975
178892650831
178894745663
178894936143
178894939071
178931295167
178931566167
178933573859
179371364547
179385536707
179385719235
179387403907
179387583363
179402528511
179437299455
179439328543
179441511199
179441536811
179576199115
179655136331
179735932415
179836979519
179837542949
179956005461
179956042083
180290231455
180292136735
180357325715
180357403775
180541812687
180564732751
180564811439
180564821343
180564835351
180863881559
180873502551
181097697307
181156212763
181156218891
181156394239
181160801535
181161240063
181163629055
181164232703
181197477887
181199511551
181237220551
181377074375
181390949575
181404739271
181404743476
181445508916
181620096820
181621498696
181643765998
181670000878
181737332220
181737715068
181741941104
181756549680
181756559300
181775264613
181782793061
181783252869
181783612581
181784209061
181893564069
181899738277
181909604599
181909698253
181909763709
181917870653
181918022253
182176750189
182341704301
182358403693
182403471981
182407244365
182697732685
182905426601
183097487273
183098967305
183099096509
183332978109
183334759165
183343326781
183412583296
183458419584
183563934736
183564003650
183712686166
183712784982
183712974870
183714559190
183716573342
183716846326
183735085558
184095513078
184096350788
184096436356
184119256852
184764630356
185003925844
185011414356
185169642836
185180550484
185180762156
185180772748
185204357516
185265472208
185273566904
185273711422
185299001150
185327929150
185328032318
185368827918
185369040238
185369130286
185372040494
185406845882
185408220090
185428523962
185428642458
185428684738
185526063042
185526077094
185526137902
185526138441
185903003209
185903793777
185933105777
185976160881
185976750465
185991266977
186042184353
186045062296
186045175672
186046943602
186050020722
186050436138
186074601834
186074988122
186097849946
186098316506
186098506594
186098991970
186099187170
186200927970
186201892546
186203647586
186205853410
186207136354
186226807906
186227731810
186422571294
186483883246
186486201838
186627195736
186668729176
186671053656
186673510327
186801279399
186840731559
186841159969
187065297185
187073995553
187326525409
187335413121
187593024821
187593035735
187597679063
187598882647
187760071355
187760465755
187761733887
187761873811
187801151891
187801531267
187801662717
187815780605
187947609341
188088604053
188138852265
188139545409
188148185985
188182298575
188182372435
188183226451
188290338451
188413825683
188437773587
188438020259
188440664547
188492570021
188543359841
188543842769
188544444881
188548359785
188577102033
189044438401
189121469557
189121568445
189212186885
189252054277
189274048726
189274349401
189287253945
189287307977
189354715849
189354861177
189355744361
189355764089
189356561529
189356775865
189357121097
189548913749
189548988245
190032993045
190032999240
190051734056
190057965608
190096145040
190379567824
190391104592
190409057654
190413188598
190679758394
190681623277
190681945517
190682453613
190693074541
190792760941
190793722301
190806495765
190855578933
190856669041
191003150193
191170519729
191471807133
191520127133
191528417309
191578240029
191606288413
191619088413
192151541864
192151563780
192167005190
192168174285
192193083085
192199822029
192221384365
192224682884
192288504708
192288707204
192416739108
192563752756
192793318314
192793339754
192811691818
192874251178
192878238058
192896547125
192896977973
192897913397
192937589813
192937590188
193033801980
193108414716
193111808828
193154439830
193154615778
193316659130
193319680122
193357602938
193358095490
193719286914
193719303956
193838031986
193838126602
194026052642
194028108716
194035462516
194065148788
194075012980
194075577716
194075583224
194123370060
194123422874
194400796858
194605106848
194605113545
194689984713
194908039369
194908750769
194908811055
194908860239
194950916175
195053908047
195404216695
195555276541
195555300089
195555494049
195656808957
195663019111
195728479023
195855664589
195855674303
195855702091
195856515035
195856688283
195856775195
195885197851
195971131931
195971169988
195971221688
196160705324
196161889580
196163314028
196163462904
196187719416
196371327688
196372253448
196372261344
196377550048
196393082080
196393382336
196401161124
196776131232
196839078560
196839256608
196854814240
196854866424
196969800184
196969823346
197048566374
197054595830

