2211142802
4752951002
14330549310
16816296540
16865610717
45934929741
69060053415
71876348948
72667544483
92930248199
92948584279
186378055420
192499901446
196204045216
277303223270
287179840011
328534599982
329127806236
329132281081
371978542988
372464486882
380568181373
380572948304
380573440244
385506275606
407160016298
415203375833
424958172218
426642501249
426642690384
426642733760
429939042138
429940225251
446426780954
446426899322
446427435029
446479358783
446661288752
446661390866
446663707223
498711288974
502313749394
623003843030
623448814517
627982363862
628104792302
634151528000
634151692205
634212158537
634225298033
634585881116
634718997245
701772210776
701806675709
702904379630
702927111065
723021442073
723710762539
723884207551
726127301914
756827998945
759915080665
759916097350
802311257211
808379994885
833391053952
850875813663
899148579834
905393619327
940200713872
940200883936
941772873292
943578711511
943938514564
947403678904
1009312129237
1014964588081
1016289149680
1032432016897
1036522039321
1036968351346
1036972768537
1047411146980
1155362055850
1155395172025
1157890287520
1176715802376
1189909238544
1203105272868
1203105304150
1208465172184
1209114295875
1209116154339
1209151603422
1209603862953
1250194263651
1250201818554
1250504829348
1250562756417
1263700804227
1264349936583
1284752528473
1284755553094
1306748428494
1306748622854
1337754084659
1361756971718
1396876733288
1399387168961
1399387324286
1399387388368
1399689246856
1399749828076
1412168522675
1417417331675
1417646705307
1427989563942
1435318354032
1435318355664
1435318372029
1435348506099
1435354806530
1444154989808
1444155038025
1451583502827
1451946076637
1548443007653
1548443201888
1574330755880
1574851193371
1574851685446
1574852071321
1574852900653
1576514123659
1579403765523
1579418925348
1688075795364
1688240614632
1834642670020
1852180236640
1852623045091
1852727916115
1899627052924
1948784636836
2052099955882
2080145992570
2081316018385
2150638776748
2150641844974
2150642062999
2150748941689
2150810109892
2208799352656
2218182545017
2232859435290
2321832394989
2323646473824
2459908049592
2459994872070
2464101046947
2464114522755
2465265518562
2465267982536
2465268705461
2482718684825
2484594885353
2484760635896
2583037509620
2610970421504
2610974360291
2620836833621
2628349283597
2640413171444
2795266577181
2795269628127
2800037226891
2801754583443
2801754594231
2806949239737
2808295594554
2808337891134
2839383890031
2839441174122
2839441207992
2852063519316
2852068578756
2852068610246
2854459330592
2854484344526
2862991911335
2864109531758
2864109537010
2867454958105
2867516791508
2867573891891
2878772948084
2912791274714
2946111031091
3021587764157
3021587779115
3021641524640
3021645777986
3050466098520
3053898339133
3185633242768
3185780905363
3187293917890
3226625455864
3226629808399
3234444591793
3234750170368
3269632658530
3278810339283
3327854549745
3327861797949
3330227927856
3331497934065
3335302224939
3335363830542
3336085449174
3336170945565
3336184453503
3343004653584
3343134628209
3343134662178
3394073282028
3394569385482
3394570155954
3394592404305
3406736894037
3406795209663
3483323466234
3484356587538
3500637724347
3504249861969
3504249968655
3591646343808
3592010269356
3592015747725
3716575355034
3726654363963
3726671438817
3730577708772
3730818543399
3730821322104
3787812621531
3787823558718
3795775827516
3841814305467
3842449079967
3842475117876
3862226155851
3888179638443
3888193947188
3888253691654
3888255415415
3888339183002
3888340814909
3892151287946
3892296883097
4031892004766
4113982275836
4146186012836
4146186785657
4148624098742
4149593112515
4151580564074
4151583408605
4151680210832
4152270092729
4152870772853
4178811120026
4321579511804
4321580510993
4323363440753
4337058143882
4337502952934
4337503072028
4369172326703
4390875639206
4433168245427
4433168259971
4434395222375
4434462575900
4434824132927
4498990511399
4499037861407
4499037914397
4531959916386
4549948216647
4549948441314
4552810782540
4553281329360
4613720639351
4721904035507
4722082087328
4722874493288
4768635834437
4768635872639
4769890310327
4769890334164
4770245516404
4770611571874
4811815905025
4830477820240
4830484249291
4848471447541
4853641928997
4947635775344
4947643819130
4948273932386
4948746842705
4948948055453
4949099201210
4951254044687
4952199886169
4952272161425
4952926345856
4952928251462
4970717079944
4971324930350
4972748313056
4978934944407
4979069023595
4979072209181
4979083515485
4990830948902
4990865768129
4992000176504
4992206209886
5006469897791
5009196544415
5009197453370
5033783157640
5034065431786
5034217973794
5035661190403
5036281559197
5036285238913
5036373613396
5036385934954
5060847207523
5060847214321
5068960211229
5073749580363
5073749936466
5073750521988
5077057779933
5077080778065
5174087226855
5213124445779
5213138656905
5216054699555
5273508345794
5283849196763
5283961671867
5311626364563
5315221397643
5359479786945
5362840619829
5366950343316
5380476234041
5380691441402
5457887693420
5459341443529
5463548432788
5525568181174
5525788283821
5525797788523
5528028246400
5528032470847
5528032563647
5528180416922
5540516015505
5553052986085
5553053040670
5553321122158
5553592192060
5553597488731
5553599674853
5590311836375
5590312167746
5590413346628
5590477679594
5590625046215
5590758147221
5590905747851
5680789604210
5684700019589
5687009622809
5805786686309
5805798196298
5806076676485
5806496972201
5806515425378
5808736151546
5808740096807
5870344701510
5870880891360
5870897241615
5871076417440
5871076430517
5874196443354
5874196462744
5874196547638
5918681549683
5919944253499
5960578763800
5975784160426
5975999262811
5976154629901
5976698329024
6003656329354
6003755565937
6010322759521
6010586118061
6010586196280
6015031237330
6017106241546
6023694866272
6079399182184
6096498827800
6097861977763
6098379065419
6159876451285
6160243616590
6179916893188
6192385600081
6206889156412
6207729740464
6214280498716
6214600010182
6217862482741
6379797603607
6379797648753
6379799238945
6380918842869
6394235027592
6394235071752
6416329291227
6417397487637
6424310344441
6424311738289
6424372598125
6425209440553
6426050677636
6450819115297
6452021463789
6496696269687
6496698876429
6497802127623
6507796941122
6536852847212
6536854235633
6537357470894
6537561485189
6739212079184
6750044109890
6750442110500
6752529029400
6752562801054
6753102154620
6768300949503
6795486917295
6858250630836
6863362622322
6863362731142
6863454552337
6913679366977
6926141006203
6951717031198
6951975737690
6959512498358
6959517084497
6959517109814
7027623833027
7027624354100
7048132130849
7052396266437
7052396392758
7052649057003
7052650514517
7056107504292
7056161310324
7059097230879
7059202915467
7060551722700
7061505305001
7061585884998
7061614368600
7061614608684
7076406206037
7076412398892
7127522198049
7127522199118
7127652185650
7226275597273
7226275608496
7226452420885
7233956361244
7233966085375
7233967066609
7263989408728
7264030524328
7264030525092
7269011204697
7369480094319
7369614686673
7384813933158
7396483523394
7396580977949
7401394239086
7401416106170
7401434155481
7401434297906
7401435346451
7403266105445
7403288322449
7415231772044
7415256061073
7415279444477
7417870833638
7417895714344
7417943953003
7417948848238
7417950527584
7417950667219
7543917931555
7543929695563
7545195233731
7545711341458
7611738474574
7613170894429
7661223156701
7661223304931
7666000073786
7666090919579
7666092145028
7679931041243
7679944671113
7679947292597
7696725655115
7697092583234
7697094694094
7697147440160
7699812238532
7699861314019
7699894815592
7724940279625
7724940281173
7724967889861
7724978525242
7727192528131
7727371866505
7727497423795
7736971446460
7736973749371
7737568154500
7737573916840
7737574369720
7737648633679
7737666604445
7737667202630
7738570177022
7809297061556
7810734683534
7815398114759
7844779978691
7844780560136
7846914076502
7846919586527
7855421314829
7860554208203
7860900549011
7861138420253
7864605187043
7865077054892
7866098346713
7866132345086
7887298827726
7892648784450
7894109715759
7894115459307
7952284433106
7956325197178
7956325251568
8017362547444
8049316296951
8049462207030
8054190343368
8056949073975
8070998276201
8082823615628
8105517504455
8270837579657
8379715260611
8379722785835
8379730518338
8379743217707
8379743228426
8379822872405
8379822987911
8384053435418
8482989480442
8482993467586
8482994178064
8482995887650
8482995905093
8495546376383
8495654613200
8495655540812
8496925497980
8496974048708
8496975601494
8669890736811
8669938793949
8670228871885
8711727117627
8714767082619
8718427559865
8718763359180
8719894325141
8723507517899
8729961133871
8729961392837
8730516000728
8730552707294
8730623355617
8730623395991
8730623738075
8860167264794
8862698104934
8862704270843
8908979645026
9041030635865
9064771420224
9067442498832
9067443663450
9067446588198
9073422697415
9073756737608
9073785047945
9073820484860
9133803638444
9133992820328
9139871386418
9171044672462
9171138880436
9176271137393
9176415826883
9176416436674
9188093706519
9203885634921
9206416989006
9206416997358
9327794387669
9336271443557
9349537096652
9349537405019
9372168288563
9381720940538
9386914607387
9386916883244
9386921686298
9387191737058
9387191761743
9387191812539
9397403076648
9397799089617
9398138463903
9402476932713
9402492259209
9446999494274
9446999640071
9451806987560
9482904635624
9482933393864
9526708375127
9529705453535
9529706990213
9531038446748
9531706868306
9563276394802
9589482142661
9593945184179
9644191513553
9667935614810
9668696050832
9693205559096
9718380411818
9759318499276
9781611150148
9790664601877
9893797480832
9904154802314
9905702399330
10135694392034
10135711314068
10151193159266
10151562589493
10155987308210
10155987361886
10161247307585
10161589883894
10234506592406
10262310998438
10264563775200
10273662691434
10432670901516
10432748802456
10433229641415
10434497257962
10434519813190
10458027574384
10458163531426
10458182633224
10483964190616
10484541512689
10496436389176
10510115773234
10510199415049
10510199808961
10519180323817
10521444402862
10521446804917
10521452335354
10522441271239
10522441678798
10532920081069
10532920140892
10533405317567
10533990670304
10534262424737
10534275968447
10674644610080
10674649403984
10674649419740
10674649421990
10675732380650
10687604462393
10687728742313
10687728743326
10687729431016
10689177773656
10730466690462
10730468942451
10731178947627
10747698791112
10747706995521
10781750574540
10781762113772
10798761080450
10798761195224
10798932323600
10799015013098
10799169877391
10799354822594
10799907641819
10823636482469
10825543838510
10825543878100
10826050867432
10826051058562
10826051061355
10826110576969
10826120648509
10826120829592
10827000246349
10940184017983
10962081757135
10986291358705
10989169740766
10991900284624
10993627789430
10993747029467
10997669029445
10997674287803
11004343484849
11009687624162
11010219528947
11034176161009
11034201486469
11034351642865
11034352183054
11035799651191
11060639491924
11060641389142
11061648931375
11062014891643
11062066203037
11082637605268
11082637658788
11082662950714
11089841537644
11225372167132
11229343547929
11229846305290
11238279971425
11285478604762
11289450063355
11311461507407
11346787611023
11346790615219
11359731691999
11509813764734
11510092028975
11523441054119
11526361996403
11526592131713
11526777781769
11536053021542
11536280081821
11536554528451
11541518895979
11541668432068
11541675596194
11541676756006
11555181248806
11604554066323
11615902068760
11623549474384
11623557580450
11667362173495
11668188749659
11668199781823
11668200880426
11668703052805
11668713385588
11669853667156
11672056096738
11672164989655
11672229366916
11672231075169
11681258681229
11683953835212
11685741248442
11685933811740
11685935395335
11692342979472
11692343064036
11692343118027
11701436015423
11701440264278
11702801727506
11734351162058
11736168962195
11742124122539
11742518687957
11743539817003
11743728588457
11743731099862
11863060035316
11863341157156
11863341902437
11863377743884
11865811577719
11881281825229
11885083698010
11885083775581
11885100324529
11982695212651
11985843921403
12079991223859
12079991298125
12079995238694
12081052215794
12085917381002
12085938254363
12086876327582
12093368386538
12093383968913
12094771758194
12094918370300
12106029300842
12106124480297
12170203433525
12170358332174
12170614944788
12170637991880
12170671208765
12453392071001
12453410923265
12453591203507
12455955730265
12491987083083
12492332221719
12505359854856
12507494596896
12507495871107
12623424049742
12738818136983
12739950012561
12739950045033
12740587006596
12743226412575
12743477730951
12743887217697
12743897533857
12750574452612
12807737309454
12822338015727
12848363744379
12913791729117
12913822540914
12913917343654
12913921641571
12918114364519
12925517934700
12925624708414
12929265020215
12929265059895
12929266541385
13039634900871
13040022320145
13056134454150
13056185816817
13056185966244
13056399185622
13082368581528
13082858227500
13085907497676
13139700800750
13141116194627
13141164945773
13141168287023
13154878359083
13154986732049
13154996078888
13155022181462
13162632623537
13163304737183
13249696299291
13249716822099
13249717190892
13287252371803
13287359807314
13292524352099
13294357314474
13297881201762
13322552177676
13325403548910
13329843611277
13330471498641
13332147564342
13332216342819
13433782178849
13438268614955
13438305739280
13530702479499
13537746729954
13547697108792
13565428908135
13569525154872
13569525291762
13569922068966
13570594542354
13576410042168
13592314061202
13599207518714
13809669828677
13811945938640
13813238613740
13815562113158
13815565360628
13815566216867
13838862995984
13972863831894
13972865184756
13972914162621
13972914167281
13973140604890
13973146142257
13977774816220
13978807175341
13978820719675
13978845933598
13978846043119
13978943150108
14052900310187
14077228439138
14077962424973
14211448027292
14211805830770
14213954115041
14213960652933
14216153005998
14216155072713
14223890936403
14280668951229
14281237475001
14282016508458
14282113170942
14282116732593
14284443940073
14284558739451
14298211458741
14298590723907
14298599607339
14300371146927
14320582379598
14320584403653
14322171593100
14350473524234
14350474687376
14409696372092
14418245486312
14418245853647
14418250590581
14485221009713
14599895762703
14600099845999
14600450879182
14613186644047
14613599061946
14614895837035
14616932705869
14616932753446
14619431290945
14621394433999
14631698189254
14637684872119
14645569244257
14646998466253
14681338216690
14681529026675
14681678403941
14687701457048
14699907364301
14700159647639
14789530486286
14789531567150
14918272596872
14918302816901
14921093117132
14921093121618
14972481340554
14978761172814
14980078876502
15039424559333
15039428017061
15039434339678
15072821655014
15073425332624
15073425396009
15096563221905
15096952236717
15097447532763
15097447764828
15097447910385
15097659862032
15151246120944
15151260889188
15151273653249
15151273960248
15151275550450
15151276390258
15151276972000
15151703594464
15152504366701
15152537060164
15171393741580
15171495429952
15171500800786
15215567895580
15216965484646
15216969371350
15217154844259
15217155637330
15217155658903
15229819762339
15234311362783
15237615013945
15248032883944
15271379787001
15271656668653
15282513260329
15282513260845
15282552961456
15315269393974
15332707403230
15333833152228
15351136415563
15351289892254
15351391974853
15462037991053
15462078165053
15467319910487
15471676744643
15471676746403
15471756501919
15472241459443
15472486630891
15570405285733
15570440777157
15572620525281
15572620672758
15626333718621
15636421000242
15640835984622
15645638262645
15645639066705
15645639410388
15645641275187
15715796182169
15715796714474
15716403374243
15725543125937
15726351143669
15726351208667
15736644923880
15736696213485
15736823411916
15739797110808
15742210355175
15742233436773
15742233450912
15742521255738
15744260898327
15787449543192
15787461713990
15787461723143
15789952015259
15886631776192
16054323785224
16059414185863
16088905692937
16091534032453
16097402280601
16097404974761
16097406213148
16099037470933
16100497260691
16102584170449
16163276499259
16163814848992
16178573288581
16178597914201
16179302521699
16179302566645
16179726059005
16179730730923
16190768192587
16190878946641
16192152583270
16242138860848
16277291022958
16327845879379
16361234368792
16361235385018
16362236639545
16369438196536
16369560425779
16369578347698
16372891311283
16372895358772
16376286024921
16446278635140
16446278670258
16556490322014
16556497682927
16558473302483
16558741247162
16560557653451
16581682098590
16680578068004
16690133616242
16694511312272
16698403574357
16705860223028
16730222116361
16735371602504
16735668350153
16739748258008
16739750484779
16744268619014
16744281527579
16744453156493
16744565316059
16744628183561
16746705291437
16926800430860
16926813199781
16926813416465
16942644696419
16953055625609
16962795606446
16964306405729
17019037742849
17019037892180
17020546526252
17062598824913
17063035978754
17063193140948
17063508816902
17063509538342
17064473698433
17065392996635
17092444407830
17167636250614
17176436264035
17176436503750
17176445027704
17176633835716
17176636486594
17180596550917
17183666258218
17183668826242
17183669814064
17184242707462
17186686273180
17186686601473
17187265158553
17188352841133
17188964765920
17262491813245
17262495978589
17262499036906
17392850885386
17392874227393
17393888393968
17395152633058
17398207092855
17398283008566
17398365021066
17409376741431
17409391833999
17430404415222
17430449788911
17430450045375
17432110818183
17432269734563
17441747984798
17441750221208
17441750284437
17445008558685
17577840373152
17577943033272
17578702636449
17579019508368
17688051354543
17688354472743
17695128772774
17695642203829
17696058578011
17697532086757
17717304185866
17719465526866
17720764953921
17720766298750
17731057784863
17731085155654
17731086313112
17733661653032
17733848254433
17733908718422
17733908750324
17733908810525
17733938393750
17734839927638
17734873546202
17735376809300
17735378002943
17838765514940
17838765549304
17838766646503
17838850791328
17844156582280
17916375940801
17916397869121
17916459916498
17916465535387
17916494353486
17916574477158
17916644078433
17919417112854
17945106496385
17952711417095
18077270947232
18077274968189
18077276375861
18130015616558
18130030319759
18141447357021
18141470805774
18141470942124
18141471429177
18149337531084
18161571639459
18164572588371
18164806829193
18164901049698
18184361356236
18184434958857
18195178024938
18218241501456
18218243130351
18219266213325
18352412378583
18402966678885
18406629370257
18406693876146
18406696789797
18407916394485
18447506623221
18447508188252
18447580507544
18447669743705
18455402761379
18455403760769
18463231408268
18467668779064
18467673590806
18517179638176
18517188745883
18517191434678
18517191468077
18529652906597
18536021059898
18536021219675
18543898238177
18543899537735
18544075490633
18544155052235
18544409887402
18544642658560
18544829017204
18549042712817
18554691930647
18554695484180
18559449991562
18560376037346
18600928382670
18610142417061
18687903997047
18688309309383
18709428176214
18709429263666
18709435869864
18719390985801
18719459095542
18722076481833
18751408836387
18752021713194
18759966592119
18770351073351
18770364676977
18782554870635
18808803555647
18808803836741
18830173987604
18830173997603
18830174805821
18864754463567
18870093319853
18870189134121
18870195981537
18870545551617
18878379992874
18878385518694
18919416223296
18972083053509
19012537251951
19134720073905
19134876566877
19134876622254
19134881707758
19145472520417
19145490089920
19145490131874
19149375400149
19149871378944
19149943845189
19150984568181
19179170806824
19180156192641
19180161686385
19180308256916
19180324948829
19180324949351
19183120210913
19183130850525
19184735091618
19184738450931
19354450263291
19392605748102
19393057897959
19393395894435
19395156619194
19395378600720
19395380402511
19395393435135
19404059350464
19428125715689
19434139147751
19434866901647
19435600828310
19436964956032
19447290862681
19447307479993
19447323157867
19451517821680
19451601769675
19451748781759
19451750933524
19451751144049
19451751151059
19454094510624
19457906348106
19458618813657
19466691392473
19505133604335
19549860387483
19550024460615
19550028021294
19556902280613
19557044415930
19557044422186
19572494545987
19587052686274
19587052751761
19587052754610
19587106312053
19587208589295
19587449364837
19587532095375
19587532096854
19592097173748
19592123759280
19598272794090
19611452885184
19611463876143
19618773827176
19651928270230
19651956401611
19653580898650
19654251642802
19654263181027
19656693460720
19656693485101
19656818420077
19661267603323
19661267764000
19661483328328
19661484137417
19663219133225
19664840141891
19664840348441
19664861835716
19664982191190
19665217587720
19680199390650
19693274375841
19693584819903
19699768888255
19701385196545
19704465301338
19704514917807
19704514960219
19704515075158
19704571343266
19705910144482
19776182359972
19778222093560
19778222385160
19781084822803
19782537386473
19783199376001
19798861642224
19833761079393
19842153204732
19842155399853
19842158676177
19867116388968
19867116511027
19867177412740
19952420080633
19969286912080
19993810257844
20001246324658
20001782123247
20001786203460
20001789909696
20019206532531
20041613561316
20147673919866
20147714671695
20147890649136
20147896432293
20148393382683
20149687598982
20151618603747
20152374499698
20157096530130
20245510575960
20245869092328
20268774730869
20269106914299
20269583846511
20269684938399
20270670274119
20270705964054
20279808455073
20279808494513
20279832425481
20288175535479
20301071624800
20325579137314
20325579152189
20369304523346
20379455171033
20379469691120
20379851265758
20380504761041
20380955067464
20386144279032
20386147755849
20396510206215
20399348809743
20401457166654
20451880278609
20454110283741
20454534665259
20455903084950
20456023979598
20460806319927
20474521941267
20487125860335
20590975489248
20590975490015
20590981852727
20591061881618
20591082310385
20591511050351
20591556510488
20591573790218
20592341963939
20592390227693
20599628446904
20599666036331
20680717133318
20682384873341
20684367771566
20689483051991
20735164776260
20735592820733
20735593158620
20739354461822
20745993481373
20751339390059
20765756852948
20766012180824
20770310105057
20770319098001
20770333291631
20770333298585
20783719647836
20797412650694
20806996670081
20815480129265
20815480423106
20815516965689
20929229476649
20929988137715
20950115691392
20950179216845
20950350756377
20950502858140
20950685306428
21017510458969
21022960622620
21023467479553
21028908359020
21030151532980
21030151535788
21043326188650
21043599549097
21045730141424
21055256467277
21075694194326
21076112984405
21076193294042
21076193329196
21076376262998
21076376297723
21076376886053
21076376963963
21110384599398
21111074552610
21146632069257
21146757274773
21152082490740
21163321585071
21176821662696
21186460548561
21186462393174
21208076438394
21208077139962
21269493650568
21281721463350
21284282261016
21314414414533
21315026703820
21315107978410
21315151163452
21316476490273
21317129808409
21318923185588
21318923885671
21325767202903
21325768244428
21337240483732
21337502405413
21373416125311
21373416183112
21373446532840
21374557174936
21377133895420
21381251230882
21383476175735
21414052109465
21447111991193
21451608380105
21451768127333
21451784785712
21453225090668
21493503678418
21518179513900
21518338810563
21549809388456
21550267490598
21555177533046
21555177677718
21556906364571
21557698518570
21607319696181
21607418821065
21607569159819
21608918327895
21612199890453
21612199948623
21612200103003
21630087935454
21670787812998
21686431841715
21687128218956
21692307471546
21692308961001
21692322372864
21797987017611
21798293363823
21831661870320
21835567966095
21835572195368
21837027376812
21873344460429
21905141733390
21956104285365
21956110001130
21956371848534
21981381202845
21981637115424
21984236710713
21985242000255
21988826109488
22001241377858
22001358741026
22001361131174
22043470537194
22044195501450
22044223940955
22047997934544
22048313643171
22048337284740
22145712135876
22148777114748
22148777256366
22150881979239
22150995660309
22186277256180
22236748712175
22236748716564
22237026315876
22240249800786
22240251454869
22241471111964
22271853662668
22310075962270
22316330137105
22316794175404
22342550463469
22345224732901
22349811785515
22349894173153
22351479087310
22384510686070
22387043740723
22387043814856
22397235245035
22402276088923
22402966069927
22404004536398
22404403254929
22406351649341
22406494966124
22406516593610
22406516670779
22406661293705
22411097244815
22525011642190
22525012228009
22525013529031
22547356371553
22608396289095
22608401319762
22610522808339
22628919384242
22628919471749
22629426525512
22632394175340
22645635396000
22646453224650
22646456677194
22646456727789
22654092826371
22679590834110
22680217496361
22680396980625
22726731195651
22742267046600
22742267260018
22742455910683
22742456194993
22750655023476
22750966898424
22750987989852
22751077825234
22751078003029
22751585824429
22751754297787
22752625152439
22762204324741
22763523997800
22763556960264
22763557194921
22766729897691
22766922795060
22767041805039
22774538843226
22774542941043
22775013494541
22775013529379
22775013667493
22775022058834
22794251806513
22808866269988
22833014399686
22838784065329
22838795036131
22858313521000
22858355210422
22858356217855
22861154583202
22861368013990
22861630830559
22877907374506
22877977737658
22877977880767
22877982900094
22909072174541
22909229812598
22909624673261
22993910440647
23012481704442
23013676425363
23013853688679
23013908289321
23020134518266
23020134548131
23021917864219
23027911552045
23029217155654
23029718848176
23029765122909
23029765138229
23029766383847
23062753963355
23062755113555
23068712658047
23071714337417
23090986332868
23100401608303
23116605161565
23163428083251
23165302243194
23165869877196
23216262234747
23216277327477
23218746587388
23238779349754
23239516598457
23239516867337
23240500140647
23285291582450
23287135046546
23287139791058
23287158181541
23288032224839
23288199976487
23288206827155
23289203701775
23293479455336
23306488891625
23357249380325
23366619322565
23366736790709
23366736794225
23366962931240
23367420846194
23371920442574
23371920443006
23381600456621
23384122990535
23384174903354
23384185425515
23384235753191
23384236381983
23384236755132
23405623343253
23408224392654
23540881583106
23541003222196
23541392512570
23541919234348
23544072788098
23544073204939
23544082676593
23544824223871
23544824230684
23545036398115
23571021364468
23571246715135
23616672166051
23617912726492
23617912752073
23618144530333
23659757961946
23660094819967
23660740692502
23661060619984
23661093173029
23661129726547
23672408498890
23683158352330
23687697484715
23717582265786
23718711666732
23725421887839
23725423943673
23729813114892
23730781428636
23730781685811
23730859982841
23730869614272
23737451292924
23749355787837
23749441881279
23749444617972
23749603636929
23890519310628
23891289704424
23891496924861
23891498041689
23891516600814
23892589878336
23892591077460
23911118702856
23919212718900
23925961143747
23927197423419
23928376841414
23928377845976
23928389490689
23928470112257
23950774693457
23963183880173
23984945227826
23985619848827
23987001812021
23987002073864
23987099433029
24048409786906
24048411578302
24048411734551
24091264799185
24091574556571
24097468079901
24153976202457
24161106264231
24242680679907
24243150178506
24336815939607
24350012076846
24350195644952
24350206848953
24354699273389
24456478536650
24471630730640
24494775360977
24500334923309
24503727821492
24503800146068
24503806135613
24548398514846
24657518763935
24657520902392
24657544340471
24657553254683
24661147407066
24683272358778
24702135975900
24702447758589
24706693979415
24706771998453
24709185496782
24718719568977
24749514876150
24749663720697
24868885868755
24868916957878
24870237234469
24871533960463
24878122910557
24878123429119
24908782207921
24931898769490
24932088712627
24947729277136
24948645890389
24948645924895
24948645930160
24948799322452
24953694854155
24955717586332
24957137808139
24957280588621
24957359701159
24957854086744
24958702207531
24958702249828
24959761167693
25000729965924
25002813627987
25063879387533
25063888612974
25063900911690
25074239033463
25236495266775
25280435141646
25305141332913
25305141344857
25328561949727
25328579901217
25377968819428
25403869615705
25406643465403
25406816946991
25409517798283
25411478284132
25411930599472
25414846210882
25426546000057
25431829390027
25440461054749
25470218031220
25470245588068
25474163491246
25474765091605
25474923939490
25475144949853
25475145952984
25488595154167
25496844505547
25496958765362
25497041380988
25503601214885
25504954184939
25504958548004
25505321510057
25505517388712
25505534116778
25505633119347
25505638016175
25505893378766
25518014760656
25518152502290
25519004461262
25523975028935
25523996341664
25600863479339
25600895148557
25600939317209
25601392262405
25617998712305
25624337200391
25624351372151
25636066381709
25636169581865
25636362048800
25636726210562
25647635808557
25647635828723
25725761493832
25766615949682
25766616828235
25769687912374
25769687938384
25788841131802
25788847549918
25788850047617
25788850082778
25798380830490
25798429015180
25798759446805
25798759766095
25798778529097
25799096606377
25801916215279
25803515144101
25829892954967
25829893613854
25837690922659
25837691456773
25882891334488
25882900551235
25908824001628
25932359581462
25932407442904
25935452168509
25953450989941
25991470020529
26071247651586
26072423730519
26072423978055
26073004370676
26073004944003
26078465642646
26078526599682
26080532079762
26215411174464
26222222282565
26223686856444
26231489296008
26231489715183
26231489982762
26257510423275
26307200240610
26307200446485
26308235541048
26310230869785
26313370201122
26337563521206
26337615075357
26337615251775
26339665157493
26339665167311
26342751656921
26441820494417
26441893426506
26536340086575
26712732794649
26712779425863
26713350658653
26743462145079
26744102495520
26753273386305
26753403441979
26761745252314
26761745996713
26761802278365
26798049765252
26798485327701
26820893556210
26839751699829
26839753407876
26839754311863
26876403214752
26880231112347
26880850280396
26880854702753
26881133551814
26881133944583
26882467861493
26882468104223
26895552487016
26940664261166
26940664280322
26941503199122
26941515970619
27044673183937
27045497939999
27045497959253
27045498413420
27061778846393
27061795992002
27061799684630
27061799707742
27068927040140
27068937532691
27071217687956
27071226204134
27071230158095
27072857350652
27073839226757
27189287343833
27189287478653
27204094475402
27204187818749
27210311544866
27231941331347
27233883796316
27236166767690
27236167278107
27236167643096
27238164742241
27238212672371
27262356895388
27262356904258
27288596272192
27337000662946
27338914673258
27338917993124
27420521821556
27420942613964
27434445052226
27434583385189
27548576431873
27584993102101
27651691758940
27651697147627
27651703538842
27651704565883
27657494497480
27657495617467
27680677723426
27680677727935
27680679237453
27692857653387
27696453632685
27697408376283
27697442229000
27697447066482
27697587784554
27697587984678
27697593979974
27697770856375
27797950142080
27806956035730
27833183583658
27833184905250
27833659198023
27833659837707
27839004485619
27896488251296
27896826871863
27896826974652
27896827672710
27957847998132
27989079191379
27989091263767
27989098170313
27989098176115
27989272755577
27989277002805
27989279990652
27989600095281
27989870487213
27989876221383
27989876271615
27989878529787
27990085907931
27990089379492
27990492065241
28004785493883
28004785664202
28004791479435
28004791491693
28012561159113
28015701621129
28015735456206
28015735590705
28053166456560
28059012661854
28059012668361
28059159523224
28097981288274
28098385504140
28100116938918
28123241989796
28123373754467
28128443542760
28149252411575
28151294608118
28151294610639
28193919639903
28193919779946
28193940471882
28193940481842
28193999207166
28264857239496
28264857365358
28264857425856
28264864894686
28312228999602
28312236746606
28312236770468
28312236773699
28314194070902
28316081979974
28316630328671
28316631188162
28316641408901
28317017400128
28318718201597
28318972617526
28342919756427
28342934748352
28343158789654
28343396455318
28343775549898
28343776414192
28375510979689
28379225187512
28381377523562
28397562684605
28470878375744
28473662949437
28473701265677
28473709677635
28478850417531
28478873293339
28480228366077
28587733565967
28587740720562
28595171526735
28610890730094
28610939979822
28667242655901
28667242774062
28667243126871
28672431659712
28672431708846
28672621472649
28672631082327
28673466157573
28673944612126
28673944679599
28673947141270
28767480881200
28777388176788
28777527788226
28777528081356
28777529558283
28777529856363
28777582685535
28777586378163
28804949212371
28807659370959
28807859933698
28828527654505
28830623520028
28830840274003
28830843127795
28830964638649
28830964981774
28830969642244
28830969988933
28831038911464
28843578777991
28844317480981
28932776898313
28944171059935
28944171088828
28944171897478
28994781862501
28997078991559
29007942229528
29007942285445
29007942843373
29007942971875
29010400988560
29010468172534
29010490718401
29010491180218
29010526688512
29010932474320
29010973466110
29011063222696
29011073379610
29012259684862
29082854318196
29083666064799
29090202789099
29097914304663
29097914327577
29097914873409
29109997944216
29109997977183
29110004186841
29110011581817
29138048368240
29138346061465
29143925719573
29146370289124
29150815884757
29176303051412
29176312745654
29179446407072
29179449168038
29179449241274
29180189376344
29196974260280
29228189208491
29268620395852
29359226875093
29365885008106
29370568170745
29370568681960
29370974525737
29407746631945
29407746659438
29438199982159
29438200006289
29438201485835
29463923507741
29465063536166
29465103997195
29465109318814
29465135559268
29465136413163
29534341275705
29534342844810
29534401668792
29536881608694
29536955956650
29556328187139
29557838026086
29557882460094
29571787302783
29597218348956
29610238653456
29610238833219
29610522137199
29614850789329
29614900009951
29615177939635
29615273476543
29615954338570
29616237299695
29624390435047
29626354257043
29628236030575
29638057976068
29638761249658
29638761410254
29638792829245
29668805651759
29669148321509
29681090589044
29699259493952
29699588928323
29830219295705
29936578177358
29948660488493
30014856441757
30015251135563
30015786355699
30015787706536
30016698260377
30017885145277
30017889224032
30017889307043
30017893619923
30033008382733
30092241005200
30092267131465
30094498652224
30094574542231
30094574748961
30116727493798
30116727519251
30117408975788
30117409015370
30121029399599
30121030025486
30164797596995
30164815644605
30182165331875
30182230370972
30182239737545
30182240682815
30182262968318
30193697117939
30200008848992
30200008891486
30200009277706
30200385006493
30296174112043
30354642719422
30354712384120
30354712593307
30356026861786
30449153403139
30449961925946
30449961951875
30587575560074
30587620865147
30589429439789
30610522039778
30850201455296
30850203873119
30887404743119
30899034436424
30899034534659
30899035839002
30909567936740
30987170032109
30990046426997
30990102568844
30990105269195
30990106132088
30990106316621
30998347575653
30998392443173
31006290738998
31028312813744
31028313309419
31028620253177
31028621207744
31028661334820
31037905355168
31047064881161
31047064933121
31047096705073
31055086920508
31304587816402
31304603066353
31304659431904
31428400373368
31428614734360
31430521898962
31434344731222
31456133701054
31456134404287
31456134404695
31457239987519
31459920634972
31461586934086
31473120443815
31473124254742
31501332415102
31504770722027
31504770729299
31505176262927
31506377673881
31506379594337
31506381296363
31506390930098
31506993488621
31506995696762
31649708277947
31649708698129
31742819843077
31773980910088
31773989119843
31774148812882
31793113344016
31793113382023
31793113504090
31866773929284
31882356625988
31898673927029
31898739355076
31899074238236
31909623605866
31923579609568
31928432709097
31959497159659
32076936874846
32088346188490
32088469804921
32088511345744
32088523240837
32090861581237
32090939570712
32183078440323
32286882003474
32293365211296
32293370238015
32293375492062
33010567088129

