117428864
120387200
232765049
235004025
251342217
252333193
622160930
629270050
629301908
629313460
629438464
634077696
957576576
972021120
974268864
1213604452
1314060900
1332266596
1336824420
1337318716
1606001948
1645720860
1646568220
1646887036
1646902145
1651707009
1664137601
1692636679
1694519047
1694572095
1695022847
1695036519
1913548391
2280132199
2280382675
2317281491
2369580243
2370685536
2473757280
2473766074
2473807576
2830368472
2903352920
2904368456
2909824328
2952075168
2954856608
2954925652
3189681748
3267111540
3302474356
3411184244
3411519476
3434519028
3442906367
3582904063
3598980615
3599224263
3619733279
3885678367
4068048607
4068048662
4068668118
4072849382
4073076710
4207638758
4208499782
4223266886
4245409862
4332288934
4406431502
4406542950
4407591206
4412601382
4480529446
4481346118
4482426638
4482614582
4492976774
4679638478
4839569034
4840613770
4911446126
4915826110
4963050473
4985918441
4985969977
4986209529
4986213597
4986248965
5084929669
5084934166
5092132246
5092824130
5093488954
5101569338
5329900874
5330078018
5330193266
5330232502
5330528886
5330573814
5370669558
5370817057
5417882913
5445019937
5448369713
5448471377
5448478992
5468692736
5493244160
5527521104
6063204176
6194878100
6195333268
6202651032
6326147352
6507366680
6507536280
6507852056
6929109448
6929130424
6944308152
6945604904
6947564520
6990374867
7230392275
7230409923
7255229731
7260954327
7419926119
7462740583
7463069231
7466690655
7478452319
7478480327
7478482632
7479720328
7479754344
7480069296
7525410992
7547539376
7547679096
7547693983
7585566495
7585992389
7593878840
7594458328
7595405016
7595555928
7743034738
7795069298
7796032882
7826148946
7826463834
7863497818
7897379514
7897675050
7897706250
7990799416
8025390200
8025724504
8026715736
8026828798
8057672190
8065279214
8406118958
8508985902
8510917746
8515310194
8531424882
8531947228
8533074140
8533222812
8533423852
8586872556
8593550130
8862866226
8862884586
8864776810
8865824682
8866051119
8946444271
8946524479
8963812693
9058614401
9059068025
9059133753
9065396537
9617494809
10380623145
10385405609
10412136713
10412401161
10412862139
10449359035
10449522363
10868049083
10868078707
10882215169
10883074657
10889355061
10947777845
11015824693
11208849173
11208979073
11295494785
11407145729
11901105921
11913228033
11916353921
11932435329
11932464873
11936995919
11986135391
11986177015
11986263719
11987711399
11998067775
12001776127
12002123303
12002917751
12002944363
12003458139
12008788039
12009062327
12015542331
12021045307
12054120763
12054305020
12423492860
12429661500
12468295452
12468298044
12492795196
12502844476
12521821088
12535988128
12536305968
12616249648
12616316464
12622302536
12622359511
12622483287
12667981655
12684718741
12684970325
12685234177
12695325697
12695839425
12700131993
12700149293
12710993453
12710999106
12738695090
12738814446
12739491694
12739682782
12744859998
12993997362
13041920562
13043150578
13063483798
13063696662
13076364566
13433111298
13512397570
13519533826
13701572354
13746086430
13906973470
14343918366
14343991390
14343992318
14345591194
14350996058
14359974490
14371332698
14379672410
14393889626
14401909594
14412391270
14762612016
14764730304
14764805116
14945022204
14947506652
14969813468
14970845532
15035155856
15072447880
15077919400
15079518918
15080173558
15080330118
15080415654
15418855846
15418935714
15418939468
15418943636
15418959534
15425929902
15611474342
15631892902
15633565094
15638277689
16078198373
16246619490
16311142626
16541214946
16541250302
16542318382
17118875934
17328139203
17338866627
17338931267
17474282825
17478355145
17478502533
17512417413
17533517021
17540077533
17540263517
17682555209
17687683401
17702592329
17703021481
17718112521
17770420201
17770570129
18112610705
18492861025
18494929505
18497546849
18962942561
18971975817
18974547721
19258556169
19259342665
19800948553
19800967748
19802328324
19802331620
19824045718
19824501686
19832752566
19832812062
19840380866
19840634546
19841212082
19841425148
19841444188
19842881036
19854670360
19855212888
19856538072
19868264430
19884727726
20210350014
20213012094
20222939134
20223532334
20223910734
20227039284
20227059815
20228186343
20232829575
20232937277
20628709181
20630289149
20630302093
20772670381
20792332881
20799315025
20979352060
20982911452
20992690824
20999601800
20999973384
21001132264
21001154862
21002119214
21002678039
21002707255
21002728023
21003901389
21011368793
21041221993
21153237381
21154150021
21240438809
21461755673
21461769512
21461793880
21466454104
21466468520
21466471705
21466474983
21523071463
21523243267
21579998211
21590276099
21591689923
21595960643
21651183427
21652802115
21652867279
21653221647
21653234507
21677951435
21678518187
21678519919
21702278575
21702819919
22029735535
22046942759
22268040743
22268897870
22273966798
22273984128
22274093393
22282537633
22282628769
22287183521
22332058166
22333510198
22440348114
22443619242
22459508310
22560112054
22838707766
22911961014
22949915574
22949951062
22950068150
22950082096
22950093632
22983207584
22983636320
23154013536
23155539808
23159696096
23159979520
23159996911
23177186735
23177250911
23619764710
23644571210
23645691639
23648910455
23649126103
23651353517
23732290477
23734748573
23820581373
23820640029
23820714885
23820747593
23822918857
23822971823
23983620655
24019599011
24035525795
24059450531
24225110563
24227503889
24257035409
24278757041
24278883694
24287077124
24288748700
24394877545
24432577383
24432649647
24432669491
24482365875
24482859747
24510499555
24521021610
24521106878
24525630270
24546454334
24553176382
24554108670
24554778574
24554781130
24558834072
24576809368
24584261016
25154735512
25155230000
25156255072
25175807088
25206397040
25226335663
25620101585
26153802833
26153862265
26153878245
26156393949
26184327133
26189643741
26209501997
26209629713
26209634397
26253340765
26330548079
26338211799
26338368883
26339554675
26341205235
26567879047
26569013987
26634732995
26645338371
26778646427
26786179995
27011861403
27225533339
27228647067
27228716712
27244529832
27246053828
27246129612
27247131151
27518265046
27816117974
27816143244
27827936124
27828067764
27828070134
27885668926
27886187470
27886229173
27893120535
27905692503
27905838311
27942597084
27942778308
27942799820
27991159180
28094756492
28250668048
28322518032
28322797840
28323265936
28376915360
28379149856
28440046344
28448443144
28512036212
28523883892
28562673396
28600002292
28643324468
28644266136
28774311908
28777384420
28777393512
28801315628
28801439388
28803862320
28963652912
28977402160
29069615408
29082985264
29082986912
29083007376
29083740816
29098855950
29412499672
29412611378
29412830514
29471111218
29490128946
29502074418
29504750650
29574828514
29575298274
29576322274
29755812578
29756146274
29758769462
29760495526
29784190886
29784377778
29784488718
30090672910
30174583758
30174656438
30175680950
30193177684
30193569492
30193803948
30335140524
30336148332
30337166444
30338958188
30344700364
30350109132
30350131860
30350145964
30352377004
30460200108
30461298700
30462995052
30463099384
30690686576
30774225520
30774597680
30775157616
30795078344
30795166758
30795449830
30795837918
30797479838
30797485268
30797490592
30817692584
30817939362
30820173794
30822783266
30952413986
30955201442
31642311364
31642554564
31642721676
31808024820
31809713012
31809850991
31914710639
31925554799
31926244804
32001042884
32001651508
32031620660
32033185076
32052826532
32053840292
32053872004
32055257604
32055904644
32101923204
32102033668
32103012484
32133405460
32134619028
32135603252
32136363060
32234792404
32238162132
32238804948
32238805108
32253255796
32257517446
32258346882
32271639522
32271645640
32896301064
32971089928
33027407880
33031128072
33031988472
33044775016
33047420008
33051445852
33052057612
33052165304
33863871704
33864387544
33900803032
33900836824
33933806340
33935539348
33938943443
33939780435
34169679119
34175031747
34321994237
34326989309
34328138829
34333593165
34351444171
34367935431
34368074415
34374209071
34441337319
34443586407
34454473575
34455890279
34878313831
34878927111
35108217095
35122806077
35152852133
35263861925
35263902013
35264161853
35269856317
35366595645
35377445547
35878468267
35917879723
35918459243
35919545739
35919575791
35961493399
35962016151
35963502733
35997425057
35997491681
36042936865
36042957205
36112454037
36132669845
36133972245
36140745685
36162241493
36162318293
36167621721
36171379609
36189770649
36261714841
36382546841
36516884185
36521200808
36764084504
36764530456
36764823704
36830260376
36981364432
36982018192
36982056600
37357344408
37369435800
37379115928
37390572952
37539422616
37542555032
37542600948
37543121828
37596556196
37596559538
37800564594
37801011922
37802937170
37828603218
37990575378
38008696082
38009122612
38010941308
38202860300
38203107160
38365266312
38389991216
38491716884
38491957740
38510308324
38511723236
38558829284
38599447144
38600401128
38786281704
38990335720
38990355960
38995322616
39565051640
39565442936
39658162628
39661432956
39674393356
39745533760
39756491512
39756515262
39782153150
39782349014
39793908230
39936621062
40014017798
40014209302
40231223832
40231424928
40231768560
40232216921
40232376577
40250235549
40570817109
40570856841
40578476425
40579953545
40628766601
40629913993
40631366217
40640638425
40640936689
40641149945
40641734553
40646368153
40647551529
40717839145
40717894035
40730197677
40730205903
40730405399
40792467991
40792468795
41013701947
41014168715
41014274531
41014348359
41014512831
41067442367
41076262591
41157441215
41220879855
41223771887
41233680799
41235086799
41235148959
41235338927
41239768985
41239810671
41240016635
41287127447
41289039767
41768913047
41808433303
41811209239
41811317384
41811500072
41811561000
41812144424
41950642472
41950654256
42154975024
42155138864
42184357680
42290139552
42326475168
42326600048
42328282966
42328593473
42328969761
42373279137
42376367009
42459211961
42459357593
42459377794
42462619906
42462682552
42463507584
42637539400
42642646152
42799817808
42799966096
42800013504
42800113130
42808577514
43002704793
43148450713
43380128665
43380184578
43381499266
43550045570
43581270594
43587476546
43594967856
43602133424
43665746352
43842480560
44293556656
44293577608
44293842088
44726306312
44726377672
44727669064
44775573832
44786743198
44786757562
44787866298
44797037946
44797143838
44797539166
45087542774
45087897874
45089100062
45089192478
45091014558
45095518110
45095990743
45097600910
45097832622
45826729902
45873227182
45873310242
46468690658
46949792802
46950096418
46950334872
46950357184
46951601856
46951693969
47563693581
47572031005
47573553565
47587123661
47587143511
47587166151
47588526535
47851087431
47865381191
47872786375
48471670710
48472409030
48847164166
48847379713
48850463233
48856133697
48856138500
48895046404
48930700036
48932774068
48934392628
48988742964
49420718694
49420991930
49528962490
49528964501
49532949909
49534150549
49536904533
49543509315
49910576451
49910907427
49910912046
49921763886
49929699438
49930080654
49957630862
49973389710
49973613388
50324042572
50994520972
50994655572
50995851284
51036997012
51047141921
51047363049
51047770233
51048301361
51052099803
51052142243
51367287723
51374560171
51382055339
51385624411
51385625435
51386187283
51410152707
51491610627
51512349397
51522143189
51523702357
51611561557
51650720341
51650723569
51856215793
51856246709
51957782453
51966384693
51966972853
51968508741
51993400133
52044807021
52105592237
52105592753
52109162673
52110754417
52110787784
52111137096
52111469000
52239034824
52239334591
52240851189
52276045813
52276047406
52276193895
52289110375
52289144903
52289166809
52336457177
52336466489
52336572985
52342216857
52491629883
52491651239
52497764875
52503716107
52505117163
52591975531
52592496235
52767948667
52791109627
52885108731
52920166939
52932369947
53150727707
53174822427
53174890531
53175062831
53175065123
53176922659
53177368409
53177373436
53180707400
53689036188
53693443484
53714636188
53790633340
53790663684
53811168260
53946028804
54070518532
54070619130
54079324154
54638068534
54702689910
54706780278
54709243178
54738317482
54863605419
54866442987
54867560491
54928348299
54946787614
55152480542
55152593174
55166602910
55166650553
55166765401
55166784649
55202154633
55202175113
55205712297
55205919145
55210667689
55210762233
55212701785
55250247257
55250291513
55250324156
55250670852
55250699420
55451960476
55481658628
55481707064
55504746328
55507593820
55519466764
55519480744
55557199496
55688070792
55775856264
55776449936
55833659276
55833779212
55834435532
56300969932
56302865316
56305349540
56305353838
56331144670
56331352158
56623470662
56648003654
57123374150
57125196127
57523278175
57636638863
57637671759
57657271759
57661162559
57662707135
57663237007
57704637247
57704688238
57704690734
57795442478
57803824942
57814327550
57880321839
57880515167
57936165479
57966742119
57967365389
57969983693
58172096717
58172157725
58172663629
58509707725
58511311821
58513420877
58575916185
58577037129
58608339785
58633573223
58655345511
58655345753
58655390873
58699784489
58707265833
58716301609
58922105429
59068025045
59071190505
59074738921
59080967021
59145357097
59204734761
59204787273
59269940153
59269989417
59270014097
59376526481
59377196354
59483721026
59532805442
59699165506
59713375181
59720506317
59720990925
59736887909
59935351397
60058781793
60296456289
60308635489
60385646433
60385662065
60409312441
60419966009
60469678137
60493454313
60525319993
60698095417
60778501945
60955419065
60958156633
60958692473
60958838765
60991639533
61020101293
61023138541
61352287469
61492565229
61538275941
61540158193
61544809617
61718482513
61838742785
61845547009
61847030853
62599490885
62627818149
62965095333
63378463653
63502801829
63507309349
63507316261
63507705239
63637929069
63637977069
63638031457
63645082001
63645110833
63645291705
63690241209
64257731854
64675933454
64676397902
64891962256
64900898296
64902582008
65140027768
65140185716
65140248880
65171926300
65229023388
65250245788
65250412156
65250441998
65264403726
65264559552
65264559609
65268757753
65281979129
65288671545
65310731577
65581861689
65583454009
65998231353
66150502681
66471871449
66471983689
66472261165
66480914989
66503309229
66541475757
66668353453
66795235245
66806520749
66826990069
66827270061
66831145163
66831190027
66832529899
66838268395
66845863915
67105315628
67148799596
67177112684
67179118188
67180439324
67180804540
67180983976
67180991376
67181244316
67181669532
67183904012
67215788812
67215791318
67253259886
67464282222
67464406126
67464542238
67465166478
67490487982
67646283438
67647539534
67651377966
67747539374
67748979364
67749050616
67811627256
67812094024
67813359688
67822971400
68118929298
68219182994
68253385618
68272753538
68272849730
68274833986
68275079026
68275841890
68277052002
68277115333
68289468607
68594855635
68605908563
68614120693
68618567925
68618740433
68626763625
68628371689
68628427646
68643391230
68643627966
68716887230
68727783358
68760842694
68761285566
68765731518
68779666110
68814457982
68821141378
68907375634
68997225803
68997716811
68998389067
68999193163
68999756907
69000428619
69005059892
69008037940
69082762404
69082762696
69156183136
69156223542
69156775606
69156826372
69165611012
69502883844
69502953240
69608877944
69612763576
69718758324
69719842740
69853706332
69871493212
69871633460
69880570932
69887163108
69888410340
69940512718
70073251180
70075414252
70152313972
70153699956
70154229684
70704538948
70786784988
70850583388
70850584546
70852025658
70860276574
70861993534
70866827259
71645761305
71673482009
71674226617
71675111821
71677500493
71677889013
71684518901
71707748597
71740258549
71754470237
71769576773
71784630597
71818817023
71820035771
71821363035
71821484539
71848530427
71874779259
71874913039
71882544440
71885096204
72507163916
72574390412
73178043468
73179858348
73266677164
73426312195
73430248067
73496405555
73496520999
73498091391
73498550847
73500633123
73519419797
73522934357
73522981347
73528597515
73544416267
73566092299
73566548819
73567113971
73572237259
73599768323
73612458755
73612507839
73660606303
73761874655
74013695071
74042471519
74055536109
74122957965
74123090717
74158021405
74158104751
74158200735
74158204141
74158313941
74169083349
74172551349
74172555095
74175371479
74177613647
74178651527
74201903495
74217972103
74219305351
74222668167
74223287447
74224186007
74708299415
74714646495
74724296211
74725620627
74725659787
74725667333
74726745317
74740413944
74831567789
74831669597
74843806053
74843862663
74885904937
74890304633
74893362677
75054745077
75067520949
75067787728
75067797756
75067834672
75067867317
75097442485
75100225717
75102794421
75104464117
75199696117
75199827913
75199996955
75254058585
75768204889
75768220973
75779233837
75816654893
75833651245
75833725493
75833751949
75960210893
75960607757
75976699533
75977915597
76057288781
76066571597
76094980457
76103265769
76104536713
76126556809
76583481993
76586475209
76586517009
76624498193
76631324177
76852212203
77036891259
77231983739
77253801083
77472718012
77475061968
77475101248
77475579200
77481863488
77481880007
77565544903
77565549323
77565623375
77567798351
77570747903
77579595135
77584119679
77902705796
77910619768
78069280088
78070659960
78070725928
78209873192
78219762152
78222489508
78230166290
78230168573
78230827165
78230903365
78235933253
78236396469
78262770613
78263093685
78268400053
78343807413
78344700597
78345305941
78346610581
78634745893
78634954517
78672430022
78678518470
78691179974
78711115078
78712562886
78771049250
78939378306
78982443650
79013138922
79029058818
79068164562
79157116946
79171465842
79172536226
79259043746
79266117794
79266669286
79678937515
79679047643
79682423835
79682453472
79682963136
79683142080
79798499792
79804517165
79804981293
79805210653
79814438695
79848595030
79848869990
80016033894
80026673254
80026709694
80027126446
80087993646
80087996012
80088027596
80234670540
80253537530
80253714618
80253729934
80268063886
80268143286
80379816630
80516238006
80574055094
80575242582
80777449846
80782494998
80782672088
80856565976
80876257614
80878920090
80881141146
80887141658
80898063770
80906958654
80914067138
80985505474
81571897485
81708036237
81708680200
81742017204
81742048126
81750677374
81806526334
81928344878
81931769134
81976136622
81994354762
81995343250
81995605460
82004687316
82004764818
82542314898
82542325133
82545443469
82545477645
82677559821
82716079599
82844104175
82847662575
82862961135
82946237263
82960474325
83031886169
83037295849
83055654181
83109172517
83157172709
83157727205
83214428585
83215031721
83229318825
83315096033
83405002329
83417738383
83592440975
83593272911
83610632271
83610800041
83820253097
83835962025
83836036665
83839161513
83857439913
83885681833
83886356649
83886617281
83917480461
83921235533
83937726029
83938457341
83938630431
83974908703
83975205759
84508922411
84510680619
84510853487
84511570055
84528026375
84528890583
84529930519
84529966695
84561118823
84806632007
84811328743
84811509375
85152924695
85152947347
85161659539
85188522867
85188753779
85189483067
85252131387
85298772219
85299066435
85316743797
85317088197
85323303137
85338052833
85376436393
85392804009
85567690921
85605437609
85627743977
85627957133
85664426893
85665864765
85687800207
86237710863
86238597560
86812359736
86812360336
86820454288
86820481793
86905728761
87013356281
87028411129
87118276089
87118288541
87121602685
87156035453
87316264829
87363503997
87376381821
87376442028
87431790751
87719101523
87730763507
87785256691
87888723699
87888756585
87890080501
87968074651
87981055765
87981203477
88475756917
88475788033
88478424065
88478778305
88479202241
88479602241
88562370113
88681184833
88692929601
88703637665
88837105585
88842228657
88842339361
88842721033
88842867305
88937244359
88979941063
88979944212
89272500309
89272891837
89274702781
89850991293
90014796489
90018061962
90042342300
90042348403
90276255835
90284828763
90289558363
90303004171
90304200467
90370680595
90414335251
90414453427
90414593587
90414599733
90414680661
90449214677
90449261433
90458522489
90560023705
90572094617
90572430617
90611979487
90613315423
90619099679
90628653599
90646553119
90646929919
90862506495
90863109025
90887257505
90887279072
90887295230
91069078142
91123949758
91124476030
91132668259
91479531287
91653240831
91714224783
91714360211
91714406580
91714504266
91738796618
91747261194
91764952842
91765797760
91800322944
91805469292
91806934671
91806999437
91807065517
91809650733
92458630573
92459142253
92481799277
92506371181
92506396704
92509156256
92651783936
92762999488
92763552448
92765432832
92767257008
92782109104
92847462792
92937805464
93003486104
93004380824
93014518424
93834384736
93834404328
93858019304
93954867560
93983681220
94046780100
94046798322
94053526054
94141831746
94141932228
94162407396
94207492280
94514589895
94514709511
94554897927
94557047495
94558864679
94578643619
94703238819
94703476963
94925011267
94925024874
94957449834
95057793642
95071556482
95089601410
95091374434
95563274594
95563298878
95570260462
95570307670
95570435878
95570442048
95570478464
95731770752
95733077264
95749363792
95751205792
95777641376
95978762638
95979054710
96217807040
96217815975
96217832115
96218902835
96220888435
96226509299
96226587379
96226657875
96232034579
96268431024
96291124400
96297677808
96297711732
96304599224
96422012952
96458119448
96460817976
96461828630
97146397206
97146851774
97301158334
97305194536
97624783382
97660858102
97660865306
97664155290
97667127922
97695322034
97695358784
97696545666
97696653342
97706013726
97709813998
97722919150
97723128150
97723178678
97840611750
97918517050
97918566494
98221807938
98230843714
98270931842
98320258704
98408195728
98415462971
98418155531
98419910667
98437901227
98437911631
98439313391
98440453983
98490573055
98562037069
98562109014
98568417878
98569739606
98641918614
98642525446
98643096306
98643612338
98643638274
98643777886
99359050974
99359203166
99485077342
99490217822
99491302046
99826936254
100639902142
100732348862
100732349899
100907422726
100908596166
100969388998
100974820458
100980881978
100981987770
100982017044
100985114644
100990618260
101115214484
101119034516
101119039529
101298229289
101298274217
101334727410
101334844978
101342002210
101357260322
101522049058
101522692130
101523099106
101526344674
101526450446
101532106404
101537993198
101558225952
101625889180
101631302428
101633443178
101675549322
101675564170
101698648714
101698865034
102178858890
102251112330
102251483786
102624914296
102628031352
102629378856
102629441486
102634644814
102636767790
102636948014
102637800554
102638585930
102639189794
102639714194
102639724722
102658778802
102658828610
102723757314
102760742146
102761203794
102761420498
102761431642
102761579950
102761585968
102761590275
102855697923
102857013763
102857189087
102929244447
102929590559
102938175775
103550245345
103554743521
103590734561
103590788032
103591128703
103594851135
104180867983
104182396562
104182881258
104182954852
104188043620
104691835236
104707386724
104913202276
104922358308
104949897764
104987201424
104987733520
105343296048
105343542384
105343984743
105345521191
105543819835
105544709179
105550752315
105550988867
105551433667
105590390691
105590734603
105591205115
105591458914
105873210978
105877452386
105882743498
105882804058
105895353178
105896188250
105945543002
105947385110
105983836465
106001848113
106097445686
106100363382
106100428480
106103058576
106105642512
106769404944
106770904716
106770947588
106774349660
106774467548
106780540956
106788073020
106917154364
106976799844
106978277307
107083464463
107326246639
107326397031
107368608359
107410535015
107411068903
107411087573
107458213941
107458224498
107475754550
107477079734
107567044153
107580927942
107586363334
107667939270
107667939488
107668189344
107671163576
107671490904
107671536869
107801251045
107801700469
107871788915
107877425011
107878371251
108114106955
108133371467
108135152379
108291050235
108302915787
108302944112
108377625072
108377676272
108449936880
108519801204
108529248628
108555961176
108559053912
108678086600
108934057928
108934126366
108940454686
108940623042
109042293954
109069233346
109169631918
109940784966
109950563014
109950647918
109964862446
109965593822
109966879646
110097255326
110486661166
110492836926
110877603130
110877686026
111040705250
111045825033
111049515113
111050361049
111064093913
111156018873
111256437283
111722371163
111723680891
111723736789
111728483157
111732179677
111732823180
111778152588
111845250188
112067007628
112152663164
112427437948
112430092856
112430124184
112475955248
112491829538
112553585954
112560036048
112646558961
112810815345
112852060017
114039906529
114424660193
114424729333
114565258997
114994413451
115352043403
115352148911
115497660159
115498360383
115574185903
115584054191
115790107567
116189169919
116225874033
116226007921
116226020403
116307338291
116307354083
116307360909
116312345805
116881295410
117605984082
117792544594
117796901714
117799963986
117825288530
117825383762
117825526050
117880364622
117880789582
117882322990
117927166270
117985732926
117987347454
117987371159
118038839967
118181484297
118343014793
118559705481
118598514377
118606890697
118625861415
118961061671
118964123539
118964357051
118968173779
119280986787
119399590563
119401846179
119405133665
119406067057
119406224241
119475195121
119746716881
119820954321
119841227985
119842522513
120041374097
120041408966
120041619012
120049518916
120051167012
120051313597
120051589565
120063326973
120063701325
120066867613
120067436189
120268630045
120269909469
120270099277
120281323117
120282206573
120282569313
120282606817
120282610035
120321085665
120331731169
120331796117
120443859221
120444346485
120446770037
120581484859
120611168827
120620069435
120620753467
121072889935
121072896467
121072900441
121073596624
121078298832
121087875920
121087916032
121193048304
121247092168
121562070041
122123996469
122226024095
122230209643
122238638169
122242885209
122247286605
122247486829
122530104669
122530117257
122925889057
123055291937
123057274721
123057383521
123057442937
123057663993
123058981275
123066763931
123073088411
123197574555
123519126939
123522154779
123522254411
123555549771
123579769419
123580062571
123580186883
123582840947
123583843987
123584146735
123846710491
123977751771
124071746779
124678520027
124721205721
124788884069
124789027321
125169988164
125191690033
125233137457
125233455481
125280660857
125286899289
125297726809
125299094329
125299365017
125299717241
125299932765
125300012917
125302068453
125416969445
125588160741
125588215335
125600963111
125605483047
125606749223
125611246631
125612465191
125634956327
125635260935
125647936007
125657835271
125932816135
125933746935
125950203639
125973755639
125973759931
125981657659
125981974849
125982042265
126094540945
126098158737
126098882977
126100501921
126107599113
126107600022
126110785430
126129309590
126196467606
126196537430
126197183446
126211968726
126305427414
126307589494
126371437942
126372283958
126373085382
126376996036
126499047228
126499084174
126499092627
126516592787
126806630547
126818966163
126819558755
126837652383
126837692513
126874847497
127119635721
127144998153
127206724873
127234889993
127390247881
127511072021
127605853457
127610146577
127623917329
127624694733
127632705405
127633436125
127663687133
127666474357
127667222453
127667342213
127728911237
127767556997
127772241029
127774214277
127988820101
127988967081
127991008937
127991385769
127991653289
128023015353
128093087759
128093354671
128095143439
128095156101
128102271877
128102628405
128103356981
128195252345
128195519043
128195706235
128195728963
128269874755
128278299491
128447951067
128449814139
128449896963
128450353667
128450818499
128451027883
128451524907
128451525166
128575908398
128575918042
128639365018
128639384222
128641186570
128642326434
128642329106
128642386414
128648464518
128648465280
128776165472
128787989280
128787991466
128813897706
128824932890
128841557530
128972736202
129440121546
129561539347
130109018899
130114119251
130146069926
130147312358
130149633512
130149638874
130150106074
130179754970
130179824930
130286570952
130286688880
130364915120
130370256304
130417484384
130483661024
130584364128
130593357664
130652401056
130653549360
130667487024
130667776480
130669362912
130669372132
130672507602
130697798578
130699584666
130699609018
130800486538
130808625098
130818258890
130818288234
130831016584
131148516978
131149303282
131153278483
131154519575
131157940618
131159628842
131159925610
131335156586
131431658878
131432022094
131435646542
131458550350
131475871678
131542644670
131554393022
131624813502
131665373406
131690574046
131716175228
131716206290
131862504462
131864276286
131874148628
131875970388
131876226350
132112784610
132135007714
132135043148
132135613596
132136280904
132138072456
132138732354
132160659266
132163312802
132164566738
132165041554
132166717426
132188940274
132194782706
132227591666
132228026354
132272326632
132273940520
132308863016
132308897513
132308928297
132308944675
132811751297
132811753999
132829115519
132834066559
132835173967
132840812679
132843338759
132873985587
132875507003
132927616827
132944950587
132945086587
132945108019
133004091505
133191017073
133191044129
133354596385
133354621745
133431544913
133431834377
133489855904
133489860759
134226944151
134227265687
134249425303
134300314007
134300489255
134304817959
134346202815
134369695103
134373383423
134390575043
134391233475
134391711139
134418365499
134418398459
134418404651
134481550059
134481830115
134482682083
134497154307
134505854211
134777304323
135201325315
135203890915
135203891292
135204131516
135267653308
135300290029
135300520205
135414572705
135415535337
135415595129
135415645945
135471901057
135474684481
135474924757
135485255893
135487959509
135739898709
135740607829
135740722617
136158918721
136172462145
136287326273
136288268777
136288567785
136333227497
136333389241
136333525305
136338543545
136344069817
136492415094
136512396074
136598371114
136603900714
136657830284
136658854668
136658897692
136664219932
136755092716
136971812076
137082092780
137083462913
137085286145
137085299769
137085367321
137455752961
137466531585
137503776033
138040724135
138125065239
138126914839
138223588631
138224729959
138225931505
138322937757
138323388757
138323712935
138327948583
138375081235
138403368211
138403475187
138410827507
138443060979
138443765139
138453194478
138492223734
138576187638
138576279682
138576495922
138576495954
138576501160
138588837288
138588847132
138589025644
138593469020
138604626524
138922107484
139292945756
139747155236
139876570529
140057232801
140122665489
140138383377
140190525457
140191748593
140302946443
140303087243
140491601849
140496032185
140496054125
140560003834
140560389626
140615648186
140628877610
140785757639
140799442375
140811600711
140811807719
140811938463
140842575519
140844520703
141181303389
141258209885
141258458252
141258642724
141258768676
141259502580
141345596724
141514114100
141745300532
141750730964
141750871414
142146303222
142146760902
142147515534
142150186766
142152064121
142152451193
142169225233
142289928593
142294528401
142693101841
143135187353
143136926681
143137176849
143137220193
143311831604
143312895582
143325095518
143326715102
143444016750
143737929326
143747318382
143894223214
143969478976
143972970240
143973134464
143974948992
144113823872
144370299008
144370434608
144372634544
144376426416
144376783792
144478464944
144481570352
144517068336
144532526128
144533278704
144534255600
144534307464
144536536008
144536550920
144955563528
144956669832
144961694024
144989039432
145063756040
145085645384
145093692457
145108436825
145108573085
145108610493
145182184813
145284173165
145300451693
145312219501
145316934509
145322344301
145443347629
145443956085
145596499317
145612608885
145614160629
145655851521
145667265841
145667332657
145696939256
145711586552
145969947642
146000926210
146005187074
146005496986
146006653658
146235532392
146239244136
146361260622
146416427598
146418245326
146420065998
146425244558
146435334030
146435345792
146593828350
146594575606
146600859894
146601994298
146602680858
146671272474
146679467290
146680905626
146687398922
146687519246
146695854606
146732434446
146732435389
146735828477
146784708093
146869220861
146869555229
146875394461
147604916457
147605128169
147703258089
147830708009
147888639785
147892602409
147911767593
148327983239
148328443975
148495927367
148496287359
148537745471
148747499207
148775850463
148776272511
148848146799
148848268773
149257505253
149257808101
149257832855
149258549655
149258862098
149260824878
149412701576
149431686536
149519050120
149558130056
149790274952
149969815048
149970027784
149984200152
149984225644
150002805642
150003912138
150085887402
150270492914
150274171922
150397002770
150400776498
150477972274
150478892370
150502883154
150503364642
150506803458
150640742658
150640771762
150669877426
150802614608
150804080560
150821425324
150821477536
151202332016
151258536016
151269987920
151391719334
151853862822
151857798054
151921466278
151925218376
151967585864
152412878408
152428744264
152428771563
152532383979
152533311723
152533326931
152553292435
152555189779
152696407571
152698838675
152701107475
152703053459
153074116243
153160578707
153160582859
153178870139
153183626171
153776006075
153776340027
153778212475
153783730299
153789436146
153993793778
154046968050
154060856818
154060889466
154065428218
154077161978
154182722042
154182962698
154343386890
154343606602
154344373248
154345089056
154554691366
154571667558
154571739809
154601373345
154601383063
154604422039
154623816615
154649180007
155297249127
155320001351
155365827911
155466433863
155702746439
155707938119
155714781511
155721478292
155729971180
155753303100
155779558460
155781367932
155781617062
155782012774
155782230087
155782237703
155782381095
156030256679
156037312023
156289921351
156298599863
156298603485
156298635191
156298900567
156299452679
156454969143
156458341431
156458370863
156925111737
156930607866
156999833578
156999859056
157073435504
157073699792
157077020240
157077038302
157095552222
157096494046
157135849438
157147404894
157147617654
157200918790
157298602758
157298854352
157298915040
157366220512
157367306896
157389011600
157519772944
157567763216
158116785800
158116825516
158132214328
158141066808
158168034872
158373445176
158464080052
158491823506
158498902930
158503448338
158540414922
158540423665
158576926193
158586328105
158602962625
158758570945
159204647166
159249338494
159360507318
159360581934
159362855662
159367240942
159651179150
159651196510
159651776206
159845448174
159845537670
159846863238
160105312646
160604389126
160624682758
160778096454
160780119366
160780361544
160782012232
160782019530
160787351242
160791864778
160792635594
160793952522
160835367178
160846617248
160847207536
161137947760
161138017995
161165951691
161166074563
161240333507
161588808563
161855048563
162457725811
162458088051
162587193971
162587827571
162589956280
162592502200
162684113592
162699357368
162709818392
162735861400
162737419544
162793650304
162793808768
163222263680
163225926528
164001740004
164002339268
164054006212
164079650244
164115856836
164117699268
164117965368
164895796888
164963541128
164963564084
164964950068
165142797230
165222790062
165222814338
165237457730
165307590922
165307593566
165308508548
165386520964
165390389636
165403267984
165403268272
165403444112
165709265424
165807462928
165965617680
166073350672
166299570640
166415143376
166604861904
166606238224
166686034752
166686119931
166686697467
166717347835
166717604891
166717773941
166724820085
166853356437
167016830846
167074152318
167074166137
167155350407
167202736827
167220480699
167229790715
167238697851
167248206587
167817698043
167833029755
167833045369
167836468540
167851619644
167972615484
167992192965
167992782405
168006661701
168039714887
168040156151
168040456695
168130016635
168130069203
168137007827
168141791943
168141846111
168141905791
168150242687
168898531711
168963531135
169004615887
169222163151
169369553615
169369732843
169369860779
169373633195
169439023883
169439507211
169441103755
169483321227
169509949323
169611341707
169611356600
169619686872
169696258116
169711644740
169712156612
169726640068
169788937492
169789966996
169850575508
169928701492
169936580652
169936609369
169936612221
170065490813
170110735858
170110799428
170117164356
170117823428
170284834672
170285253580
170354062462
170355023770
170379304666
170379727642
170385983898
170386388442
170387152314
170389370450
170405168722
170426002794
170481932106
170492570470
170528351078
170528588590
170530217262
170554579510
170554771254
170755317234
170768022990
170874555854
170904960462
171150171598
171782135246
172017470926
172017536542
172263693854
172312654546
172314364274
172314925938
172370957778
172566301906
172570105042
172571283122
172716882354
172815411776
172869933576
172869959336
172870068128
172870360100
172875446902
172889945742
173013775758
173065471683
173153887427
173166014147
173166030579
173266515069
173267387064
173267912312
173278449375
173278484383
173283430943
173283440913
173283461273
173342722201
173361558425
173372690329
173373600921
173376999433
173714829321
173773950985
173777426569
173790773385
173790842669
173791382157
173825799821
173993866893
173993916493
173993948621
173996590461
174003455933
174008006245
174039345625
174105643481
174106413721
174106513361
174106552765
174106584827
174129823483
174129825993
174142016201
174171423881
174171714647
174171778555
174173900283
174176797307
174176806237
174668615005
174668759021
174670949357
174671259493
174671297189
174694620069
174745457573
174768807525
174790549522
174790741042
174940962658
174942260834
174942302042
175029858138
175029892498
175029933465
175030024059
175195899771
175198117627
175202574843
175203759835
175207308471
175207805367
175296119223
175296224327
175301350727
175309703495
175309789671
175309858303
175323432447
175323932633
175328098784
175418495456
175418968770
175424114165
175424130495
175456545727
175468567343
175483646222
175830012942
175831461390
175833514894
175833629956
175833637980
175912183740
175930099644
176029902128
176067850160
176067956400
176143434334
176143500192
176144132814
176339936328
176471684744
176491165320
176492281448
176501646952
176676816488
176677047304
176682386056
176684121864
176691702792
176709737608
176709899448
176744127352
176767729963
176767766644
176768316356
176788075876
176796330340
176888514644
176890444676
176890465318
176901832742
176911618614
177081274934
177085997654
177086013864
177086063100
177176375484
177183267172
177183297156
177507499652
177531059077
177531255429
177531978565
177533428805
177554825285
177566126427
177623514491
177634410235
177634501275
177640957667
177642289891
177642351981
177642432445
177808515357
177813222301
177926212801
177926215565
177926221453
177926235574
178001877199
178014798031
178015049295
178015169829
178053951854
178054074414
178082147424
178099110124
178243558634
178243657002
178991375658
179040697305
179043304316
179047361612
179160882252
179161441036
179164107020
179176293900
179184177228
179188629964
179189797628
179189812809
179332361289
179332457409
179358931905
179414032545
179414158121
179414172097
179456822401
179607462266
179649683834
179660008860
179661839424
179670096832
179670100384
179899390944
179905912544
179905980406
180577265654
180599842550
180619848950
180933160531
180933556395
180933654815
180955837255
180964658375
180967365447
180970693447
181097078599
181276372807
181276382007
181604545335
181613648910
181615688718
181662093198
181670447502
181670456704
181670637576
181670793888
181670951192
181680048408
181699585560
181874441752
181901721112
181942157390
181942252340
181942745324
182030795510
182071670518
182076358646
182081682497
182084582465
182094642241
182300433473
182336442287
182358620591
182358848439
182434054839
182436736951
182509001387
182561936827
182826069435
182885382607
183117462479
183117511017
183408122217
183456266601
183456361097
183456943433
183524650865
184177155953
184182893467
184336096155
184381165467
184381228415
184383508575
184710768479
184711023511
184719084951
185218058903
185418680983
185533024919
185533202619
185548550331
185548562890
185549031010
185549533946
185556622074
185575631354
185575639722
185582297002
185770971050
185774235466
185774605954
185775016298
185775383274
185775421178
186171332346
186461984506
186594875130
186612020986
186612203642
186676861446
186676922634
186799589642
187077900242
187077961458
187079889962
187079891338
187082872960
187086804768
187097833095
187097875239
187158098727
187158138411
187257376664
187290910576
187292239792
187292244028
187292784348
187748050732
187750119892
187750124034
187759377660
188004216060
188101089820
188103247036
188103568860
188103617578
188124474410
188125162538
188136498154
188139998826
188375215722
188379655945
188379974409
188380394377
188380402187
188385798955
188388261227
188432420203
188432464009
188432694105
189101157305
189106578602
189108034730
189108093581
189108114229
189108904757
189116236597
189116247093
189189990121
189318755817
189343641193
189492900457
189515327593
189516837801
189516858553
189517153433
189518056985
189518060145
189518201125
189527882013
189584005405
189887613209
190100628021
190134277685
190360325237
190360834549
190360892763
190379332955
190380911584
190506335200
190509527520
190517315408
190738988880
190748652524
190749622252
190763318764
190763570412
190769451756
191111274782
191249191654
191280931046
191302006559
191302304519
191310432519
191371901191
191388823815
191391151359
191407099647
191409470076
191612893820
191658876028
191779360198
191786718662
191786779122

