18714834
20580498
30915730
30918702
32316718
40237854
56575774
57262014
57312726
57337856
58931648
59748100
59814028
59828872
59880204
60517618
93477754
93478927
93480689
93579069
93602661
94703397
100530437
100641157
131096453
131207077
136279045
136673965
136675991
179362055
182258744
184885752
207962580
211465877
213484949
336140447
366944961
368089253
381261477
381672085
430505621
430691770
437807034
450950586
451000492
451277876
459126182
459170373
459404429
474192525
476940583
480614125
523965165
524096989
611783133
617181877
623925039
625612463
670694063
673826415
685430291
725525033
728751157
729816693
729957525
730311465
738400553
743544617
754439977
755152921
765786594
783157058
783890290
814567282
814568865
818582425
818920225
819791649
819894017
820761857
870855937
871893633
897019041
915406841
915460089
916172073
954701609
954918863
955799599
959640367
960705679
994092175
1067589619
1067784947
1067791996
1068923324
1071812348
1071822276
1074453956
1074924340
1112570676
1117858612
1122136372
1127821620
1127881748
1191412108
1197775244
1245762892
1246386188
1255009036
1255081500
1255264200
1256116296
1258431432
1312368224
1312401500
1313689244
1313759703
1337964431
1358926991
1364114741
1364126427
1379911359
1380111079
1396837607
1396854117
1399370405
1404225829
1406679451
1465988219
1466579925
1471403807
1474518903
1495617991
1497987527
1525602759
1526082247
1600094023
1600380754
1605904504
1610469496
1610964736
1615837440
1619815510
1621526678
1621541492
1622470644
1624390744
1640245004
1647542424
1647906792
1695623208
1695630788
1698495172
1768515268
1768631172
1801863044
1802694617
1802722034
1837418052
1856642628
1856661048
1856748944
1859735696
1892872582
1893394518
1894129646
1894665294
1894924708
1898799524
1899393246
1914710430
1940483614
1940675718
1948726886
1948888902
1948966324
1949072444
1968400988
1979611740
1979969260
1979970484
1992221108
2059270580
2059509300
2059738302
2074086078
2074185568
2074740576
2089408406
2129561366
2132123126
2136385142
2137137614
2146071126
2153626198
2156875862
2161410581
2166936341
2166984693
2208216659
2208223825
2210719761
2210882193
2222115121
2223144305
2253351149
2265702119
2266327303
2266342939
2266445835
2291854621
2292122397
2292138030
2296139982
2300524004
2300564884
2304124820
2314188692
2314523474
2337984124
2340813084
2341121612
2341143825
2395017321
2419153773
2461490669
2461545253
2463197909
2472242197
2477271288
2477298407
2477417457
2487070997
2489036565
2489055849
2490430297
2492524749
2492581837
2492607821
2492704355
2493911139
2495474595
2517625763
2519789871
2522659407
2533840207
2534227319
2634678461
2711622845
2711684541
2716035135
2730866299
2735375483
2736855643
2736884523
2778548731
2825534079
2827800479
2829715391
2829902358
2835134162
2836203922
2836269572
2837287780
2843966004
2905428884
2905479454
2905511855
2914204079
2915660047
2972303375
3006469009
3081023857
3081873009
3081981217
3085523329
3087529511
3088298663
3088305855
3088306415
3114967087
3115137567
3117970693
3120335749
3120370729
3120572377
3154134151
3154817863
3161545543
3180661127
3193480471
3226373399
3228999959
3229101921
3243756897
3295593085
3296491117
3298295021
3302055700
3302259597
3303346957
3325058813
3327639925
3330409589
3342434677
3387326381
3387379305
3388325865
3388408617
3389210779
3389357031
3389388631
3389460183
3389543607
3392802433
3417474945
3459963913
3462085289
3462086465
3464830017
3562703515
3567605711
3567739879
3581405671
3646033759
3652769375
3652848895
3660846335
3675489755
3675513340
3679562648
3679865872
3683185626
3689014362
3705331370
3707584814
3716842622
3717095262
3740287254
3771717685
3772464921
3772475833
3774186409
3774323245
3775462509
3806899677
3813745381
3822381925
3823455623
3829216679
3829448103
3831193619
3831401219
3832399459
3837466851
3837468135
3837817383
3837975951
3848451912
3849137608
3849185928
3850529480
3851147290
3851284970
3855885450
3856616506
3856829474
3860671564
3893107788
3910472268
3915677290
3916640690
3917013938
3946862258
3956377136
3965726704
3969324688
4003388544
4018608661
4018800341
4020155701
4020173437
4075273853
4092112509
4092580521
4119421417
4119598353
4166781201
4167735953
4172033425
4172337121
4172382893
4179695117
4182312437
4185793621
4202606155
4247726027
4250742349
4251582125
4281191625
4281285609
4282384873
4351344777
4355728689
4355737674
4355907338
4356576446
4356583026
4365532530
4365795946
4366823784
4366946168
4366984034
4367323090
4367574239
4373659871
4375262927
4381084699
4454599707
4461574307
4462297715
4556935283
4559689515
4573635179
4574612799
4575574655
4575695073
4576451937
4595222958
4611655086
4611747630
4611760396
4615513228
4630400900
4653399604
4653881880
4655907992
4655988111
4661224591
4665996000
4666735274
4666758794
4669363338
4669674666
4669710595
4670413187
4671847641
4695964447
4700569109
4705993685
4706116509
4711468189
4711517053
4714553213
4715550845
4715642921
4772214673
4813160689
4813241089
4818172993
4818600577
4882101521
4882164363
4882170935
4882211952
4882299008
4883086752
4883243524
4884741906
4945146898
4954428818
4954528518
4954612330
4958016122
4958148836
4973961572
5011754340
5011768292
5018080740
5018563588
5020581060
5056880900
5061848145
5091532465
5092024846
5092042110
5092211646
5118830526
5123187118
5124192686
5125864366
5140305070
5141399777
5141489452
5173305996
5182775564
5201719924
5202436618
5203240394
5206464970
5206469938
5249106226
5256805558
5295494162
5346657522
5347746556
5347826348
5347875108
5352224420
5353600036
5428285500
5444931132
5453745029
5458613375
5463428567
5463481793
5464019521
5464391529
5477030249
5523117011
5526165395
5537786469
5537787655
5537796403
5543307875
5543354043
5543396603
5543810247
5601127745
5602235393
5602578321
5603047301
5603147429
5659950333
5733966077
5734326301
5734410733
5735155181
5759464461
5760496809
5760592841
5775315929
5819024057
5823305869
5823926557
5828775637
5833003097
5833118401
5834036897
5849329153
5882654749
5882775149
5889085155
5905821733
5905962213
5907632485
5909988581
5910003813
5910196261
5947169221
5950832069
5954565325
5954619977
5955406409
5958378813
5958448535
5969280919
5973880043
6001049835
6001050009
6001299993
6003508505
6008171545
6008236865
6013357143
6023298970
6030627610
6037867290
6038339274
6053693134
6056673230
6057947726
6071847326
6074303742
6078074563
6078206851
6078856035
6097817731
6110633603
6171451664
6171663184
6172497952
6180015868
6180170536
6181146664
6181368326
6199596102
6211213894
6211913862
6226159750
6228111366
6235395334
6321993838
6322530734
6332185022
6333927870
6334254398
6338517848
6338532490
6338855050
6363751988
6364240375
6379352055
6410539536
6416204552
6424102664
6427474392
6429723480
6451668220
6479009876
6481789364
6482185060
6485420824
6499853144
6505207004
6505211964
6506237052
6506274386
6506785822
6508381726
6519847190
6520110982
6520477009
6534385793
6534448663
6534766935
6534768727
6534772228
6538672132
6550375364
6550387896
6550391468
6550883884
6559760700
6559848732
6560003964
6568458108
6569109140
6573837172
6573938872
6574074868
6589804532
6589876428
6590920986
6591383242
6591924682
6592590210
6598256758
6598572198
6601917222
6601951657
6602077097
6608175401
6615949225
6667869097
6667869791
6672626527
6672654175
6673991935
6677478079
6685721319
6685759099
6687920763
6688612203
6688670123
6688678571
6753592747
6754098979
6762529346
6872512362
6872528768
6872708024
6876636600
6876762584
6876807308
6876907532
6877422476
6878572029
6888376829
6891824509
6891846024
6891874358
6892089610
6892602538
6897239466
6902251946
6911781290
6914023986
6914078694
6921092838
6921142278
6921160806
6927341126
6928293446
6932579886
6942401326
6945742958
6953269454
6955638158
6955868938
6956666746
6959089530
6959113298
6975317202
6975362207
6979724447
6979872439
6979948911
6995633519
7009899887
7022791423
7052357887
7089853183
7091813847
7113533175
7113536869
7123468257
7123478848
7123610240
7126554057
7128713417
7129732041
7130147401
7133059145
7133145777
7137327281
7167825215
7167955423
7168168143
7231562787
7314450115
7349755075
7352267395
7352383275
7368449197
7369074773
7369114832
7371712859
7373226779
7373347483
7373382973
7431591229
7437955389
7438570621
7439315515
7450185723
7450187662
7456220164
7472092056
7490502446
7518783435
7518803395
7518903233
7518906321
7556690897
7580251249
7619743173
7619805573
7630314373
7643579269
7644212825
7644458585
7644695801
7650154483
7725682355
7766835379
7766958607
7826486799
7826852239
7829940943
7830474996
7839027444
7843803124
7843804859
7850123647
7851214147
7925084931
7925126819
7925455843
7932671611
7934096507
7957785979
7966531195
7970724795
7970854323
7972000179
7972314611
7986256924
7986332092
7989435556
7989878436
8010744484
8024340644
8028112164
8046054564
8060305972
8060634452
8061297398
8074342262
8075950894
8076037038
8076484238
8144701170
8144823810
8148626946
8148795154
8153184320
8162713485
8166609549
8166923597
8167050349
8168265659
8168378967
8169500247
8169818453
8169886117
8169970645
8170152793
8170326503
8170410505
8174626313
8174824521
8176901577
8178935929
8227165729
8228328481
8228352771
8244839027
8271449203
8271454951
8277662695
8306681547
8308997739
8322812069
8323100212
8323623204
8328332068
8328474132
8328815204
8328832520
8410743448
8415047618
8442696146
8444537298
8461317542
8545916326
8554826534
8555929704
8555938652
8558049596
8558096828
8558107940
8559708196
8562165286
8596919758
8618269823
8619923583
8626694295
8627767703
8630208791
8630812567
8633742423
8633839697
8633920904
8634035608
8634686776
8641074744
8656821816
8657870456
8658847032
8658934552
8659049272
8659239244
8690871628
8691583076
8691718224
8692064466
8778592466
8808649106
8821488844
8821637324
8821817247
8823644319
8831643423
8834653215
8837526695
8864769746
8880192082
8880477426
8895277298
8895347104
8900107776
8902341312
8955559616
8955677312
8980182656
8980218664
8986426920
8987084584
8987825800
8991344152
8991499784
8997307528
8999865576
9000213877
9041625461
9054190725
9084358139
9086947555
9086954715
9087339603
9087596627
9116181211
9116325161
9116646621
9116685881
9116698976
9140531040
9143595232
9144090176
9144302584
9159974794
9187222252
9187629740
9234566444
9235561487
9247676367
9249104461
9258332936
9282142040
9282190936
9282211736
9289620376
9289633442
9289675442
9302586034
9303214518
9322786230
9364336662
9367555606
9367659446
9367700910
9367809390
9379618670
9389726574
9389749422
9406005826
9406144322
9413448514
9438662626
9460206373
9462447121
9472299025
9472423889
9487107361
9491050529
9507370497
9530720209
9534615505
9535095633
9536300113
9537781841
9543786551
9566398007
9566406259
9623826035
9624067090
9624369858
9626255177
9629509425
9630847793
9640850801
9655602065
9656368273
9709578954
9717111521
9720397281
9720996265
9730004843
9730663687
9730796487
9737887773
9739519005
9739666501
9740546629
9741959237
9742168045
9742334989
9777793421
9800623453
9800862897
9829574833
9833283215
9839983895
9849271063
9849356701
9917478697
9917559689
9917574939
9917886383
9917969173
9918904558
9924236024
9931466284
9936624684
9936863868
9979249052
9992058640
9999896140
10000040076
10011925420
10012076604
10017429038
10039574548
10079139924
10081997898
10092147434
10109714666
10112245194
10197845212
10198395148
10198952460
10199738112
10200210872
10200222484
10206473492
10206570436
10206943938
10207966442
10208471082
10208596630
10211677322
10212267583
10212279384
10212891626
10237773290
10237848640
10237908508
10239069744
10240434656
10252098272
10272591667
10291562579
10291678611
10292059959
10292334759
10292622783
10311763391
10312298775
10313528717
10314231261
10318688733
10320713181
10325151911
10325388551
10325403859
10326015395
10326233923
10333221859
10339934581
10340041669
10346598085
10416024271
10426100869
10438726944
10440831776
10440991936
10455800128
10456728768
10469584576
10469593941
10470220053
10470946669
10473064327
10473067143
10483536585
10484469609
10497165497
10497364305
10498184209
10514640913
10526044817
10573100753
10580368017
10582812209
10588128865
10593513001
10602680926
10602887951
10606982415
10607019460
10607141988
10618321252
10620011876
10622674852
10622880756
10625416164
10626199524
10626451844
10685936772
10685985674
10686150870
10700938154
10707681850
10708701722
10719064026
10719084562
10723983340
10723990358
10726311766
10731928517
10746871237
10746876469
10746925555
10767726579
10774390643
10774400721
10776431466
10855191898
10858168906
10860862326
10869270838
10869414710
10892082746
10892089209
10907104121
10953416292
10953606212
10953641721
10955326585
10959080361
10959604329
10959992681
10961034761
10961370093
10967483325
11027372797
11028092581
11030076069
11117249581
11139204871
11147859916
11148163916
11148351564
11166198410
11166227370
11182529610
11250619466
11268787803
11269332859
11279527491
11287248963
11400480899
11400540851
11401114419
11413996461
11444290349
11455547741
11467953029
11469210949
11490187077
11491018597
11494449637
11494637925
11497458565
11510988869
11512991505
11537842961
11537899961
11539045721
11539078083
11539405187
11566077755
11566348925
11573360125
11573374386
11605657271
11611768213
11625165205
11625510773
11628234613
11629644693
11631995656
11632132672
11654054496
11654089314
11710277218
11788542679
11791091671
11791206255
11813785031
11813825791
11813967959
11815013751
11815119719
11815394207
11815430089
11826763209
11826874799
11826955283
11826962969
11828450073
11828493355
11829221691
11829222944
11836139136
11843389568
11844016388
11844140084
11849690676
11853863038
11855970238
11855996180
11889300468
11893450420
11898363828
11901149620
11905206801
11905479049
11905783625
11906400713
11913388873
11914987081
11915264073
11916856845
11916880977
11916980529
11917000534
11957274454
12014098096
12018020560
12018836400
12022786128
12038640816
12106370224
12131183024
12189236656
12208648899
12208898457
12208917890
12209420290
12209504754
12213394290
12215920919
12227915287
12252375575
12252420883
12258829591
12259762247
12260262711
12260370399
12264561823
12267975433
12274125065
12274446843
12424622660
12428826235
12428832665
12438378001
12441455313
12448384721
12453445780
12453518228
12492595308
12496232748
12499129212
12499851344
12508612248
12509366704
12509662080
12510960128
12514158016
12519307072
12527142720
12527517888
12528099392
12575225920
12605681394
12607094258
12608353138
12612255450
12619141370
12623280890
12628272362
12630108650
12632018730
12632067425
12694215009
12694282049
12698695489
12698707266
12701490385
12702160465
12707972177
12708383281
12725096665
12725330425
12725351773
12728524573
12728598023
12728809975
12761079287
12761432689
12771021001
12771064745
12771168513
12771231497
12781161481
12781179481
12784246073
12784711681
12785187585
12787364641
12800755465
12806578441
12833673625
12833702309
12834232277
12841646805
12841910315
12846444259
12846782099
12849718051
12850976875
12852352699
12854804727
12854917087
12854968935
12889936487
12889955927
12892326166
12896797588
12903476628
12907491952
12923511408
12923568040
12972344680
12983369128
13000876952
13030213632
13033056576
13038248228
13048168060
13052472956
13052617704
13057985640
13058072088
13059253784
13059322044
13087674556
13089444911
13093352079
13094497615
13095522876
13103008236
13103028508
13103064479
13143946799
13155913263
13185085487
13185160443
13199775227
13252879227
13254979023
13266993524
13275920774
13284740018
13294473032
13301561676
13301570543
13329934746
13397494486
13424600622
13504571950
13514994734
13515235198
13518238718
13518454190
13518455298
13557886978
13559404761
13559665145
13559913911
13559945383
13563759783
13568502845
13568772253
13593561245
13594184221
13638510109
13638665197
13640299501
13662538209
13669788273
13677855345
13678038185
13678166805
13678332023
13678825335
13744007471
13749883183
13754340095
13764702335
13764708351
13769862655
13778008681
13780196859
13781027291
13784056207
13784113031
13784452591
13800015343
13801122287
13801148791
13806230071
13821370935
13836124583
13839221917
13929024661
13933335829
13951732237
13951940176
13954831952
13954859300
13954931300
13965857757
13982096157
13989252423
13989646341
13990233093
13990859141
13993962629
14013609605
14016973897
14017759049
14019772757
14022180237
14022195177
14039456425
14039561081
14045604537
14046355677
14047039581
14058873829
14064068581
14064498787
14064843950
14065641684
14066378964
14139026644
14139185032
14140665795
14140756989
14141279069
14141301841
14218415653
14219060666
14228012600
14254821688
14255306222
14255973614
14257790190
14267969586
14277104286
14277294932
14277875956
14278044604
14337732284
14342755516
14346718303
14347919199
14347941119
14351467519
14352513877
14353518677
14357089685
14358508006
14371415526
14374425189
14404310869
14404326961
14404387251
14424068433
14426300113
14427380465
14428268017
14429271726
14430341550
14461352628
14467572504
14516276383
14519596447
14523301279
14523687871
14523711609
14525357305
14525994265
14526060545
14527683713
14532844127
14535351135
14536938167
14536965335
14568251095
14579506935
14579868419
14581576195
14581643243
14581750827
14581989547
14582018687
14582448595
14584337171
14584356803
14584491803
14591545627
14600555083
14652122955
14657125707
14691560267
14701607755
14703726005
14712859061
14713107109
14805932709
14813769576
14814358232
14817433048
14832224912
14832848504
14835901400
14835916214
14838341480
14863867791
14863882023
14880808231
14881101031
14892969191
14893092015
14911025839
14911073927
14911100270
14912225095
14913182535
14913624675
14915702627
14918470639
14918643127
14919790007
14921129362
14965325202
14975661970
14979045246
14983694206
15024751278
15028453038
15032576950
15033537942
15034635094
15034739842
15036528170
15036600507
15036610461
15036712937
15059614697
15059928307
15059958462
15069307582
15069972266
15070389466
15070498866
15081164098
15081848354
15126223394
15126227670
15151769100
15172739084
15174900236
15175951176
15190964680
15191905560
15192745976
15197799032
15197943424
15223131340
15237812108
15238232204
15238261820
15239004140
15239253452
15242768396
15243268460
15245242241
15248527441
15284510319
15299634433
15300258049
15302514065
15308279441
15317854609
15318180403
15327129081
15357662355
15359951795
15366110899
15366111313
15374790497
15374824827
15376354053
15386456577
15412666497
15413410081
15413415017
15413501033
15413797774
15415829263
15416967375
15420154495
15420495114
15423654922
15427468576
15427995736
15431545304
15431622313
15461031055
15467888015
15477141775
15479456079
15480103939
15501192195
15551610883
15551615829
15552897365
15552898442
15563900490
15568477962
15580392586
15580396256
15588679776
15602401496
15614326488
15614643392
15614952652
15632889548
15662161612
15680033606
15681134902
15681631919
15687041967
15708500431
15719929539
15720945379
15727647857
15727728033
15748575137
15784869409
15785171273
15804754065
15805966127
15808452399
15808496579
15830585219
15831133139
15839640019
15842407138
15846838664
15848169290
15864896330
15864897284
15867465050
15870398814
15871355230
15871487602
15872517524
15872554724
15943996036
15945301764
15949302908
15965409404
15965437878
15965483304
15981152552
15981308236
15981535304
15982750740
16046735631
16046768992
16115832706
16117440944
16117496731
16117846876
16118834908
16121787752
16121919336
16168723792
16168733136
16168956880
16178045032
16178546792
16178579480
16216615960
16216939432
16216947184
16218456000
16219259976
16239870320
16239976832
16241360958
16253634642
16268492882
16283466178
16286357954
16288559554
16289196898
16290012514
16290273338
16290276618
16290930202
16292512240
16292912272
16306484624
16308118672
16310823408
16415972568
16429555672
16432004696
16443426504
16443434824
16443485097
16489751209
16498748933
16498825101
16514982477
16515452493
16516220959
16520445511
16522598533
16525326021
16525479261
16530414301
16533263453
16556067783
16556838361
16556838609
16557125969
16557537277
16557537387
16562897259
16568304939
16577861931
16578121899
16578296445
16620756862
16620850310
16621658310
16642075624
16642414152
16643211432
16651889832
16695272360
16701772584
16713299752
16715740756
16716707156
16721871188
16724484036
16725962180
16745615540
16746945660
16747319274
16748026858
16762532970
16762533225
16762640445
16767551037
16767737053
16768188877
16768199226
16768398822
16777397134
16777578328
16801201584
16801468208
16808706223
16814388655
16817465183
16821629407
16845670495
16912315487
16920653031
16920676327
16920772775
16925008167
16925067246
16930964462
16931038734
16942128014
16943132958
16947478526
16950698750
16958740734
17009066686
17009373358
17009882074
17034571482
17035120810
17046434730
17046459340
17047444236
17047476676
17099694532
17100411972
17130413032
17135306259
17137465337
17137487811
17140264419
17150020067
17154380003
17154484045
17171554125
17171554402
17193679202
17194270162
17196819274
17204964919
17207344951
17228112347
17228113553
17228134449
17228200891
17228216403
17229869043
17229997035
17234863355
17235588023
17250960567
17252195267
17261039983
17328808335
17329647647
17336070047
17380445087
17385562687
17424969989
17437600005
17454943749
17520440141
17520490178
17550934722
17611927490
17611980198
17634608520
17652840976
17653321288
17653510600
17653934792
17654333384
17654416712
17654685000
17655085560
17659544172
17659789452
17689600524
17690249872
17690268520
17690411940
17758376004
17758883364
17770645028
17786771856
17786850180
17786874700
17786910714
17801403898
17817182714
17823179621
17823488263
17823488599
17825054615
17828278167
17828392897
17828563729
17848367793
17850111491
17850269091
17851687352
17851731542
17853280054
17858806946
17892641125
17941164645
17941821631
17964643387
17999688763
17999705108
18003514260
18003545754
18012793170
18016308562
18029668171
18043469259
18044878731
18054086027
18068999612
18069054428
18095871068
18097744988
18139854792
18139863928
18144652040
18146824904
18160510920
18211298685
18211332375
18216124033
18226245665
18226392609
18226665505
18232469025
18232635169
18232649694
18234542826
18234545228
18235467596
18237718028
18238177250
18307807930
18307946882
18310837682
18324269442
18330447394
18342772434
18351776810
18354004308
18357561188
18358063708
18359201489
18404100817
18419637457
18463141290
18463988042
18464026341
18558461413
18558587209
18562130441
18563270441
18577387305
18603111929
18614907065
18614923973
18615017055
18615507455
18623683775
18626546367
18627013799
18630328615
18672345195
18672651499
18673725835
18693921131
18694292403
18722145395
18728426611
18728561331
18728804595
18730559285
18730660409
18758887492
18784265280
18787053152
18800747104
18804361360
18810521872
18810716032
18812113280
18822984832
18823143552
18823756209
18891196937
18893591945
18926771369
18926891145
18956532169
18957423993
18957525657
18958184717
18966951535
19033004015
19033363730
19033506042
19036756250
19043233050
19044516570
19044699050
19046284714
19056079786
19059508522
19061335562
19061855514
19061862566
19066491814
19066873510
19074799526
19075518438
19089942166
19090952822
19099805158
19100725200
19101409664
19102546330
19110802617
19112820905
19115413413
19115567737
19125880878
19130503074
19139176866
19140322594
19143434018
19143567274
19162483553
19168245217
19168634465
19169052849
19171861617
19180265180
19188772740
19232937820
19232949946
19260110906
19260229498
19261861882
19262490010
19262513297
19268791105
19273625665
19275293057
19280788289
19284860097
19285228365
19285239649
19285512125
19343725501
19343758801
19345763281
19345935275
19444728747
19446758315
19473438549
19537204277
19558073269
19566851061
19567085469
19567310037
19568845685
19568869667
19568918599
19569399255
19652887151
19656963695
19657054575
19675855311
19675936331
19676361851
19676792239
19676906607
19683785199
19683793755
19687440219
19747183707
19814374171
19846849675
19847751979
19909445336
19910599256
19914619725
19941603021
19941832333
19942573837
19942796749
19943531661
19950108803
19950129168
19950213964
19950703476
19953313874
19986998354
19987089474
19990583076
19990608890
20000370974
20000510318
20025874798
20026079310
20036504654
20067152462
20067166362
20067177002
20076588074
20085984234
20196500978
20196606426
20238743770
20267861210
20273962041
20288097337
20334486585
20344475113
20345621993
20345627097
20345842425
20346841760
20346844929
20347907817
20353073457
20401488907
20402708043
20402786923
20409393147
20410577119
20414634863
20415750231
20448186163
20456536883
20492487683
20492587667
20525613651
20525739607
20528348247
20528978071
20548375927
20548501015
20548507329
20551997741
20575880493
20575908912
20576733216
20624715604
20624884148
20630062516
20630146324
20630429908
20636155988
20636176562
20654679978
20667028986
20738471242
20810841866
20811067146
20816676618
20816725122
20820005218
20821003618
20824579938
20855428431
20855748303
20865943759
20867046511
20867095319
20867104678
20867386534
20867510038
20867527222
20869302698
20869672106
20884371882
20907518218
20908057162
20915363930
20920893354
20932833194
20954096600
20991730343
21001339815
21002006151
21002024055
21013989205
21017343361
21036205473
21036551147
21046308710
21111064422
21141289510
21141293568
21184449024
21190171328
21190728048
21190766070
21200487718
21207384726
21207437782
21332663938
21334033306
21349556122
21349621260
21349786508
21349797795
21350722555
21379404795
21385426427
21386605643
21388776907
21388851419
21390246651
21390341673
21393660936
21394289960
21397739640
21397772920
21401187960
21401188618
21401450642
21401628814
21402044124
21404228028
21405801020
21407508476
21412567036
21416566844
21418601916
21440523210
21440534970
21447067578
21458292666
21459354820
21471893268
21472691096
21472692306
21476065298
21477496850
21503796138
21509149185
21516848973
21540799573
21542626257
21544747929
21546671155
21573287987
21574206419
21587996739
21590101507
21590127339
21593056683
21593078737
21593370801
21616526513
21634105999
21670003479
21734533911
21734555719
21737067479
21754799575
21755622183
21757108391
21757162422
21757215366
21804761750
21804769336
21815930424
21815937550
21817020910
21817049399
21824137527
21833499943
21837377831
21837388060
21839097500
21843453852
21843457004
21847362988
21847456406
21847500222
21847512216
21851413144
21853748618
21926112818
21927044874
21943774970
21943805922
22008640187
22057108155
22146861019
22172997912
22173005752
22187052481
22207348673
22208365441
22218723789
22220473741
22228787243
22228835195
22228910459
22243583561
22301586473
22350441065
22384540265
22419749161
22420320757
22421066837
22443136557
22445334753
22445341893
22530284689
22530311181
22537982980
22541705604
22593698244
22598035052
22598185068
22598866142
22619253742
22619255982
22619339664
22619762400
22664858989
22673865325
22679317961
22686876521
22687088013
22687191014
22688222870
22691472722
22696013928
22699219048
22699324416
22703351672
22710465656
22711004898
22714257762
22714505570
22721845090
22739902050
22751157242
22751571082
22751597374
22761504930
22779029063
22788319815
22793516503
22824264449
22826017777
22833760881
22855809137
22857069169
22857285177
22869819833
22871527353
22872182713
22875190201
22909872057
22911544505
22912315285
22912319780
22912780196
22912813156
22915996820
22916131388
22917420604
22917583720
22917618427
22917926907
22920500923
22921919503
22922708399
22923083887
22927264879
22927875055
22927985471
22928316632
22934363864
22935430500
22943299684
23021149812
23021153643
23022173617
23024920241
23043825073
23049052849
23049151733
23049162938
23050421108
23065122420
23099463253
23125691845
23128714988
23130766316
23131168274
23131396108
23131444368
23131651164
23131890300
23132584337
23133168929
23157179810
23158779274
23159384632
23159488320
23168027545
23170587737
23172468876
23200315532
23200674644
23200677872
23202460016
23202569940
23204824197
23227879045
23228454533
23228530517
23233218741
23239946773
23246612317
23246794505
23247994525
23266731341
23267001373
23271321953
23271723065
23272532073
23280787571
23310833779
23318008435
23325414579
23328142012
23333510332
23333951468
23338211436
23339927276
23397078764
23403720928
23406229634
23408971568
23437551280
23438381744
23438408336
23439405550
23441655022
23441734526
23450308342
23450332518
23461611878
23463055498
23463142940
23502429594
23503419594
23577754826
23682949578
23683078570
23683145700
23683158560
23683231440
23683763484
23683960944
23703291408
23762246512
23767774320
23769880688
23812407870
23814102750
23814164518
23823991021
23824644781
23906330029
23907761977
23921005945
23927236729
23932994889
23935195721
23937100361
23937163977
23937623689
23938069449
23940414061
23940487283
23943147043
23949600675
23949696691
23950094771
23957070783
23957347615
23961061663
23970334351
23971046231
23971096943
23971229935
23971253607
23971520703
23972727967
23979741855
23992979743
24016130151
24036877391
24037039647
24037233399
24055671399
24059510631
24062424779
24094560971
24113237331
24117705683
24117745733
24117761478
24172581190
24196123974
24216702278
24252354886
24254121798
24256079222
24258766068
24273154036
24273297328
24274141600
24277500064
24277858592
24289224736
24289272155
24296323931
24353365787
24353387899
24353448539
24356658587
24356666771
24376191222
24391284823
24392543779
24392946663
24393523175
24404443087
24404896893
24428639869
24456741423
24480363837
24485281245
24485551437
24501956515
24520631783
24535998823
24554286183
24640915815
24651885415
24727145895
24736976039
24737703063
24738103959
24745755799
24745887407
24748521263
24748525536
24748557908
24748975316
24762984580
24762992819
24801258355
24801306371
24801543620
24803077054
24805631814
24806857218
24807283970
24808033794
24816963718
24819067654
24819084179
24819352951
24819356492
24869749300
24869980308
24870333236
24876022580
24879185044
24896706482
24903486898
24904832178
24908161202
24908190874
24908769083
24909595195
24912347143
24927043591
24928417223
24928629315
24928656121
24942987513
24942996609
24943407653
24943407795
24965094691
25035295007
25112378463
25120883231
25126676559
25127358863
25128127567
25128131568
25130914276
25131086935
25132672215
25135033327
25140308719
25170397891
25170564875
25172529839
25173579247
25177624879
25178328239
25188406159
25193162383
25194072255
25198995135
25199262471
25199791447
25200398167
25219301207
25219317083
25237723591
25246596017
25265951409
25267503025
25303989585
25306580601
25308196409
25308243562
25308249702
25319401574
25319774930
25320416146
25323763602
25324180024
25325089240
25326125528
25355436796
25362294780
25363846350
25366705614
25378938254
25419561758
25423965822
25424147439
25425887779
25454670371
25454748175
25454801873
25454927689
25454985089
25455297461
25463508789
25464162629
25470237429
25471309357
25483387181
25502903058
25503145810
25503146786
25503282370
25526112258
25526299078
25526441154
25529812162
25597788398
25597926512
25629588557
25643956045
25645051949
25645403739
25645413750
25647906038
25647989894
25656957830
25688245318
25688318280
25688480758
25694003702
25694018502
25694181486
25764228078
25784366078
25784518792
25785263816
25794793748
25800117268
25800244564
25800502758
25841600326
25844056758
25874148534
25876507574
25876861460
25877755014
25886675590
25886689231
25886939183
25889250735
25889719983
25891528623
25901049263
25902164655
25916623023
25923331175
25923379417
25923978265
25926709529
25927295513
25927517157
25951559141
26003003781
26005139365
26005234729
26006329577
26018668777
26044188905
26044214306
26044218960
26049324688
26049579152
26056389456
26056390022
26060015102
26060804750
26062181898
26063767674
26063815038
26139949028
26140081284
26140163650
26140428796
26140694780
26153138684
26153182973
26154049725
26163845565
26163847615
26163854195
26194111839
26223074655
26230228831
26242961247
26244702687
26245445087
26246680031
26260198067
26260308745
26267853577
26268505001
26291477417
26292221289
26297090665
26298410601
26346922746
26348177946
26351620458
26376020715
26376065227
26376355267
26376724931
26377847795
26377865443
26378126968
26381213880
26412637880
26412679290
26412680002
26413052752
26413261888
26414117888
26417221376
26419764096
26449068616
26493240660
26528728404
26528733725
26545593469
26546502141
26547997829
26554316845
26559344957
26559455924
26581946036
26591332788
26591446814
26592360214
26595721110
26612038550
26613379770
26619644090
26621902426
26623728250
26638984058
26645656698
26672131706
26672592506
26673193418
26675336522
26675657546
26708013322
26708976682
26721101066
26724496727
26743085143
26747587671
26747603781
26747676517
26757466357
26769263605
26770532437
26796325631
26796431615
26894920446
26895558462
26896143294
26896150122
26901249894
26902811494
26903041894
26906013542
26916540262
26962155430
26962435478
26962435590
26962898310
26964474774
26965801039
26965807547
26966609967
26972291823
26972511055
26980174702
26998539890
26998577278
27003489700
27060754140
27089162972
27123807964
27123965522
27128768594
27171495698
27172965353
27173435945
27186300969
27193911337
27193918431
27193982943
27196640735
27225082079
27225148927
27238585855
27240274047
27263576959
27263593600
27273706948
27273730052
27273782295
27273818031
27274174095
27275963167
27277707743
27278139871
27306255839
27306347094
27306361014
27344789762
27345693186
27373215932
27373318460
27378964950
27380029994
27381209571
27381320675
27389569123
27389641315
27427724899
27427778499
27439247555
27449753379
27452625187
27491038027
27500621424
27500621744
27503561712
27505096205
27507059981
27507192157
27517119837
27517188213
27530241621
27530278557
27545459446
27545496358
27546537510
27550795158
27555999126
27556292518
27630494630
27631266774
27631868710
27632410134
27632445538
27636879930
27637874122
27638073482
27638172934
27645037318
27645365510
27645433670
27645547472
27669617616
27669619784
27672191272
27673281624
27673367074
27673735930
27673775705
27684061785
27714746601
27714791798
27753893374
27755349979
27755693923
27755717005
27767344013
27798733129
27805512521
27806222473
27806230693
27852146773
27856626737
27859951921
27864683921
27865931281
27866134593
27887536121
27895521529
27896943593
27904141089
27925524001
27932523609
27932827481
27932880851
27968812371
27979806035
27998746963
28033105091
28034835467
28035117259
28037902763
28042450347
28091946753
28095135977
28109859049
28124233449
28124237785
28131122393
28134500725
28134813725
28135876637
28152287805
28173306009
28187090212
28197253924
28198009108
28201787604
28204904412
28204945488
28239613840
28239650008
28239864201
28239941695
28291840447
28312466879
28312499849
28313295017
28324582569
28327249769
28327976967
28355253285
28374813097
28395081611
28396319907
28397684099
28398057475
28402167598
28402570286
28402810894
28402889126
28460677550
28460762330
28461651641
28479518543
28495660687
28497218767
28497395651
28497442039
28501327735
28501539015
28501672903
28507536135
28507542845
28507904957
28511860116
28513776858
28514884314
28514895786
28553067434
28585930834
28647698912
28647704256
28647774174
28652074785
28652695329
28658090199
28658271671
28662768516
28681348364
28681512364
28682342392
28693408760
28698583032
28698933436
28702616764
28708345360
28708358831
28708434771
28708467827
28708602643
28708724255
28708737599
28708791295
28710566527
28711859391
28719429103
28719804847
28720064703
28720343059
28794979731
28795018315
28796724171
28796727097
28796898319
28797503503
28811793839
28812267320
28812315704
28853178398
28855201304
28856879640
28856923804
28893436108
28897022156
28947384396
29003321082
29003891450
29004576154
29005225114
29014097754
29083327322
29083341609
29099283017
29099651197
29136447613
29136521749
29168407925
29188762590
29189659708
29193798716
29231888444
29231922972
29275574044
29306199132
29361049564
29369865900
29370104268
29371391788
29372424788
29403110836
29406049876
29406083652
29406382372
29407596604
29407614664
29408860276
29412686340
29430298628
29480375300
29482978308
29485112196
29521513860
29527738052
29527827348
29528365412
29542176106
29543016938
29548513770
29548532266
29572012586
29573634602
29573746720
29587235104
29590598944
29620639295
29629127905
29644386257
29646831537
29647954449
29648048545
29670007381
29720443477
29792466975
29793978735
29816620399
29851398011
29863381159
29879341343
29880656895
29912039679
29914238207
29940110963
29959866739
29964574579
29965731603
29966088267
29966736683
29999339819
30014507819
30020437035
30020532907
30030461832
30033515272
30034528896
30043803036
30055021610
30075176238
30077173806
30088778776
30127973728
30130064736
30130418016
30132697056
30132697974
30132723151
30188607823
30188625578
30205646506
30251103914
30251356810
30270101714
30270776302
30278962628
30299488462
30299574390
30347291914
30372204234
30436925196
30440965628
30451873430
30474068917
30475282357
30476888317
30486602682
30489835514
30491189114
30491421690
30491442432
30491690486
30493076534
30517966518
30518212358
30524612870
30552438590
30563462260
30564001748
30565157204
30624675156
30643975284
30647412756
30653150484
30656250206
30656312606
30663313438
30666692894
30675694990
30689778830
30689899854
30689926718
30689972286
30691089554
30715244690
30715309362
30725149172
30725478740
30725479049
30726088033
30726211303
30727143143
30729694695
30814751837
30817813725
30821782941
30821827501
30821830255
30989390191
30990120991
31012135967
31015539743
31020156703
31020476771
31020607375
31025893263
31081947969
31112663873
31112789009
31119881745
31133808145
31135329749
31142684373
31143384469
31155222677
31155223217
31155532761
31239826393
31264851929
31267638402
31270445762
31278153154
31278212772
31278675172
31286036196
31286128936
31288749352
31308722788
31308745316
31327763166
31328433998
31329619696
31365852912
31372011504
31372440708
31385946756
31385956457
31386038201
31473770304
31494609938
31494690642
31542531242
31542608997
31545338239
31559920655
31559958383
31608633455
31610678767
31615235526
31615604094
31616941542
31648629222
31650068038
31658565446
31663064494
31686186414
31686237040
31686237968
31700705748
31702822180
31704014228
31705571444
31705893220
31706469220
31709248817
31774394705
31774419173
31776478197
31784384375
31786661367
31813449231
31813594511
31814585359
31879979023
31890488079
31891819855
31897135531
31897659211
31897968699
31898523323
31909640731
31909717362
31929482098
31939533682
31962627234
31962636324
32025933860
32028965844
32045216448
32046059072
32050681904
32050695350
32050714216
32050775612

