2227511936
3346383323
27510797247
27510961947
27526799958
27533383281
100529068176
100545016995
100545424572
122609260569
122616234704
125509788351
127790733123
128794827351
128795792082
134518211169
141020772342
141474749469
141480085992
141941455512
156095489482
156100739011
159512325577
159991951768
160732531111
160769524945
161035730959
163995608011
164007576889
164013710128
164013754069
164014659487
164014965343
176592579490
176650306264
176683168126
238839977503
257228962341
260296498842
260396232603
260402714628
261943007793
261968690542
262033644442
262098992002
262112185444
282910128979
283559138227
283561127722
283561197448
283563133645
285017790531
285018746331
285056567735
287452033835
287460259385
292868220020
295291499747
295291512876
295355541972
297806508498
300992695986
309078039360
320346714324
320346729653
323126520377
323127092255
323127471119
323322467036
323322617939
323322785276
323328851331
362114143782
362312949237
362783111439
364027905912
364223581176
364223590423
364249875976
373722102673
378367131967
402279916813
402281717443
402281861839
402282797713
402744810211
445592240836
445592245369
445593057475
445616898448
445658956051
450687214597
460387902415
529998335834
530014221230
545829118286
546056824352
546643480394
546643671146
546651086534
555503563352
555879970109
557376507965
560000586476
560000599633
563444786638
565981885972
565983180001
594488080918
600618683449
600619286332
600619482262
600620753026
607733027929
624979823653
624979855689
657734739369
658098117177
658101345513
659969892069
668904602407
670490763523
801038713732
861029368135
861029489905
861029707600
861031496332
861046837408
941013324283
941013334057
941013973390
941220310279
943340253700
943344719716
943344828202
943344878809
943369791943
943559142403
943559809333
944078062723
949425422065
949427558791
1002985835038
1002986021651
1081460600654
1081481767568
1104089369273
1104133183631
1117761785738
1212136673813
1212137210105
1212532838405
1212537676049
1213500050090
1224582543557
1224818427986
1224818541401
1224888315449
1238437800713
1238438540891
1240964716160
1266570022088
1359938359937
1359953590448
1362304121537
1362603812708
1363842422345
1363843402607
1364067530363
1364548514357
1364552688206
1365194483435
1365550804784
1372497270095
1372611754223
1372732883405
1373452731512
1373957421876
1377283298508
1393899332814
1400243144031
1400634441681
1400635396995
1400635402220
1400635809992
1403014298753
1403050740734
1403057935964
1420512605633
1422584812190
1422684709976
1431365499335
1431387021602
1431488289665
1432414059887
1432664276744
1432677849266
1433516640311
1433549736182
1434911288024
1435490312801
1435490321399
1441889408022
1451039819432
1452663301703
1453798451300
1453809948359
1473940656419
1473944068718
1481337766700
1481443799021
1490337254204
1490413681811
1497497339087
1504594210949
1504635326549
1507194214964
1518708947111
1518800304635
1520679243815
1520680143887
1520680180562
1520971670207
1532077192784
1532171516816
1532290899896
1532291838254
1532326693931
1533479876675
1533686436638
1536961024611
1539009871821
1539838486755
1539838945188
1539839864214
1539840265794
1539840626892
1540015810938
1540016080245
1540020064716
1542362162757
1542362197767
1543332057909
1543332319728
1543988229909
1568370070203
1568402678373
1568402763720
1568402774281
1569617123756
1569630311231
1569764404949
1570616404043
1580340064838
1590246670757
1650933980717
1660570348929
1681505390310
1682299536666
1682643139044
1683158114121
1684382928081
1691735945757
1691738057103
1727762316729
1727765111148
1727765256348
1727765268553
1729523570626
1729524423313
1730649429471
1730705101014
1730706669822
1739303051995
1739312631055
1739394658864
1739503617391
1759533681868
1766890065337
1766892684292
1766893502959
1782229295896
1786946976385
1786969436875
1788445123873
1788512633468
1788555120317
1788967440368
1788980459714
1788983665856
1788983678364
1788994326624
1788994369305
1797584108400
1799725343238
1799725439466
1812231309078
1812301727823
1846189063188
1853936190090
1853987836554
1853995510737
1857909856905
1857911475042
1957064902470
1971568329309
1971575805761
1971576893024
1971818185542
1972481667993
1972638502137
1972746561807
1972746635568
1983431363413
1983447669685
1983488905570
1983488917131
1983494394351
1983631506129
1991157657102
1993933773666
1995438932676
2004985522287
2014725000327
2016129835086
2016621051486
2016621793581
2016679307307
2016680644536
2016748728843
2016751477119
2023475268651
2023475276262
2031635319537
2056855146267
2058547794600
2059824847323
2059855978539
2059900258731
2069265312033
2069275209426
2070195665238
2071471778071
2075474473585
2075875062001
2099831839126
2100025815091
2100663465559
2101379038837
2109601416553
2110306050376
2110324887007
2110377452281
2110664734030
2121993284680
2121996277856
2122156641818
2122156999478
2123511456506
2123517435615
2123604900306
2126837124468
2129107204224
2129108720085
2129110550847
2129110733286
2183381488206
2183381833866
2184124952136
2184495235293
2185104301356
2185123813041
2185123998018
2185124004443
2185127129504
2185132007639
2286942285773
2296953945853
2296953947212
2297691001204
2297691355498
2297691912961
2298029817348
2352146643660
2359564142844
2359566189633
2361696205161
2368612713075
2373544662702
2373544756176
2373545708007
2396733541719
2423123307456
2423123385405
2425847906265
2425847908209
2425848282159
2425848499833
2427935308989
2427939563919
2519724817761
2521000051995
2539063418844
2539065445464
2539138311930
2541771936086
2541819582824
2541846782633
2578275533012
2586149209778
2600624068295
2602030932779
2602030960439
2627084570507
2629645761833
2630726479196
2630726679308
2630746506650
2630746688009
2633442688202
2645222614086
2645272415181
2645272558794
2645650429175
2646489279269
2646499842236
2646499927295
2647426032128
2647533245429
2647904217491
2647911498986
2647970448311
2652486877793
2653775616743
2653957890071
2656561301432
2656561311795
2656561469979
2698022371035
2701369136892
2701380954549
2701699287708
2702143605189
2702143787484
2702171063748
2704833228864
2704922419098
2704982773737
2706852729282
2707259616258
2720268760497
2720286042171
2720461394373
2791319050230
2802710894685
2802710932037
2802711541157
2816547677603
2816633473208
2819454121952
2831968113879
2845789656555
2845951175253
2862381334485
2940338946216
2940344982811
2940432744142
2940958328977
3007632612601
3007656379558
3007686095506
3028995135406
3035431889749
3035445476707
3053416535875
3056977603630
3056977667596
3057060094064
3082448093516
3083168797259
3086903647349
3087398178512
3088927084667
3089207475563
3089314728230
3102892142747
3102997643627
3243932676707
3247335139136
3247335283778
3247348970024
3250199571434
3250223643743
3269677717331
3269682769058
3269682914048
3269782625939
3269782691666
3269822720327
3269829074534
3269829408038
3269838229736
3269876196056
3269920697348
3270427882148
3297060220340
3297060338606
3297459634505
3297582692621
3297583121300
3297589819595
3297637515932
3297645409058
3303132005942
3303265108949
3304915964396
3304916015084
3317792574635
3319041490874
3319041648986
3319046090054
3319054483760
3319054525751
3347012888699
3390907104563
3391699085087
3392048929028
3394102003709
3394113065555
3394527648938
3394527727544
3394570756769
3394585535300
3395425471388
3398902020629
3398902337420
3399070153967
3407791100777
3410507827169
3410510004368
3469285621529
3469285681064
3469290858908
3470553760691
3470554481240
3481932455903
3484721458271
3484728651557
3485463807611
3485713400975
3523327660631
3527903274032
3528266779676
3570823017703
3570836275297
3570845007259
3570859211824
3574626124681
3609112925494
3763403110820
3790958681819
3790960671437
3794807477591
3806688057659
3806689827914
3807449034029
3807661654169
3807674881145
3852891269647
3876011998243
3876012318202
3886774206703
3886785875806
3934026197737
3934588449193
3934588538541
3934597278522
3934597283500
3934865661205
3934891709158
3934892626834
4061996126401
4061998202188
4062047094760
4062541315207
4062541446364
4065857638204
4065857658265
4067855285935
4067856355297
4092103882363
4105805710738
4105805719099
4105813795690
4374768265864
4377505718455
4377505936507
4377506512660
4377508181206
4377647838652
4378426654366
4378426655028
4378616312838
4378616345722
4378616352698
4379223494516
4379336195000
4379336299598
4381469070017
4381517181830
4382999659463
4383025123523
4383025924370
4383038215144
4491533232280
4491534794041
4491539704990
4491541990891
4492220562316
4492342380403
4492672280605
4492675452349
4538654921449
4538655030049
4538660435114
4539484046192
4539810882407
4539925786658
4540133402942
4540313116238
4552390371029
4552390381163
4553713492106
4553716819991
4553756872565
4553757522995
4553789269053
4553789271271
4555157202519
4555157211834
4558011089991
4558011116775
4558708544514
4558806205166
4564795190942
4570202780264
4570203545768
4571276918807
4571276922647
4607954500409
4609344416003
4611904662545
4611979307420
4611982959062
4611987676421
4611988300688
4611990382914
4619879978853
4729076658647
4729085861073
4732489740678
4741457096778
4773407821935
4774196429025
4774196687517
4776352206462
4779407128059
4779413325873
4779420195240
4779424648134
4779425308185
4780414201788
4781227995423
4781240021736
4803126048072
4807278137556
4807278585540
4807279251441
4807466820954
4825018379745
4839000533406
4839250126968
4881085693929
4888431271431
4888782370450
4889608859620
4889643836311
4889648370934
4893631796791
4893977989342
4894866558694
4894867630459
5013677835028
5013678124153
5045949347437
5078787291919
5078860342093
5078860363729
5178553380919
5178576364102
5178945686437
5179232594245
5179234444852
5179234500829
5179366145107
5179366190872
5179366357606
5179946750227
5212493259949
5212494156646
5269974962437
5269975078969
5307875260444
5307875495326
5317928374891
5318050074880
5319202238968
5322623020402
5326372750000
5326722654691
5326723244506
5419753464784
5424384109156
5424384255214
5424385002628
5448829690660
5458236196360
5458239011029
5458332308449
5458355643982
5463037193044
5465123453263
5465135799445
5465135833751
5511938749121
5511939156155
5511959370596
5515446450242
5515574619377
5518119454130
5527492716701
5574505213334
5574506773637
5575011454505
5575011589509
5575063153137
5575063379343
5584106576229
5603802842571
5641728039280
5641779930229
5641793405281
5641793667712
5641794059590
5641794095131
5645943055018
5647236850117
5648041155577
5652948127477
5652948128941
5652951858019
5652957057247
5652957193651
5652957218841
5685702082983
5685702116859
5700303029682
5701221300681
5701221301993
5701222584304
5701246414342
5701287604300
5701349133358
5777550826321
5777961156364
5819038626019
5819042144173
5819074144438
5819158814143
5854666946674
5889827240644
5891807249842
5891807284429
5899460687224
5899460982235
5899588882369
5911572581674
5911580301379
5911593489724
5911612662181
5923884166312
5924127829216
5924273554984
5930753946538
5930753985508
5930906242261
5942104767013
5942889887137
5964626886919
6012035738863
6013489436980
6014462564500
6018300178693
6018300702088
6019530121951
6033615467749
6034427526887
6045166357208
6045771353579
6061161141170
6071370654221
6076672910090
6077263645763
6078555100481
6079106591238
6109364894619
6109365085770
6109693931806
6109693955800
6109693985827
6217682265586
6217683533641
6223786602085
6223786708849
6223788091195
6223810025104
6223812691786
6224970170284
6224970290608
6225197621239
6225201829432
6244035949756
6244036855471
6246046706284
6246214806025
6246214814494
6246217285987
6249073188442
6249105302458
6249168629230
6249617500045
6250169358910
6308699160736
6308887297411
6308893628776
6309029047816
6309042705388
6309065008657
6365116976662
6365117460844
6366590596342
6428795508865
6428795586499
6428795594059
6428867991049
6430816464645
6430845537165
6489073047477
6509205095439
6514717789842
6514774446210
6514777979613
6514778860299
6514899044697
6520289234247
6520295325771
6521736518238
6526680927204
6528794999502
6529240785288
6530613427245
6531501990036
6608015676570
6611290013847
6611290029426
6611290583083
6611358989338
6611757681625
6674795618722
6674795754046
6675314110684
6681658453342
6686557160569
6686595557728
6724478634361
6724493297062
6724500281125
6729219320227
6729236862154
6729237441457
6729520195944
6729582219264
6729583069440
6803283123288
6804426364416
6805717018134
6805747148811
6809999208252
6810224295504
6810224298665
6810235397828
6825073738553
6825947486606
6825961148795
6845248088504
6845248088756
6845333378273
6846187522058
6846187712903
6846190154000
6846212882762
6861429988964
6861430415186
6864660690731
6864660698081
6864660706235
6864666769571
6888672875165
7006995834899
7007786146715
7007786147727
7009082096130
7034998210155
7035521581125
7040868290928
7041702948543
7048970070336
7049002704750
7049002709165
7049200183115
7049200564832
7049200566508
7049200805404
7049200820432
7128967988768
7129818735413
7185248563154
7188800144720
7201009529303
7202513826509
7202513828456
7202514372992
7202528393849
7221759117875
7221759242981
7227251273885
7227251332466
7232524380707
7232772051341
7232772134548
7232774451634
7232774471425
7232900234860
7234373928022
7234376705512
7234391065093
7234408187116
7234408192435
7234408403116
7235028929374
7235029199977
7246251509194
7246257606589
7246257608701
7248254941126
7275903475537
7284970390438
7284970395172
7284972675484
7284979967833
7285507841890
7296860484532
7298400954844
7298404792087
7298405361841
7321929153601
7418714125639
7418718170374
7427650105498
7427958393766
7428103421998
7430548062262
7430577897316
7430578446739
7454566219198
7454833737412
7484242619470
7491415437337
7497064479739
7497071252071
7497072726352
7504980179875
7504980584308
7505079476074
7518932930565
7518984394320
7533314477244
7533321084171
7533480894984
7533903615609
7534251775074
7537090029411
7537720062558
7577866935210
7584003484437
7584012094143
7584043827513
7584043842196
7584077867542
7584627377536
7584661484287
7635920563060
7636760790667
7636779910150
7637825729688
7650547073772
7650592312596
7650769291764
7655228367351
7667920602988
7670602614265
7671530342559
7671869190750
7671909868950
7671910663560
7723259444325
7723555624440
7725532191003
7729296741900
7737602707641
7748568461235
7748568748677
7777043590164
7777043816064
7777071286971
7777555559466
7782995986593
7782996276960
7782996279008
7783378030793
7783378040749
7783424765275
7783468028509
7783468045300
7786608330169
7786610261614
7825731759388
7825731959140
7847867539672
7847875747483
7848163336525
7850242628962
7856956244653
7856991897788
7856992020494
7856992135394
7856994280517
7875131985683
7875132654797
7875640180952
7875904657922
7875904803749
7875990110600
7875991864196
7875991941088
7886084778466
7955467599933
7955510150173
7955510486467
7969350254755
7969399933189
7970752568632
7970754248248
7971487892707
7971487928813
7986140997212
7986146113334
8029495379867
8029495403519
8030282625104
8036602825838
8043391982105
8138894764157
8138894771150
8140181704739
8178142535369
8181516299984
8181516310973
8181517208599
8182680769144
8217091921627
8219177318323
8221331399320
8294353026409
8313407130502
8313417826876
8316115952833
8316117120521
8339363952815
8345028728018
8390788543491
8433214183798
8440804507417
8455525841563
8466643055842
8469726581500
8481458150323
8481465682351
8482614207271
8484858305467
8484858340522
8524953324484
8524953686896
8553782235382
8553783658255
8561232917053
8561364681616
8561423122630
8561540828185
8561541325174
8561631527161
8561808575746
8561810756860
8561815415170
8561925859354
8562022942471
8569350875257
8569478467591
8569760280280
8574153821125
8595209361913
8597709450079
8597715539173
8638595233072
8656301716297
8658100417885
8658259305865
8658263419612
8659492937890
8659585547134
8679806345743
8682025874488
8682096005017
8758677924316
8758683472910
8758685528933
8758686179687
8758758888689
8761166063222
8761957418237
8764618343324
8767211732555
8776936794326
8776936798917
8776936842675
8777180655996
8777183349489
8777265539028
8794486353192
8794766934234
8796065641173
8887089133713
8887091554722
8887115371152
8888266472358
8888376619641
8970595415696
8972243945678
8973433290953
8996238132851
8997742169930
8998445900198
9064120087433
9064144574066
9083470957472
9083471094083
9083471126724
9179060356512
9179066963439
9179067434967
9179067599694
9191107611771
9191166011232
9220664037597
9220973487162
9220976404224
9222581425578
9222588548637
9244897340298
9245473835685
9248433521962
9259062119455
9259062524968
9259062532427
9261177126954
9261181129137
9261181181466
9262600367562
9296436766770
9296472944124
9297005782617
9297005817069
9298472469570
9298877292837
9299059767369
9299059771005
9299061421317
9299089745154
9302063662746
9302063891772
9303581510121
9303584547378
9303586483602
9303591380295
9304109588838
9304113166041
9304113725541
9304114554711
9304114816503
9304137255123
9304528218552
9304533366750
9304536436569
9304947559782
9304977346722
9309895214829
9309900398225
9397655117253
9400280733642
9400280845665
9400282107240
9412452637581
9412679332767
9412679798859
9414276080556
9414276955680
9415361075007
9415362274617
9416923707324
9416923788465
9416934305748
9417013903800
9479633281902
9481243231249
9483402653179
9483402682828
9502831654633
9502831774252
9502833132379
9526995423199
9526996037692
9541122499981
9541123308766
9541963831915
9541963861945
9542137658812
9542668666786
9598148395954
9598233763312
9598795614547
9598795904488
9598800715564
9670342839856
9670382881639
9685102203016
9685102596721
9709801005718
9709801466689
9726636043418
9726640764665
9727237710689
9727661131385
9727661926727
9728042564978
9728153274563
9728156841353
9728464493204
9732561671951
9735349747031
9739196362916
9739500603047
9789945913700
9790001393516
9790100361827
9935166387758
9935322834803
10012846790678
10014444282641
10069536439283
10075207446194
10076276862950
10076418816746
10079967447191
10079967512696
10081620071132
10085872773551
10085873014607
10086262397321
10086262430051
10086262485053
10086264628313
10092532443467
10092532456454
10094344926143
10159168505000
10159195199360
10159203588935
10168479089609
10226401345994
10226746251203
10226747426306
10226942662747
10234939255474
10235378124166
10235804380672
10235886772315
10236174701800
10240113742492
10273310735998
10287393036763
10287393056412
10287393273411
10287429724140
10290119421399
10292351795088
10294632587337
10316272333416
10316273430156
10373960819265
10374280382596
10374292908274
10385606152111
10415275223584
10415662644073
10415669195353
10415763879331
10446774170269
10457019289867
10468675858729
10469475323140
10475795998084
10483301539327
10483301589682
10483314816658
10556022341704
10556189570419
10558784596822
10625110972729
10764775091266
10764812901580
10764817178866
10764833732269
10764883493080
10764883522372
10832790521911
10833261732931
10840891631368
10840891724842
10841067181957
10842337263348
10842340132206
10985501303109
10990914018759
10990915418277
10990915619070
10990990021397
10990998187493
10991001053273
10991134958909
11041986020270
11042127941261
11043824537129
11046825942407
11046855009074
11047027426322
11056425428966
11056425517846
11056425717295
11056688104078
11056738410124
11059762701481
11059762749544
11059763047912
11061929963611
11081543616514
11081545807483
11081657420992
11081661794777
11095777930619
11122344120863
11122345086248
11122469712497
11124701922161
11135433487421
11135858861570
11136143989508
11136146414936
11136684733322
11157277590547
11157921919222
11158851035554
11158851042187
11166379960171
11166621706777
11166650293054
11166668116861
11166669189337
11166670802875
11260491062973
11263359604344
11277946065471
11331713721735
11332617820974
11332651435164
11332651874854
11332823878030
11332824031504
11333058810328
11333066648572
11350399056598
11350399314556
11350527741644
11350528691315
11351094358349
11351362913201
11351362950788
11371823429288
11372150068673
11372224271396
11372421967448
11372444701313
11396171416199
11396680359530
11397155217380
11402137482830
11418358125032
11425477840109
11425479961877
11425479963190
11426068799818
11481075930964
11483637830878
11483651138242
11483655374839
11483657514454
11483657592535
11483662693852
11525638562902
11527579925056
11591164714942
11591169808465
11591170943815
11591182408798
11591182768114
11591189048269
11591197062166
11591371638708
11602645096641
11602645576746
11602792156047
11602792591543
11607281842312
11620166275063
11625899477104
11628108998830
11657411551810
11674733339764
11674879636942
11682153990415
11688132170224
11689756785361
11689763649739
11690160979678
11691041636464
11700983572562
11710799795459
11710805663180
11711794852028
11712885664205
11712889301915
11712890333795
11755027664309
11777578241213
11777683013822
11778405773582
11790906094577
11790906115579
11799773793712
11800876335085
11800878631354
11800878942799
11800888016419
11801057823847
11801059736014
11801060186104
11801092888315
11803912870699
11803913517277
11803928869531
11804115295972
11804696810524
11804697099397
11804697553447
11809257920110
11833167588481
11856395561791
11969492052442
11969492723608
11969497489459
12003032121769
12003124139794
12003934882564
12014435979577
12015046494283
12015046521936
12035056574664
12035074588254
12049592559993
12049740654885
12049759097856
12049911204435
12049911386109
12056601751533
12056601881286
12056601921696
12117847839741
12120551811549
12120585633504
12120960658806
12120960660480
12132390362067
12132390420014
12132414279887
12133162301684
12133162330279
12136023638938
12136026428970
12136030121598
12181744733877
12197946091119
12197992676647
12318936472516
12318938604598
12318960058078
12320689965601
12327694976290
12327697927039
12327697941454
12327699836233
12328149081025
12328166697310
12328175602603
12328175902627
12361582846636
12374496559672
12392223324836
12392635703369
12392666330117
12401042627597
12458030642537
12458031147897
12473660240628
12473660403357
12476230806327
12476235026832
12476589762630
12477033712677
12477037878912
12519515706699
12519810400575
12519940260599
12524062746851
12526287417926
12526287452564
12528918408686
12642513321740
12643263716432
12643268643666
12643268672891
12643277043998
12643846803704
12646881686108
12646913948003
12652439871521
12652441044563
12654113532158
12654261059120
12746549808476
12746549882144
12750821968052
12751196607713
12801486338102
12801501866018
12801679327946
12801679450229
12817669551419
12817670803598
12820006132499
12820921628195
12846610954694
12947134614167
12947655957788
12948916546924
12948973271143
12948987090796
12949361404765
12949363402576
12955460885341
12955462790785
12955464479446
12955810211341
12955811686054
13143453110044
13188434438134
13188435642118
13296540307456
13315471298758
13323805179373
13324515007402
13324767894586
13348374680953
13349279784025
13349285343865
13438379530954
13441112609527
13500885373120
13545373160782
13545399964202
13545399989199
13600611394689
13602066657294
13605366843615
13608858410985
13609112860902
13690126616079
13711397010663
13711529634786
13711536971118
13712594893002
13712619437460
13712619758193
13712620692042
13713609926646
13713615791208
13719464561853
13719570850053
13719605024844
13829499012663
13830265645830
13830265674594
13848874160657
13852311457937
13864736017076
13876381279805
13876382326217
13876382346449
13876774503980
13896867762824
13897251770837
13897252445702
13897268328182
13900355090459
13902874672631
13902876571982
13902881497592
13902890375597
13902890529911
13925181291215
13925181365162
13925182121522
13925194132040
13925234366297
13925235982184
13925329948097
13938712695359
13938714164903
13950460428179
13953442402823
13953443984024
13955735567362
13955834376022
13955847693394
13958110139596
13958207808829
13958459692180
13958610107268
13961072700327
13961073102825
13961219367198
13963418641695
13963448925651
13963449651843
13963464184458
13963465413579
13963616473626
13963619830671
13973360081319
13973589503850
13975363768836
13975363835913
13984314696768
13984314898377
14080695126996
14082899904304
14082900408124
14082901082557
14082904833019
14083112087346
14101371514371
14101998403316
14103441915170
14103808448450
14104596170858
14104596194063
14104611432350
14104617317567
14110189503182
14113717031393
14113721901356
14113726822106
14136350265476
14136511722938
14136551614547
14140635838766
14140641754601
14140641825179
14181841611557
14181842044574
14181842307014
14185197116900
14185973906495
14186170016180
14186388982994
14186408088626
14188609789640
14188652422937
14188680801449
14258143987298
14258173433066
14258660284781
14262096759434
14272837884071
14349910744952
14349910764461
14349951626936
14349951711752
14349951806333
14352437181654
14357573539236
14357574815214
14357642219997
14357642941950
14357758472412
14359184899422
14364996561051
14365116371472
14367878793285
14369498526309
14369499010356
14369500410279
14369555863851
14369854604894
14370701092298
14370715412774
14370768820043
14470122987827
14527707018038
14540169840929
14540169970529
14540169976280
14540386062815
14540386106365
14540386194874
14540598836695
14574127403458
14575467447946
14575482616249
14594076221248
14594077565848
14598306130759
14642489855653
14643322092259
14645719954051
14646090971960
14650559653346
14650559665415
14650568463824
14650568470184
14662217234813
14662217236982
14662258730933
14662259175389
14663398058447
14663614948340
14668773695370
14668996592699
14669033412302
14669368928720
14669750434589
14669750460551
14677267693496
14681422322087
14684836830512
14685735606593
14685735626627
14687508336656
14687517506747
14691964207001
14759187241973
14783878890608
14783892276020
14783942746634
14783942782081
14783943148525
14811480165952
14814256768030
14814700226020
14814733516534
14838999278077
14880458807651
14880465330014
14880511770959
14880511771196
14880589687445
14888862629492
14999063829575
14999079388622
14999240802344
15056072040002
15056072097050
15060158996438
15082165436807
15085293321386
15087394665695
15087408600530
15087421498889
15090137575742
15090396778553
15098325009386
15099039495725
15099086936939
15099217000378
15099306842824
15117118619380
15117130117897
15271429213483
15271795037347
15299345355937
15300721610980
15300731808232
15300731852044
15300733976431
15300734054520
15300737556741
15300737730099
15301020509199
15301021234950
15301037451069
15304196631618
15304221270360
15304225445100
15376469003199
15400586373582
15400586663562
15400613027118
15401206069680
15401207326023
15401216123838
15402619482372
15402908625642
15412267301652
15412267439190
15412318081605
15468347054853
15497537126832
15497537244321
15497562530415
15499056273285
15499056326231
15499060788764
15501978636455
15502674351773
15634652409713
15634652692646
15666218693723
15668114010131
15672690661925
15712609368148
15712963682884
15737328126970
15737399657179
15777074734414
15781646174101
15781653672109
15781938763588
15781961867056
15822755809657
15822781153342
15832856743261
15832869189478
15834846031900
15834992491753
15834992869852
15841278045412
15841535912395
15861044521015
15962558255071
15962766016426
15963166469977
15963167470084
15978736941100
15979092908155
15979093259101
15979093472455
15979103930257
15979237308826
15979237371520
15979238666953
15979336078588
15982834619356
15982834734862
15982872446032
16009568535745
16011050311351
16093220124448
16186861091530
16186986924949
16188893735257
16188900876541
16209961030903
16210021741996
16212700818184
16212988307366
16212991690007
16240534230005
16240535052317
16240621131908
16246185673472
16246186374344
16246211776169
16246225047128
16246228427906
16248086538530
16248326941346
16281950683004
16281952627247
16281967911461
16282143562553
16282143916280
16282144541033
16282172465270
16282175501960
16282378571471
16286924025710
16301049309945
16302569526450
16330334769459
16331054399622
16331054433732
16335405341199
16338835261413
16339527198405
16342292463075
16342294492521
16342386490863
16344714320541
16344862021773
16344908965728
16344911312553
16365296326431
16437636794874
16437636829763
16437677234588
16438225248674
16522124902226
16522127935595
16544861553251
16545440624792
16545445309967
16545445559771
16554935029316
16556416237474
16556448220162
16556449683112
16557024190516
16557569119474
16557618437458
16557803650114
16557806547487
16559797684141
16599394782181
16599395712039
16599479946786
16599489146523
16599489239559
16599502043879
16601196636422
16601780042429
16607325806411
16607870421269
16613325527000
16640070337637
16640074730834
16640504673164
16640654401745
16640654408243
16640662573610
16640671878665
16643036915006
16643037312518
16722394644497
16754346476114
16754348330933
16754368827497
16754372652317
16754372759075
16790177159591
16790857337633
16790857457824
16790857584481
16790944401577
16791871435696
16791871443944
16791871736561
16791873236114
16802547228599
16807140062974
16815001571272
16815001572822
16822512768918
16822513297749
16822522442325
16822522473660
16866105674058
16869290342967
16869291162849
16880471257752
16880674876200
16907308248222
16923849349347
16923849523218
16924833220509
16925957395371
16927145166006
16927500431205
16927518263193
16928260049381
16928262692006
16930761763784
17003470104491
17003470319303
17003473899341
17004937740707
17074011784682
17074100255879
17087801771117
17087802699458
17087950853399
17092038603164
17092038680834
17092041223397
17092041234899
17092041266141
17092225781144
17092228258826
17097216378713
17097216385841
17179059850694
17179092312740
17179092395673
17185850293290
17185869004722
17185881961863
17206682446491
17227742588691
17227743443949
17227743687010
17229418375699
17229592156906
17229593188684
17229593273170
17229614258275
17230199886574
17230199905464
17230231344318
17230231444296
17230409476464
17230409565705
17245465042104
17245487395431
17327250270522
17327251030383
17327263994190
17327278427661
17328621602142
17328631877397
17368322867784
17368365081258
17369116409853
17371357199847
17371362164823
17371363329765
17371364615415
17389932314832
17394418090215
17403525523665
17403531422004
17403618337758
17421726691197
17427235077162
17427241826973
17427242214193
17427671466808
17506585601095
17506587386848
17513356264681
17513391274177
17513437368729
17513437626210
17513461777251
17532416192914
17549606815543
17549825703625
17550786922444
17550789898852
17550798178834
17550854629678
17550854863189
17558624530609
17569165249501
17569275986059
17584227263417
17596998396446
17596998547202
17601279258530
17601280567166
17601389818751
17601390253280
17601390261299
17616716009345
17641134330482
17641134333351
17779071970665
17780557584456
17782023638718
17783737299747
17783737375131
17788000312869
17802326150358
17850274981557
17857857980022
17861161417278
17861607379383
17861607432819
17861631646293
17861631682436
17861631687116
17862358384115
17957569759352
17979204086828
18033325349606
18046924924796
18046964208419
18047072587391
18047075961203
18075403892267
18075414159260
18096582676742
18096929452151
18096929466083
18116730957743
18140057635337
18140394828698
18140394845839
18140421949330
18146486342610
18146486682567
18146486826909
18152619918975
18176760002580
18176979133419
18181253159088
18212343982485
18213890950023
18214083462399
18214875013932
18216347250204
18216735884478
18220247292312
18222680592933
18222684516897
18222739847885
18222740061608
18222881647988
18244141911659
18244375449298
18244376372392
18244748484169
18245105179495
18245105686483
18271663318222
18310722637399
18310722905881
18311239160353
18324557380018
18324557425540
18324685438207
18326020752610
18326117979529
18326119729096
18326119737985
18326119825762
18364774211338
18364871858701
18364954645399
18383006288875
18388900868521
18388900895867
18388901064320
18398986751618
18399008110567
18399008127311
18399008135810
18399253543454
18399349207208
18399383965734
18399421354686
18399471008334
18399590247948
18399596419662
18399596476983
18399613246899
18466213462699
18482910513027
18482912366874
18528741002094
18563352178930
18563654457322
18563655615325
18563655710038
18563745422965
18572850043784
18574266865490
18575007280901
18575008497116
18615447649997
18616966449326
18617034359606
18665704257827
18665704501808
18665730872654
18669315442199
18670192851290
18670192853924
18670194838019
18679158712415
18679304868244
18679309127926
18679309139143
18679310890660
18686910129787
18686910149179
18686954644234
18687165473221
18687229855423
18826192316671
18835474642324
18835929306270
18835933255830
18835939081431
18868761736740
18868781914524
18868781959218
18869110722882
18870249797775
18870262756479
18875631373461
18875820290895
18880063315839
18880064520093
18885254927193
18892500993036
18892504733373
18899423414307
18899431965477
18899432472996
18899521538571
18987807486699
18987886610010
18988264728525
18988264772240
18988266138926
18988267995365
18989027515679
18991807936259
18991853621843
18997826336888
18997928931245
18997946831840
18997947023378
18997947301226
18997947534317
19001638894829
19001642220527
19001724896270
19010389638638
19014430853783
19014435014186
19014446478637
19015358313295
19034237754820
19037686426687
19037686613014
19037686623157
19037894665906
19037969045413
19047389007326
19049478626777
19049762416271
19049762431057
19050015016435
19050039115960
19050065634955
19050065919490
19051297279051
19052647670632
19052697448939
19132273298515
19197105024217
19266535135930
19266630913408
19274187489865
19275960075235
19275965805175
19278819466198
19278838184731
19279845995373
19279929048885
19279930026177
19279930031034
19280941832847
19280943155982
19280944109514
19286022529236
19286022908595
19286250966084
19286263787976
19293836645079
19318666631481
19318685354388
19382261729427
19382970437223
19431702447427
19476169355926
19476169371534
19476169377348
19476215324031
19483488770385
19483843455165
19483844065842
19484252999850
19484268175443
19484268964572
19504936847991
19553119536855
19553120038326
19583506240383
19609477762053
19609791338487
19609807470042
19611024564360
19611030843723
19611030972675
19649091069587
19649258057311
19649283743032
19698136026550
19722630575266
19722631294384
19725736676191
19739192859259
19739192861302
19739192933082
19772849620731
19772853644460
19772870003220
19887592316232
19887592350726
19924544393872
19925442115819
19925477702683
19929595661845
19935518414326
19936509697591
19936510081891
19936510727488
19936548377764
19995675844462
19995675985996
19995699779098
19998521146879
19998521245537
20047784816234
20052152021225
20052310182566
20071171023656
20071547479499
20072927138126
20072993093384
20073051726854
20073051920156
20073051988880
20124371053661
20128545642644
20128552275086
20132814372857
20132814406573
20329905661555
20329999824584
20333311388489
20333314226243
20333326743416
20333326802141
20333326830194
20335518433829
20336020114133
20336095957295
20349673211963
20349673632011
20349681787334
20403375790859
20410977030335
20414728885697
20414996731961
20415002351822
20415389831360
20415427977014
20415579654212
20417043665105
20417049158471
20420723829023
20424930066440
20448581237972
20448581668838
20448591369641
20448591799418
20448591878420
20486727928442
20486898002684
20486898344711
20486898345477
20486899238561
20486900761928
20487044710268
20487045657644
20487046126688
20489444104148
20491618524524
20500324997444
20500325021237
20521578013862
20524217149868
20524217616671
20525186243186
20525186269601
20525186406665
20525186606564
20525186606726
20525230268073
20525230460040
20532847100271
20538124925583
20538141478986
20538144827904
20538195236211
20538195248142
20538195373380
20538198228246
20538405319905
20538472637952
20538766524825
20538834002829
20550066517935
20550066717969
20550221253576
20550258339264
20561804610138
20561966557218
20562160030902
20562160096989
20562160305225
20669216261619
20669216278960
20669260248595
20669290101145
20669290297555
20680200825019
20684889551815
20685053915071
20685072749473
20685097832824
20685664708270
20699383339852
20701722662944
20701801981494
20701807257105
20701807489062
20701836076797
20701837401174
20708079181086
20708079212862
20708079740010
20708079873039
20864286929781
20866309008545
20866309283915
20869887653315
20869894371779
20869896609080
20870925813467
20886838075547
20886864920918
20890285153013
20890285388696
20893487228867
20897023752942
20897023766649
20946483268098
20989056858630
20989625874477
21015739343796
21017823655398
21017842791181
21018958817281
21019299956881
21020651765638
21058663614604
21067971514306
21067971518164
21067987599175
21068098375099
21068176413010
21074451673441
21074932863742
21075162013228
21079188717628
21080820319906
21160622150005
21160632140950
21160635808171
21160635808576
21160635820996
21160645311933
21160667439027
21161460704832
21179276790282
21179276794014
21179276794117
21194740122661
21194740154926
21194740439614
21284985427507
21284985430069
21284985434794
21284994543406
21284994607582
21285021170902
21285066494290
21289209608326
21289834819138
21322049450344
21322671944902
21384687960322
21384688347313
21384688403635
21384688408053
21385305411054
21387756416946
21388824967650
21388827392634
21445950391401
21447274289664
21453832265772
21454828894794
21454829581530
21454830113610
21487795708746
21487798027776
21490886467623
21506520398961
21515895448095
21529344625482
21529504896132
21638319035205
21638329523826
21661712868777
21661713970539
21702715529424
21703502490234
21751011370881
21808036441367
21808036918430
21815930264102
21815933767703
21827365933049
21827366079146
21827366908613
21828151413944
21828662229347
21858722733183
21860705821677
21885238125665
21885238205693
21932371643051
21932385983210
21947635899218
21947640073327
21947647907161
21947713402951
21947713577704
21947721360508
21950290050008
21950362549058
21950364435710
21952755981444
21952756289325
21953281707327
21963999277974
22076909315508
22167817612968
22175189185152
22176640206525
22176689659707
22176956456211
22176975445689
22176980056209
22180714146957
22180878276456
22180878287046
22189220611668
22206160216998
22248800439795
22248878207328
22248899185032
22248899242704
22289758552548
22289852851614
22290346748943
22295807836659
22296239012457
22296239318931
22307748918189
22307931379599
22318456345194
22318551038034
22318655239836
22319671631323
22319674979782
22319676458572
22319684652046
22321010774488
22321738463746
22328597241292
22329126913396
22329367328119
22329403518838
22344975803020
22398124019161
22399507556914
22399507589089
22399507624621
22407674101321
22407688840243
22410558149566
22412336587348
22412774466097
22423832749306
22423922917129
22427284930993
22428336224170
22428402883930
22428414061687
22428414569071
22428414584948
22433525984486
22440124178795
22440124245989
22440285208303
22440450033745
22440481072378
22440521829310
22446167213896
22446478433473
22446498971659
22472518989082
22472520143943
22482890152176
22483486724223
22495863099378
22499053038948
22603774550880
22604005208208
22650275289459
22650275337257
22730961445553
22737208770704
22738049195438
22757775349619
22757777532245
22766080685510
22767312945503
22768408146260
22768408169237
22768608187883
22768608233182
22768800278905
22768804256437
22770129760360
22770299963017
22775178059956
22780254527866
22786467604597
22786500825586
22786574577787
22786579751833
22786614486496
22789790584411
22789790809241
22791836738993
22834264862669
22837346061359
22837346538692
22837346557014
22859594740245
22947388320783
22947388337649
22947388620078
22947389612412
22950187117836
22955492818473
22955500185990
22955558307702
22968622367511
22968668333877
22968763053846
23030071876547
23030072002265
23083612111103
23083613333393
23084998176056
23091269002709
23091276104627
23092914265895
23092927656896
23092977080909
23113200005282
23118059501786
23119164983630
23119263116507
23119263191585
23124540755009
23130760212236
23130866205191
23130877728332
23131333723457
23131333919504
23131346090159
23131347656051
23139534504656
23141837736011
23205904241078
23205904323185
23205909121949
23338088302727
23340394376687
23355889641290
23361135495401
23362470120899
23364289214954
23364704403863
23364704407927
23364704411638
23373294614304
23373296846988
23373364110360
23373391342155
23392621262418
23397754255233
23397758834967
23475786758748
23475817738521
23475821375097
23475821528037
23561659878357
23615416106535
23615480637541
23615482705876
23615487569035
23625958181527
23626092483937
23626097026471
23626106665309
23629361925229
23669804948215
23669808187081
23669808558790
23669822386462
23669894826463
23671987893193
23697839181598
23697847649662
23697874307005
23697885228154
23700725965331
23740508274596
23793973010666
23798691970550
23799049807490
23799382253360
23812788384026
23812819523261
23845667414705
23845667567732
23845668386831
23869336254326
23869336256198
23869461976055
23945630757380
23945635950776
23947893644075
23947898240825
23960827137473
23961441778514
23961507652898
23961730562873
23978829075623
23978889312164
23979215743784
23979215760630
23979877512081
23979877514658
23980072109337
23980072133269
23980072263112
23980089646846
23980090064785
24014963811643
24015155130403
24065800493722
24066162696076
24071901615898
24072053050339
24086263467247
24138211236316
24138211248007
24138212058298
24138232906240
24138233920084
24234197815777
24259180102756
24266481747802
24266497666975
24266497912270
24267363747757
24267382959736
24267642511492
24267642652999
24267642674437
24356041183333
24356070365770
24356198029708
24356625752233
24356626397479
24356626398223
24362664661807
24362665047637
24362666191303
24364491170632
24368433719515
24395409720592
24395751417472
24475840779292
24475915592188
24475941868993
24475942624804
24478622046565
24478676321748
24478676348425
24478978206913
24488169058969
24488358409429
24490281297106
24490597327354
24490597560796
24490597629322
24546996829665
24551816436180
24551823914505
24551952721515
24552336756528
24575184468000
24575303625516
24598429280631
24622981323390
24622985587311
24623241564726
24644547867354
24646885365828
24660230267010
24661155154656
24661163893908
24661879213494
24661888425138
24664822200415
24706379823733
24706812573093
24706812607169
24708208978238
24781586099990
24782139927122
24782515222883
24783943064153
24784076102353
24784195882138
24784216784026
24784258072097
24854049632621
24854049690851
24854049690908
24860770116647
24860779092095
24871259252459
24871259335346
24871322872070
24871328922365
24871381922123
24871381940724
24882362134989
24882600945092
24882610190993
24883446136751
24884297564282
24909878476817
24946956429641
24946971234902
24948490316354
24948490554080
24948934012070
24998386955700
24998388861288
24998389096167
25009271059230
25019989515612
25035398411859
25035432581547
25062993682614
25063142273955
25063152007320
25063531810488
25063591117554
25063699269078
25117864798680
25117879167270
25117879333671
25117881012801
25117881016662
25117881457086
25117915204800
25136847347928
25166860294695
25166872108761
25168697800978
25191011571709
25195592061688
25195592096194
25195592162848
25253776980733
25343968724815
25351671216613
25351671264590
25458387789152
25458390878492
25477489805410
25478359704343
25478360845957
25478362247338
25486812690679
25486812781075
25487767320178
25515596228143
25516712156985
25525205577549
25525209920931
25525312464987
25569903304593
25569903833325
25569914109564
25597577818293
25597578812649
25598666239350
25598666276950
25601106168703
25601108146345
25605814824037
25607699168314
25647676817539
25649722649119
25649820398069
25649877453254
25678909012202
25678921912075
25678958030380
25692036410665
25692038811559
25693714401668
25693908384194
25693908468620
25693908515951
25694053599344
25694088482723
25698999915632
25699519198802
25792933004381
25812110311742
25815344133872
25815344761136
25838943543578
25898387876633
25898529362359
25899282414256
25899303493453
25899822593212
26048893388035
26048907885161
26048908558559
26048954930249
26090125133078
26090126944643
26112215058527
26150937000635
26190942830617
26267941465447
26295976041079
26296009717234
26296097761480
26296097821148
26297362059245
26297376010118
26297376411752
26298256355945
26298264621143
26298266790102
26300044091454
26300071593168
26303308777446
26303309799693
26325429570735
26334597945831
26334641790078
26357864810433
26466415947951
26470526311776
26471178331239
26471831338110
26471840588040
26472497903309
26472498150683
26472608735573
26510764945118
26510765817569
26532617158532
26533221570974
26533304529716
26533304530847
26533416192506
26533819104668
26535488518538
26535489190352
26538193227770
26538194093822
26538333813314
26539012273202
26539097382494
26539910775908
26573146111466
26583631442396
26583631445960
26592015459176
26592019110008
26592019114507
26592331012429
26592357550216
26592357804565
26601502132705
26601508616780
26601508946477
26610155020658
26610155500973
26689045076267
26689045256573
26689384256882
26689384265012
26689394633579
26689482856430
26689497899831
26689497918818
26689497940742
26691574680950
26711633516063
26742635248664
26758850045015
26772925509569
26788844824724
26789040790859
26789100920237
26789114373752
26789114506613
26789296731827
26789328651092
26789426228471
26789658999629
26789758608731
26789760793598
26791080919286
26791110775841
26791113373592
26791124558048
26819187933581
26824791624632
26825028751160
26876923610516
26876925520523
26896159449242
26896160914856
26905749173378
26905759236982
26905980316438
26908555566829
26921953907987
26932540255171
26932542041950
26932555263823
26932692248080
26932953835150
26951352892736
26952766085480
26952766710962
26953000236020
26953678802180
26954349657869
26955188389865
26989289364512
26989295488984
26989298195761
27044226707698
27044389191673
27044903436292
27046255481245
27046255515620
27046255696466
27157962878501
27166170529275
27183337698358
27183442587607
27188161866934
27188198024605
27188352345886
27188354332930
27272483568994
27273430378993
27273430875172
27277541049565
27278928819163
27278929262476
27278929448353
27279359692489
27279359747181
27279361827720
27279537911838
27279589140126
27289375980435
27310760103393
27311726440278
27311776705557
27314183601846
27314183609865
27412248662442
27498961764648
27535675303251
27536526140292
27536565644073
27604967849631
27607733307000
27607976490465
27610230154599
27611126107533
27628575302817
27628575312168
27642810189798
27842016556143
27848496416256
27848498507055
27868038774552
27868067933823
27874951711776
27874979547183
27876023612235
27878788109268
27879202692793
27879202704557
27879202752104
27880352638607
27880352953211
27993935267273
27997403140199
28001336936465
28025193378779
28025226865205
28081349222108
28083549033554
28083597693575
28084754196671
28084754223968
28084754260721
28088309601011
28088447272031
28088447301284
28088684130461
28088684169638
28188131217368
28188131219104
28188370367554
28188537922372
28223240137258
28224035425498
28357211930617
28370858411854
28372215928681
28372585326103
28372585937959
28372586047560
28372586808312
28373010012495
28373067428769
28375647929118
28375649523441
28375649746353
28375781366574
28375863987060
28375864010531
28375878964022
28376291199131
28390579485407
28400194910627
28400209840061
28404974582969
28410511135307
28423784008731
28423788345795
28428492705267
28439415412140
28439417635185
28439422912254
28439423008275
28439451666723
28439452614909
28447254345936
28453542112830
28453672433973
28551611984436
28551645058437
28620210389445
28620211598856
28620247202487
28620247276870
28620247355708
28637979256265
28642560834872
28642664072207
28642749785111
28656888463577
28656888532193
28656888539024
28656888656750
28738899113579
28968906004937
28979576041526
28979576089795
28980287039755
28984424828284
29001802537524
29001805760325
29066707283862
29150680276272
29188995046608
29188996101093
29189383049190
29189385039117
29198834744628
29207472255201
29207473070439
29244254402640
29244254682684
29254814379876
29271499855806
29271539591409
29273230778097
29273234969118
29273236743666
29273237358699
29380272343869
29383050225243
29383050236166
29383050243666
29395455670929
29395457544459
29395520199093
29395712226441
29404583585382
29413893826029
29413893984330
29462963885526
29463450213090
29463450280605
29483040258747
29483711862390
29522119938975
29523091570344
29523759591681
29523870177336
29523870485541
29523881409606
29529170978334
29564728146924
29564749739175
29564872533393
29575733061669
29578976977533
29579015851458
29579171734311
29579738102268
29603596358643
29603596463013
29611859839122
29611968760470
29632331985267

