2204982522
2335379714
4368980218
4388573416
4558335893
4561449614
10375064132
10471061201
11213825450
11332513940
17961443327
18041927114
18051533390
20140110371
20292614039
219762287683
219762829573
222336893077
222369350101
222617689360
284847582780
284886160893
288421274412
296581994928
327033564228
382599322767
382653770319
387702153882
388098136476
388406811843
388637634384
388640825775
388640886768
389578525839
400184504853
401388037602
402411414594
409570408002
410509733952
412853447811
412855755096
413895164025
414970642848
414974916003
414993517239
431084117505
440793077507
520685488772
520702583128
520704543346
525190535269
526994939140
583511293910
583513970798
583539230648
584720278709
584730650168
584730922526
584769965979
585291392706
618032409834
618032424571
618292328146
626037549280
626865591562
652886537245
742765983298
754920307078
800486403480
801220807005
804469552224
806622419715
806650546722
806881255539
806912614932
816720922487
816721095290
816932428016
838711505192
838746636728
916085651135
916296161477
933225326510
933226578527
941090259096
941454394596
941454433119
971131937472
986834438928
986834504831
1008578304992
1008640588565
1008641150318
1008643802339
1008643871684
1008646251140
1072713336593
1107058032869
1107058230023
1118757407468
1158180395394
1158182407920
1247705712153
1295179868124
1295185872168
1295194143888
1296703529977
1296730848226
1322562069472
1323073020469
1323732893044
1324035637267
1334552398303
1393171167289
1393231925794
1395098242153
1395530579248
1395545022196
1528127328553
1569806835568
1593522921634
1593696740602
1593968464417
1601504474944
1601505254245
1620731814422
1747657643945
1775678598689
1797719920970
1797721289384
1804572981050
1804905640039
1805098795789
1807082663827
1807265136727
1807303186882
1807306885270
1807308267373
1870471588225
1877482870951
1979495389723
1979540785435
1979540827762
1982989997950
1983341477281
2078967258400
2168188065444
2168306305599
2168449039839
2177611536603
2185703257269
2189523822474
2214164614935
2220945516138
2326387504293
2326409971758
2327426272359
2330408750817
2330409531444
2342249260296
2354842679892
2354859512502
2369891848914
2369907797439
2369907801276
2369938159023
2373642543768
2373642604122
2394600592317
2395185236466
2436953310420
2438830797189
2447207381231
2447207401293
2447208070515
2452225936437
2477431862604
2529491125118
2543879698223
2547247971281
2551920199430
2551970045534
2555889967878
2555896128657
2581738374981
2617419323721
2617487859927
2617713466473
2618346638022
2634191309247
2636814270489
2638572665252
2642531369261
2642536406720
2653010045948
2653893171110
2654070357314
2654187182237
2672733941696
2672734299716
2693861802526
2763203596051
2818539654172
2819017603339
2819017611677
2822758233068
2822777984351
2863505843321
2867546389244
2873333781734
2877638854164
2877639338355
2895595804644
2895614730754
2906384382619
2906447772109
2908818410503
2909017228486
2909017364734
2909350230508
3031295052214
3032644689555
3032647350405
3032647360800
3032789122383
3074133685974
3077158733439
3158007099477
3160935506004
3160962854928
3175126031196
3201975917847
3208092611301
3209307409805
3213781726218
3213806296005
3213810331830
3234718475423
3256648388288
3256811076464
3279812197238
3281065571312
3281065681499
3287484084968
3287484170018
3291393341039
3293850165796
3297459181627
3445578395630
3475257029072
3475358842776
3477348062727
3480006862050
3507803673144
3516545262009
3516547558197
3574815669057
3574816632957
3631810121553
3632042571222
3634800926430
3634801458168
3634803614793
3680266360764
3683165368008
3718487543079
3718529194494
3721564043547
3800846610308
3811565952425
3813694754978
3813778066556
3813780682394
3848639061953
3852626857436
3852711299936
3852716292233
3969636673652
3969643549321
3969853789312
3971356638850
3985882155469
3987777409669
4012722100306
4101765788446
4133876225608
4133876934025
4133877001459
4133877211816
4133877212377
4141439086366
4161615571981
4162020930082
4162067994592
4162071431647
4162071446323
4162071471208
4228458313291
4228758620064
4229332657742
4240348242131
4240348261991
4281322914212
4286659451330
4290917241899
4296606150485
4296609626843
4296684560024
4299333261968
4299489138206
4299489153929
4301904068129
4301907075335
4301908086377
4301909039909
4334815866629
4361557461206
4361661766751
4361662130990
4406556744653
4453563108614
4469484903827
4470876706865
4475799681044
4599029789149
4599035399533
4599063529150
4599989299372
4643637407462
4643637837167
4665185470742
4672179411449
4672197057623
4672206587111
4695265785533
4703593820297
4705034703391
4705302016243
4705430290354
4705435970236
4705500175309
4722634242465
4722637111803
4722637134009
4753025584347
4753025645034
4753104007998
4757088372176
4757790086479
4759154472673
4759164384886
4759164507943
4759289086024
4779928010602
4780340284645
4789063244404
4790458650295
4796542728282
4796553795960
4796610779571
4796669888706
4819268036343
4819268130822
4856151199104
4856534687217
4875678950385
4877593909455
4893798582183
4893820752596
4893820835922
4893820902107
4893821059085
4893832726730
4894876968929
4909015456694
4909015495790
4955493450374
5002048806695
5002542882800
5002542910124
5002547686775
5002757166383
5002757834309
5003550035693
5038928050499
5070562708067
5070562713287
5096921867472
5104145243837
5108647067507
5150810244974
5150811175178
5151721571832
5155408237098
5159990886186
5159990972208
5172786380937
5173374174366
5178164406393
5178166654953
5179402137180
5179408006344
5179918187517
5180907234210
5180964426204
5181149946228
5182270105758
5185123117242
5185582015452
5185814828001
5202040433073
5203717267209
5380220965145
5476183396277
5481067732727
5508060916550
5519832343751
5519903031965
5550867445145
5633145512684
5636795768219
5641458107429
5647201744610
5649784606919
5695444403886
5695444469145
5696077025424
5709542738718
5714036667048
5722362293925
5722362295932
5722620598128
5735199399302
5763868215869
5805400890014
5805401159873
5806100251441
5806654331536
5829689238598
5918663642644
5932019863315
5932022000716
5932022282704
5934499674292
5934499703702
5934499768292
5934500383325
5973973768994
5973980013977
5975503025468
5978049566599
5978644286176
5978853752662
5979887962531
5979994228258
5990477093386
5990477581249
5991998033950
5993038166197
5993186655102
5994799303464
6013249483707
6014592954194
6014810136416
6014810139678
6023834419014
6023847468843
6024184146558
6024365749968
6038816399789
6074680309061
6080188695026
6089485586099
6089549042372
6089600254811
6089600313614
6089959252802
6089959590977
6091537246850
6131583596745
6140954016945
6140954017746
6140963098242
6153103549284
6174513258981
6279807654654
6291353092281
6291356297532
6291356619381
6292320959771
6292902139712
6316811418716
6316888390265
6316893628133
6356449469924
6356450868380
6356450899448
6381506953472
6522847407509
6522847450601
6523133464274
6537251395076
6559856432654
6560029185890
6561883394213
6573869675474
6579097228040
6718910368757
6718936851140
6722495690630
6723261407757
6786125683017
6786127624806
6796778150433
6810692732922
6810692757127
6811804038004
6811804062460
6851291171428
6851291191039
6851291293564
6851291362090
6854730493948
6855859136851
6855908589295
6855918438814
6855919053091
6855927457732
6893544916395
6899285539971
6906729161007
6909322554450
6909950363418
6957434690203
6957434784901
6968160268195
6971971351729
6971971585819
6971971629513
6972028208958
7086880682943
7087769252295
7087773347574
7087775721921
7087961982150
7087983505875
7087984007427
7087984506531
7122963069226
7122963302155
7140161421820
7140841941862
7142248866584
7142289348083
7142290703537
7167263116127
7169112894017
7169562856808
7171286319971
7171359692309
7171375203627
7172822151519
7178982491661
7179295262181
7179611115282
7180053000231
7180063786515
7183094478627
7183323625470
7184058090564
7272253477947
7272264838491
7273614754509
7293891379233
7293894532698
7303525221311
7333772362973
7333826427683
7341542124317
7432282244681
7454761093088
7462780150679
7470059239007
7481498344235
7568598469058
7572256377461
7574756788412
7575116298407
7595482180409
7611754949756
7611937367860
7611986162017
7612442059663
7612583829751
7617117476818
7621138359424
7655006681011
7659317190943
7659457150951
7659460402405
7773709762087
7774499128093
7775873977604
7798788598154
7897096667051
7897336451276
7897613096282
7925760481700
7926956399639
7927393178531
7935499516676
7935500990782
7935846867541
7995217653635
7995572413466
8011841225423
8011872861593
8019408950039
8019428294783
8024047579955
8024053810718
8024053813733
8024946552804
8024947067191
8024956016395
8134718122768
8144643669290
8174106384353
8174186531585
8174394768977
8174397965333
8179477589921
8179477751522
8219969635160
8220233632790
8220495523474
8220509522650
8234962490689
8234965096864
8234966200084
8234973588013
8234973745531
8274145473592
8274163222945
8274204433315
8274205468090
8280900295966
8281424924461
8395568597512
8395568618401
8401926093014
8405092524926
8409398835386
8409861648326
8409861662714
8409882725018
8409890954006
8409901853285
8409902658200
8422158573395
8428204735979
8428213625162
8428463109716
8428464110822
8428663046903
8428718964119
8428965762695
8430816509258
8430846318068
8439047161286
8439152046486
8439153272691
8439163599921
8439814969440
8440586060883
8440655689797
8440655771714
8441037638330
8441059140185
8442266672552
8442266851454
8470708670777
8478135648116
8478738830070
8478745782057
8478766217871
8490628827360
8501350505193
8501358518604
8501454783540
8501458002582
8505757872030
8505925331538
8532442465968
8681355770187
8693715788769
8693715836062
8693716016854
8805148946734
8838436127746
8859841685491
8860086500458
8864128994998
8864157658549
8865394242052
8865394349053
8869497240514
8871462447709
8871779686991
8878751003444
8917165684688
8917252841012
8917253180213
8918688421319
8918771621360
8921262957719
8921360233292
8960365453055
8960365483382
8961113160816
9004260417789
9004291971825
9006248108517
9045110891112
9045149750322
9063969330417
9063969514071
9139097946788
9139151127338
9139155544028
9146260250957
9186732956445
9212693317854
9212882304480
9255520347351
9256261060146
9256261129788
9263994694126
9267869721085
9317469218479
9317478406795
9367897277347
9368609880679
9368610002422
9395134827559
9395134846518
9395135740353
9401135080679
9405763804475
9528564884633
9528779468699
9528787316915
9528787809233
9642092624648
9660406884191
9660409103591
9660518144183
9672118446476
9725983351192
9733143551973
9734865495495
9741937837857
9745722583512
9746856127482
9747044721594
9752385939161
9752622838781
9768237088172
9835730615639
9835730658866
9838223219945
9879008351234
9879091350263
9879878444123
9879880662188
9880118894771
9880206149510
9887392826153
9887878197998
9915265961819
9915431771411
10039917867881
10039928078984
10040811987839
10077202587461
10105211343683
10107010350200
10107034798673
10107053099732
10107079894127
10116056777285
10116059439755
10154418383708
10154595658488
10154677919877
10169093270328
10169209951152
10169209971474
10169229233895
10169229363875
10169281002807
10169501765193
10173085204284
10173832948572
10174426167624
10184687572110
10185930898811
10185931856609
10185974432396
10196931476159
10197141415037
10197197436500
10197569673305
10197570916201
10212392759764
10212394890347
10212395357861
10212546521027
10212546549444
10212546766848
10384329779385
10384437648786
10385413374903
10396826719917
10396924821411
10396924914960
10397411308188
10397415556134
10427908046391
10430228860659
10430228973312
10438592702103
10438598130237
10533417124869
10533417142806
10533425748651
10575655691382
10582037399016
10587660036263
10587689727857
10591329531545
10632627515537
10632629880413
10648644171146
10658814150887
10658843964800
10687985532035
10712974976900
10712981500990
10712985401539
10713225632554
10717740282898
10717740304282
10718035844527
10727647550425
10727647561004
10728623931845
10741425817010
10819457293937
10849554279419
10850726307083
10856410068578
10856410451030
10856423776421
10856965879046
10856967770315
10856977722650
10890535262605
10890535273978
10890537186874
10896004710931
10896041597683
10898839929793
10909954306288
10910025768700
10913572503145
10913572922770
10958031628921
10959884223499
11022933601576
11033546080231
11041016655718
11041016792977
11076302822005
11078990555338
11092561661916
11123303133774
11177533499178
11177533982491
11182118899957
11223851898805
11284408669740
11284410173910
11306428324671
11306519815629
11306667361260
11306673835266
11306811367839
11307614406822
11324726473110
11326396949637
11326456279302
11326628269721
11330387512769
11330392129526
11330403215739
11330415922209
11431695290784
11434065374789
11444252128113
11450016825495
11450231291463
11450231312577
11487781598334
11492951391279
11492954472708
11616914847946
11616934423783
11758242608893
11758242695338
11758242822652
11758279700692
11758595988610
11758599225068
11758752113117
11771657815592
11771658091154
11780312877749
11780312984966
11780312993507
11782089669296
11784856169552
11788106817002
11788107232532
11873168517128
11875620238016
11880746813147
11880757940603
11882580215065
11882586231340
11884462263853
11904946570159
11917517325930
11917518195804
11917519503144
11920861099778
11921151128097
11923772455848
11923776544970
11923776682952
11924498261732
11924508851186
11924539593845
11965232353433
11966345413700
11966464970429
11992089102701
11992089109350
11992092476763
11992632027051
11992806381561
11994555586281
11994624655163
11994628905719
11994630334073
11994631223920
12068000905498
12070880311885
12071392400344
12125842832254
12125905030534
12157426573821
12170142631629
12230202464994
12272899473056
12406867672079
12406870795115
12406870900025
12410121909002
12418371549077
12462798453701
12462817832708
12464241208853
12464241214622
12464243249504
12497163893690
12497176560551
12497813752505
12497813867714
12497814118571
12529576752818
12530954458571
12531162452495
12571236883031
12571237859405
12571245470894
12572619777320
12572633778494
12578021227633
12660275629854
12661552590723
12661552714248
12661552955790
12662130455010
12662186082822
12695521170906
12700061266122
12700067590683
12700068614199
12734642110974
12735380109679
12741998383705
12766842912759
12775164921511
12785624752399
12898002538999
12898004927851
12912325668478
12912325675851
12930597794375
12938628471497
12938633280764
12939675987689
12939685030448
13053619791611
13099881035681
13100233615073
13100241937094
13100290703852
13100371009790
13100371512557
13100394349211
13100394438734
13100394520669
13100394594265
13100395552333
13117227351685
13123466455982
13123466468014
13238932826557
13249697885722
13282375484224
13287857411927
13290438404864
13372585934087
13382116848132
13386745712831
13386866051399
13393993886321
13393993964177
13416573009260
13433171750189
13677113680337
13677113731375
13677135696550
13677135696887
13677147123233
13677678208238
13677678357629
13678753513658
13678813780817
13679469165668
13680529063385
13680635456804
13700346072053
13714219509683
13765759193921
13782232557824
13782279681113
13785255266900
13785255638933
13787032621289
13810032206789
13835718466898
13843616029493
13857389011178
13857820785337
13857821223555
13858063849335
13858063882203
13945056522375
13948094203524
13948112796669
13948124834808
14017881587430
14017898353686
14020764946440
14021273975064
14092438430598
14092439313624
14123193312948
14124738394330
14126917185142
14129110426381
14129797914205
14216436618649
14256911165209
14256911330656
14272779332230
14277002162416
14277659187981
14277676598688
14277678230256
14277678752940
14291573976915
14291576241675
14291576275434
14293578430194
14310352735503
14326328288661
14326328294225
14331137265128
14351993667173
14435148365993
14475346959080
14475351632456
14475628138043
14476737668753
14477376203788
14477464851295
14485804080277
14485974933876
14489704586814
14489704609368
14489706696792
14490293584803
14490293948925
14549334585432
14573854210290
14573854717152
14573855144697
14575149219996
14585866600620
14596259469015
14596264630011
14597086537595
14632880107601
14639459359286
14643182737721
14643192680552
14643943764884
14656548614714
14693471708731
14693765274115
14700568156929
14749721568728
14755784956244
14757316293644
14757377283404
14757681877829
14757689721140
14757731016299
14757941824166
14757944903462
14757945751370
14757966948503
14758273777013
14758275699395
14758278169409
14760441420776
14760441882233
14761001547899
14802206453315
14842447174703
14858433824405
14858433824522
14858446877999
14858477819360
14859096634655
14886169279235
14942632228280
14945865046946
14945868565343
14945868566312
14945870617718
14946065321954
14947671336656
14963083657097
14963586819725
14970736571060
14989550645342
14989550871530
14995050292508
15024241751693
15033774208910
15033775744994
15033775756415
15033781129388
15037058526035
15072084129728
15083970884773
15087039078970
15089184542038
15095244915868
15095466592375
15095491109645
15095498412767
15095499120599
15099219096062
15099595906982
15101063215583
15102042877859
15102043335995
15102462341138
15104987689244
15104987770649
15109917949776
15110746543443
15142797112062
15144952813905
15144990841461
15209528748357
15209614673400
15211187708904
15211236171807
15214181116851
15227197970265
15249408092142
15281901792028
15282037388215
15282411345532
15282411632812
15282420895722
15282423647562
15282423755622
15309171574083
15309174779202
15309292231389
15312195092352
15312408960621
15315478123647
15332846815461
15334461159348
15337653803940
15337918933950
15337923341328
15344203149279
15344204776002
15344283174210
15349286514078
15487989684210
15487989737556
15487990170096
15522996818475
15523064121213
15531485344073
15547044033731
15617297030357
15670994804588
15699828306395
15705193597193
15709206331037
15747200726933
15747200766992
15754485226349
15755281147820
15777555434453
15777555685958
15777558741251
15781729667366
15800495852909
15800974989617
15802463378711
15882480094547
15882498030134
15917459716208
15923113414766
15923113993916
15923179902320
15924422642783
15924422646518
15935076721125
15954123595263
15955181221902
15978887121084
15981185760720
16001858919381
16098243985347
16102796840394
16107717678279
16107720155133
16107720175780
16107800897950
16134601717578
16134602982069
16134630527574
16134670322226
16134682370593
16137788923939
16138203853486
16138283241586
16138424303572
16138425142129
16150018087957
16150026121689
16150447304298
16156634913927
16156635436188
16156635615918
16156809101880
16166086051596
16169458737615
16171090851058
16171497904605
16226758406787
16226759215491
16226761205661
16230766692760
16231176962731
16231177003440
16262431981770
16263339364407
16263339497130
16281437380780
16281456881026
16282023928573
16287264113980
16287506588857
16320209479160
16325054095316
16338474114782
16338503882039
16338507326564
16375763456036
16403894335943
16412699781872
16417259698952
16417413769052
16433818660631
16433824154009
16437028770455
16437031769213
16475976297134
16476014191283
16476203095595
16509532006583
16509613520447
16509665965445
16516393299917
16516544769350
16516587494582
16603974463976
16609291531181
16609355481248
16612895324447
16616799245321
16620883420037
16621276082765
16622962320029
16623091578290
16627893945089
16627895240732
16647314606630
16647314740766
16647406662269
16647406939055
16660558992062
16660561668545
16660562208275
16662379913642
16662591796520
16664792931843
16672541873064
16674043347078
16707302510049
16707338469146
16709064845393
16709452856372
16709464789925
16713837849920
16721664033794
16721861439866
16721927350706
16727066196635
16727253320729
16728609584405
16728678854228
16728679012934
16732033012333
16732033706341
16744315676644
16855504294105
16855522015366
16859659649509
16887048515208
16887048523468
17123015987967
17124043145322
17135988923805
17136006343422
17136062937876
17136087777579
17148207753291
17152500173574
17156091659058
17156137280850
17278578520803
17278580109537
17278857981009
17364603198663
17364806367642
17368307523063
17369671594689
17369676324144
17382720014586
17382729746736
17382984661269
17383596274620
17383619373714
17393117542611
17393124662025
17393131052196
17469674696256
17481797559411
17492784039204
17523913810824
17526100682463
17535407867021
17535532186829
17535653466914
17535655888274
17536210653629
17566788587303
17566923859832
17566985177118
17798567901925
17800583223298
17884260136807
17885172916249
17892698120809
17913021487531
17958524107410
17958526018119
17958650906754
17958706924572
17962018405614
17962038730863
17962043257224
17962049657115
17962050699585
17968727015721
17968727275551
17968732696962
17968732763199
17969937329436
17971079691390
17974802435595
17977353883836
18004552669343
18004679606468
18012050161697
18042926378600
18043105471049
18071833153790
18071848899656
18149761801411
18165870774925
18171193673491
18171592140517
18171986469739
18182094126163
18182094684577
18182100945274
18184288325569
18272687228124
18272715396405
18278197666998
18278352419296
18278353224211
18303817751167
18307022652988
18311441407756
18380401109260
18380401206730
18381266957960
18381315434273
18381329877221
18381330384605
18381382077752
18472422704021
18474296441620
18490299149272
18517171952596
18517173522025
18521616001894
18521616390586
18522566922022
18544357339132
18544371681478
18544414043668
18557817739744
18558345481459
18559172067640
18559173916957
18559174273712
18559291722173
18559291747133
18559684068689
18565922468513
18565947178439
18566058896960
18573221566904
18573223847702
18584096421974
18602529281587
18602634296953
18609784500207
18609784523034
18609784837368
18619207998450
18619636989435
18624926244561
18625700088267
18625700103030
18625745686509
18626244178167
18626245737174
18626520366054
18642870081393
18642903332541
18642978928383
18645150101064
18645152246565
18645152968275
18729048467479
18729059493041
18730356688610
18939704684705
18955329050105
18957102625318
18957109781235
18957145682298
18961562296236
18961630329432
18997698035478
18997733327097
18997914872757
19158515530851
19158843279045
19159364091225
19176900801501
19208032339269
19208032615965
19208112380067
19208394972286
19208428798363
19208428989577
19208883953847
19208884304469
19221080875419
19231647621798
19231647629159
19247680141247
19259245360289
19259247378809
19259259585185
19259639559533
19278735002300
19321506106625
19352241025645
19352410860001
19355668732975
19355668761217
19356323918134
19357294703377
19374340923904
19475434029868
19475689108426
19478617925362
19479061485898
19479061498920
19499667848109
19499761696653
19499761730847
19529302941714
19529305154220
19529306113962
19529487632775
19535742516198
19558647901911
19558654581800
19558668871658
19603723908197
19603724281040
19675622264708
19676368722800
19679691110170
19681060464172
19681063288561
19681702886917
19681703059609
19684069684480
19684070892271
19684827191863
19684827905068
19687332368860
19687399763452
19687413981787
19687433800381
19687491199393
19687684652724
19687685358423
19690738713035
19768162543494
19897115965233
20033099030379
20033099232330
20033111895060
20033115747177
20042145200226
20042152850169
20060919191955
20062153231491
20067149650233
20067192808491
20084764137519
20084764224757
20084850935098
20084871530437
20141053878634
20142544139800
20194507909339
20194508643991
20194543654105
20238879577342
20244612423707
20244644959706
20244646140524
20255503186853
20255517509516
20255520384611
20255523205517
20255523381287
20258078313419
20258078568596
20289589831250
20291592832379
20291598216287
20294643102148
20294645251321
20300715429796
20302031041516
20302472770318
20304259078789
20304259221673
20304276020592
20316171927885
20383049002647
20383249622718
20383249696077
20384904175455
20406282854580
20423995133571
20424010939161
20424012657582
20424016793928
20424019291725
20427530416221
20433688323852
20433850281300
20448269438768
20449737810251
20496963898457
20496964176449
20502956595133
20522977260157
20558525873527
20562223800454
20565897538407
20571525743298
20580504970434
20590409082057
20637551441697
20640216441165
20640217177968
20640225090534
20643412673652
20643996038406
20643996718023
20643997668018
20644612941642
20698443571560
20766167858184
20766272510565
20789496709713
20789500236696
20800973001042
20802347090151
20802462011010
20802515192532
20845635781419
20864828241693
20888782771266
20888946895080
20923733686926
20923856509797
20924166733560
20924168125275
20958144742728
20960671365657
20966112339912
20993642046594
21069278071146
21069285331014
21072792938945
21072841300157
21072842755241
21084450737666
21099065582705
21118418516291
21120375048585
21127389380880
21132589863516
21176795201847
21183665690677
21193369965958
21199845671410
21199850331907
21199985761882
21199986090364
21221132699290
21280295185602
21288689048103
21292761011355
21304738040346
21308125799574
21319029273063
21319050006552
21321451377021
21353479265559
21353533595742
21393592161186
21393960399498
21395406522100
21395409603853
21399344839030
21408471268762
21409007820781
21409007917057
21440805652364
21445190749202
21445190780984
21445910537980
21445910877235
21447031486531
21447034405906
21447034625488
21458889630823
21458890964110
21463803589264
21463806792004
21464852960966
21465446054225
21468724277558
21469946037467
21470713791512
21470732687192
21470794859228
21470812731392
21483964369568
21483968091020
21486332472029
21491102259251
21498280445960
21599029555946
21599029725665
21610529862827
21610542972755
21610714681619
21613525485992
21613525522670
21613525575599
21613531642522
21633435568888
21633763507351
21646371771204
21649142173137
21677793399663
21678082525185
21780652232508
21851210768343
21851210789021
21869497340735
21908889873419
21911253191546
22039802062889
22134538329872
22134540540943
22137111462013
22137250503217
22137250567399
22137309643465
22141267083388
22141278516214
22141284181111
22145909521565
22150577248841
22222598273858
22222598448845
22222625369519
22222856644769
22224640486284
22231182212307
22246904998767
22249728515334
22249760317785
22249793706714
22250627103888
22250627127846
22250714260842
22250732382818
22251649211891
22251899710367
22259536233597
22343378780817
22344071779881
22344527602539
22358564840169
22359421727910
22361914479309
22361914533669
22375210177242
22377761309745
22377771480507
22377874598385
22452692682843
22452755257710
22452872225031
22493268085437
22500998426223
22525142814369
22532990426469
22538188444329
22538188662705
22538597821974
22541713804071
22606815619377
22608025444871
22608029510828
22608126101405
22608132697478
22630719432053
22643979847025
22644217453640
22644272618528
22644273292781
22646318060534
22646447436893
22661360911382
22661375268794
22662579356804
22662591797189
22689408498698
22709618750729
22712091840947
22712953063007
22715669451575
22718297676638
22731269088566
22755745135262
22772297949374
22772314361396
22777835217711
22777835418753
22778754147564
22778754215045
22864439882531
22864439899893
22866041465697
22866041892144
22866225593583
22867937896485
22867945790826
22871786245932
22873256270787
22873747592757
22875796831980
22875840266529
22895175829788
22895331857982
22895369249121
22895369550684
22895370756450
22930941355407
22931409377781
22976217820815
23005920633726
23005928024375
23006141340483
23121613940844
23123595710066
23125093925045
23152552182680
23155146225616
23158319926576
23159239039980
23177727111163
23185424164498
23185425903163
23211702453796
23239326026851
23240473736339
23366073778868
23366081003288
23366258196125
23367209554634
23367223255684
23367300905119
23367322464781
23367443727370
23429701659705
23429722349204
23429727691130
23590046292424
23591252636602
23591306368159
23591581365913
23591581496161
23591642554861
23604568090090
23616289599282
23616942447051
23616943557318
23616988158996
23616990585594
23621836796073
23621997061620
23621997062866
23621997108521
23621997325574
23657860831880
23675879870426
23677518639237
23677524641094
23677558860354
23745679745847
23748660389805
23748661836951
23762950159677
23764757846136
23765800154113
23765812163416
23765813697070
23765813719762
23769789139631
23776039562816
23799562204358
23813784246404
23813785782650
23826690377867
23827513757123
23827531074908
23834676405344
23837187594641
23837187616990
23890237358146
23890242329197
23890277098123
23893372459825
23893425822482
24035256974399
24035306634608
24035327172182
24036731501987
24068364292667
24069082889032
24069577070545
24094869805978
24097611463786
24098119159339
24195870237655
24195923908093
24196283429590
24197378197317
24197380738854
24197526742389
24212935547847
24212938532454
24224686515315
24227673580827
24228127412352
24242566704948
24305787989190
24394647630978
24428445750171
24444252938952
24468722076915
24468809607216
24471945925227
24489722626677
24520324062339
24520324087335
24520350836532
24520351734417
24531411553068
24532121381097
24546588324861
24546638872263
24546638952192
24548440556244
24564250999086
24564253088643
24564782070192
24608502658380
24608506517868
24608684352495
24610917562833
24610917839952
24611386039473
24611386048950
24688703280108
24689501427945
24689888021748
24689888962563
24689935429752
24691916359192
24698734312225
24698740760473
24700869916503
24730740427605
24750834112608
24751910089311
24751930038396
24761483015748
24765756982368
24765800442432
24770416101558
24770640164973
24770652130536
24771135289137
24771762616050
24799249111814
24799276565225
24800973773993
24800978911400
24800984922212
24801020357606
24801020357884
24803564263994
24803564351479
24803820055465
24832193180353
24832288874725
24833118386305
24837772367989
24843377667591
24843814146663
24843901038360
24896220171342
24896340912338
24896341311669
24896342640393
24897241163268
24897241634742
24897623436757
24915063304971
24915766913172
24915789253377
24922902734463
24923278482933
24930203336310
24930270744024
24930275004849
24938230676619
24942511446683
24954168563730
24974136886095
24974606593202
24974786433621
24974786946207
24979348203870
24979811293896
25003831475022
25008584506179
25008789276255
25020073366858
25027672742258
25047540895847
25048228580501
25048228640893
25054171922743
25060001307199
25097626747987
25110078397165
25235370526024
25235374108816
25309891171513
25310084668525
25310091149659
25310099089900
25310099443312
25310099525527
25310102755402
25310105555491
25310106086851
25310108166175
25310114743942
25316758490344
25316763629065
25316876911750
25316889019711
25317287599453
25317289207870
25317872174855
25319178557331
25319188425075
25319224885767
25322170573210
25322258068124
25342625851709
25350429279236
25363733788970
25363749026762
25364037776372
25364423809200
25364489747250
25369254292962
25373065118592
25373081592939
25373085499191
25377140387613
25377141712692
25417532304246
25417536756249
25417536924339
25447078123461
25447085417193
25478659410054
25478678135148
25516875715323
25518533141265
25518533181432
25519852651020
25523326442751
25526691831642
25526691843405
25527202892817
25527209170389
25527209246352
25527211770663
25528407854391
25528409842374
25528720055028
25529218194777
25532180673387
25532221337736
25533588263037
25542918608856
25543297593357
25559467740723
25567356029565
25573413604845
25581439781121
25581458272857
25584081305043
25584082404159
25584165768225
25584166137990
25621975507935
25623288521499
25650920341830
25668460361808
25668476532486
25668479705256
25669786107609
25669786136060
25678737905411
25678737913583
25720270027733
25720270377338
25745337029627
25756890129161
25783302850504
25783561445758
25784726837995
25784728555033
25784731640914
25785125656149
25806698993310
25813719691575
25857987809016
25858321643958
25858321664811
25859196144579
25859654837211
25884980658066
26090860585566
26119904989962
26120918107245
26129209485702
26173586160543
26173586309673
26178747136397
26186621607044
26269431364772
26270546783210
26271594832004
26292011736959
26316397144790
26316397915928
26326537481597
26327747572754
26327754749030
26327770643255
26327813582327
26327856106841
26329418563064
26333409965598
26333419458393
26333421715593
26333421808668
26333866442790
26335626312510
26335827033057
26337630597768
26339271467418
26373327915879
26374212371484
26405813590899
26406047633730
26406135459276
26406177012276
26443678707087
26443682965689
26534091321510
26534091847938
26537099668917
26537109600084
26537109612491
26537202111413
26554067397137
26607973052090
26612723572160
26612794975979
26613339889061
26614422712235
26614536789071
26642807503841
26643411246224
26643411549326
26724307498346
26724354309241
26864785072096
26905606520200
26905691041189
26914698847312
26944715958964
26949878806176
27001202807766
27004473340149
27006850933284
27006851001045
27017157610683
27017158981280
27022567548920
27022611031583
27059263277234
27059831470537
27066948950414
27074250260417
27079243357532
27097585734308
27097717000235
27099548495696
27099548565302
27161731743662
27163383591388
27163383659998
27163683309211
27163683911203
27216738853081
27216738996218
27216876437018
27216876558230
27217423967255
27217474234225
27227342029030
27238981052761
27240157328524
27253790169522
27253894882158
27253922793111
27261736038693
27294578029611
27299190117366
27299430427790
27411766030538
27414098826037
27414245219731
27427032753073
27449247282118
27454878276865
27460615905871
27469868138543
27477757658930
27477757935176
27477757969430
27477827981861
27477828140504
27481057940333
27482564634617
27495282596492
27495283601264
27602214726317
27711641616863
27712087525004
27712114356047
27712452454356
27725141885439
27725161687995
27725161794486
27725166226837
27737963863795
27740298779353
27744018866353
27755394705033
27756557663361
27756718330479
27758062980186
27758306491701
27758713819722
27759584142933
27764225247804
27764246563035
27764293966260
27764801241663
27765225158574
27772339027800
27772339033402
27775028348314
27788553285568
27790778251888
27793005760231
27793033434529
27794078857708
27794388264250
27794504584853
28068488052344
28068488349365
28069381524539
28070576583716
28073182687895
28073483214213
28073483256129
28098293579214
28098725365185
28098725407575
28099873851576
28099875554940
28099889349078
28104949897383
28159424726214
28159489680114
28253246015602
28256024861542
28258460520553
28258466085496
28273473205138
28273508704678
28285442536738
28289483771080
28293461471234
28339753373399
28360780368005
28360980205652
28376495786819
28376559205445
28376566223527
28414919845724
28414919937776
28416637622655
28420016347386
28420179162417
28424034689598
28424377193481
28427407490880
28431670801788
28433548120644
28449785372790
28454064004281
28461585961146
28470877675590
28575655110653
28607976820970
28608001232215
28633183671568
28633718301214
28633725706253
28730052072491
28733736980845
28808943580607
28808943823337
28808952208295
28808952256517
28825567753362
28826656352214
28826685568347
28863337092378
28876016743197
28879960448760
28881177735147
28881325528962
28884359297572
29014248761560
29015199637741
29015199757297
29015353737406
29015766762879
29016915515247
29016916361409
29016916372665
29120196150369
29133337734225
29133834164028
29134418631273
29134422275301
29134427033214
29135310111009
29135648859952
29197074414657
29209274136102
29267620921767
29268422794110
29275832853120
29275833976104
29321722461552
29322949593813
29327419739244
29353286706843
29353309909941
29353326316657
29386334714101
29457910753921
29458876624003
29458947732121
29458992035152
29458997257708
29459526776335
29464017661549
29464017746577
29464024026021
29555702381490
29601772464384
29601774792945
29602092063222
29602099481040
29602224919935
29602226591262
29602228415220
29633404811400
29648081993040
29682262868382
29682265205778
29763985345194
29803707856802
29803787131178
29811652649997
29823610958232
29880349228221
30019488934047
30021919922328
30021920867112
30037834435075
30037834861855
30044567715066
30044713830048
30064531377204
30117923660151
30126124710684
30137382850266
30138408715875
30138410044599
30284357808187
30334230729216
30334328278164
30334377525244
30334419427915
30334908870064
30335746943824
30336899666509
30344142642509
30344381272640
30344654372429
30344654672921
30344661300058
30345101707183
30347805625377
30495008450202
30501569058432
30501584999553
30501585133085
30501586738811

