34216766
35203486
41385886
41981694
57482790
62693414
62825670
62837782
93434710
95046422
230207421
230515389
271212213
273893045
331577630
430672870
434927590
538085350
541701129
541731593
541746905
609676600
825788216
825996240
1068271189
1078077013
1238120533
1238142221
1238469173
1389784629
1390692405
1391134077
1410956669
1413019977
1475275081
1475353065
1525025897
1528200681
1530391437
1530742333
1553423144
2015042344
2015084872
2042970440
2161166510
2302712120
2398813496
2416933688
2416955920
2435817872
2477501792
2489534672
2497576144
2497577136
2498444496
2498536548
2598115000
2680303288
2684424888
2691029688
2769073656
2769245728
2993075744
2998718432
3196510176
3196520536
3236780120
3237400088
3252990344
3264676744
3267515016
3267549096
3282187176
3338387368
3424692136
3437985116
3554362068
3768232632
3832163160
3836108600
3856115512
3950229048
4273987256
4274010108
4467634927
4476538351
4486807023
4486891759
4581951727
4586071599
4586113532
4604260044
4604293820
4626772954
4626816042
4626948650
4629328547
4714383011
4715055408
4716207684
4747973130
4747991982
4781378478
5020613550
5100686254
5429362225
5430039321
5502559111
5543118109
5551542045
5551560629
5578027957
5594182541
5600837825
5601136161
5613324833
5632131489
5805371809
5805406177
5806011041
5846692169
5863877961
5891373394
6072859978
6204312906
6606253386
6656293450
6658698382
7006993745
7013821521
7049390753
7120283297
7120283585
7152037569
7152621857
7158610209
7917556165
7917562485
7919176693
7944659445
7952775413
7952947317
7955324117
7955653365
7955701253
7956323077
7956380101
7960986245
8123128453
8123138713
8164448702
8164541382
8172587974
8173233778
8173402088
8185293960
8189429512
8375191104
8375784528
8411156048
8697231952
8708174976
9127456896
9383762971
9383939379
9383993467
9384016595
9384073920
9385107244
9587939634
9588024530
9588315442
9588546614
9589005382
9590113226
9617428170
9618140815
9640437903
9642019983
9691926639
9862197359
9930518779
10056928270
10063386234
10249680506
10258098867
10259279667
10285681075
10285703525
10420142437
10420258677
10420846645
10427363381
10433136693
10995639941
10996671405
10999560429
11003007725
11006138033
11010100145
11022397617
11023020841
11026413225
11080859305
11109621417
11144396457
11145010601
11146855721
11147432121
11984503481
11984758097
11984825206
12258683766
12283371382
12301698182
12311211126
12339665638
12341041382
12342044034
12357149882
12357830266
12358145514
12372999658
12376538602
12376672554
12807147308
12844703532
12844719260
13390261404
14135225500
14383238300
14384019219
14386770291
14386837689
14681138809
14681328377
14736831993
14737225683
14737314359
14747857719
14748091815
14748096407
14748599959
14760330279
14760422943
14801767967
14982417943
14982421627
14982863483
14994685051
15013030427
15048935535
15064841839
15091983471
15092018501
15092021377
15095887747
15100497995
15118962931
15119309747
15120018395
15120194147
15802125923
15802236811
15802612627
15807169467
15829249595
15833982523
15849944443
15851169147
15875482209
15875637600
15946085728
15962052762
16134486170
16167338138
16210018714
16393281946
16393500438
16395235222
16505237398
16505264586
16526044878
16546035766
16560674460
16572576412
16574703388
16574710943
16602910079
16608124287
16646590928
16662807810
16675559106
16825196290
16830440450
16855678978
16855760386
16855853986
16855881306
16900619370
16909788522
16911072838
16911384462
16944446490
16945756178
16946419834
17005688954
17015437178
17174878074
17334033150
17334043072
17337848912
17364042832
17365909584
17366505440
17371013088
17411383264
17530136544
17530383680
17531483904
17720126376
17792592808
17814784424
17814833256
17815339768
17846671606
18020415734
18585270518
18585297798
18668763051
18669263963
18778083915
18778175367
18778319383
18836477459
18845763091
18881177779
18883374707
18900873373
18925739165
18925750045
18926264973
18936739469
18938683949
18952023401
18952649769
18953250969
18963457689
18965489851
18978887771
19004540323
19086248099
19099037475
19112083235
19112119337
19489705001
19490254377
19506391841
19553946401
19559193953
19595936849
19786408017
19786712985
19820043257
19957619705
19974435065
19977640825
19977810065
20477002561
20497167681
20502338881
20507794177
20508001953
20510331425
20551623201
20616490211
20616565339
20616608085
20655332053
20656475605
20662414037
20663665088
20861454272
20871611004
20993596180
20993665108
20993837780
20993963556
21220323300
21271812636
21271820595
21349356439
21351340967
21351343155
21354373811
21354853258
21360325514
21360385098
21360422867
21365960035
21371664851
21374032945
21374056747
21380740583
21498748501
21561767509
21635464789
21640168341
21640788117
21647929949
21648620989
21665508111
21665511467
21665559378
21775685458
21785671438
22237764382
22844488478
22934061813
22954181365
22955075605
22955099181
22955112941
22955174919
22959528455
22975211527
22975287155
22977758843
22985856703
22986221055
22998146416
22998153512
23130762476
23135093356
23137426028
23281717868
23369959100
23371289806
23379808462
23426373746
23426375616
23452182464
23508555712
23515916224
23624942016
23629943908
23667157508
23682032508
23691215644
23691477152
23691773856
23691790363
23770454555
23775354395
23789162011
23789239067
23789908327
23796447887
23814788751
23855169167
23855337197
23855337313
24016757289
24133131757
24133543245
24156614993
24156657515
24156696515
24191328259
24370608387
24370660675
24380693699
24381488935
24384248103
24401296575
24401307406
24401832222
24445063262
24447434558
24450100018
24453198642
24467181874
24585833630
24590200478
24593605278
24595411998
24602163230
24632391710
25087539230
25215386026
25215435928
25215862808
25216064384
25219691741
25289543389
25296713437
25308038013
25518396825
25518605153
25531735137
25849429089
26007382209
26014144705
26018906817
26216227510
26308436662
26308485622
26308635126
26815662582
26901532246
26967449174
26967485932
26967542592
27335069584
27335744464
27660890576
27723027920
28325876294
28325915654
28342965766
28350270596
28350552723
28367623231
28371343679
28371452223
28491397439
28491477691
28507374267
28520653499
28524700347
28525433019
28527324223
28773071935
28773073277
28774206973
29143970061
29144272333
29155175885
29215908181
29215909483
29215923241
29216311733
29868596717
30093671917
30093786365
30155490109
30177322329
30331824495
30525635200
30526063488
30750527616
30772624272
30781352080
31104775760
31213008464
31213215496
31677128456
31677942736
31678226288
31678390200
31708261304
31708280366
31713582689
31720472021
31721971977
31728421513
31728752265
31735373065
32013622537
32043272443
32047534587
32047748399
32371062511
32371302398
32390823934
32390931934
32390937363
32398086419
32939446035
33035155977
33035188791
33408326310
33411091238
33437442854
33440787718
33577264518
33587359382
34050162582
34058320342
34122992086
34126893526
34126963015
34239881543
34266305607
34266327198
34412701854
34530396318
34531188190
34537881770
34791398570
35066583466
35067099150
35342660251
35343504907
35345345417
35359149808
35649883888
35650641072
35650764568
35664146848
35665691759
35872226415
35872279510
35872535326
35872549195
35876874763
35895978355
35928139107
35928362359
35990895519
36197707855
36206489967
36206495263
36417660447
36674297375
36674325439
36677419269
36689632519
36695625159
36701330631
37042207623
37044844935
37098162055
37098209107
37098448211
37458974675
37722329647
37788133175
37956024879
37966438447
38013828143
38670563567
38674254575
38732485795
38778402915
38792065123
38829831457
38829843027
39031630543
39032524959
39032993311
39046821471
39047233663
39047884031
39049530111
39049718431
39493429919
39516346527
39650660023
39650799333
39651597565
39752583165
39752593959
39759787047
40163331219
40163621395
40163636475
40163707567
40252105391
40329410991
40329717431
40351987383
40367157815
40367801911
40721477639
40772698241
40797339777
40883650689
40883720441
40883804477
41088825661
41091042621
41091513853
41091726029
41831881421
41929838609
41964625529
42427766713
42475621113
42476600185
42476649771
42479362295
42576292663
43648950591
43856448827
43856459783
44113781739
44116498411
44116624779
44116689234
44249252570
44249279948
44249352046
44504592174
44569000750
44599722990
44599803054
44599840466
44604604114
44741544146
44759559484
44804630472
45318107848
45318223432
45777129896
45783023272
45783043871
45783098907
46047142106
46136490862
46144271512
46145214144
46418470462
46449569294
46449592608
46449829664
46486404896
46547817248
46557601568
46560042016
46564242464
46583579292
46599689372
46624115100
46624120050
46624124896
46701612160
46719389844
46721061156
46763894308
46968659190
46969373974
46969420566
46969776742
46980656870
46985443942
46985998258
46987153778
46989929162
46989971912
47059569760
47351843936
47354533056
47368342464
47369947328
47369952214
47371734230
47371784612
47384578468
47385200740
47385639419
47385733531
47385900669
47406355149
47413983181
47414022237
47420664033
47429328097
47849894113
47853699005
48110417853
48245146101
48245350517
48246679669
48246951124
48261691348
48280498132
48301176788
48302332848
48304418236
48304618320
48448476416
48448964096
48467927168
48467949888
48615167616
48615259231
48617802207
48729078239
48729144287
48768185823
48782530015
48817249903
48817331863
48833677973
48838907605
48845111453
48845281645
48845299520
48940412935
48942839363
48942892182
48977061014
49006626183
49430713215
49530720763
49531266739
49532314239
49541115007
49542532639
49543126655
49543775991
49543824455
49546697287
49558218311
49558876231
49578219591
49578296642
49582833346
49588893954
49596722978
49603837474
49604387970
49604419858
49604530914
49837896725
49839931140
49860308709
49860438117
49861204501
49861527125
49878323576
49881322058
49884654026
49885113642
49886504538
49887357402
49894755726
49995178126
50084195470
50092422859
50092746587
50134199279
50221138191
50301096207
50312177423
50312486463
50398457407
50403481919
50409549987
50409551347
50411558899
50411896467
50435751443
50442878483
50442910767
50443262767
50926696500
50964049972
50964959412
50965150908
51008286488
51008525856
51016761748
51017556068
51022649316
51023749220
51033345362
51038325842
51038342930
51038384478
51038712446
51082474028
51084508460
51084718988
51226279820
51237170268
51248955740
51250405084
51759300316
51766185692
52629962460
52631134812
52684274268
52693274184
52701781576
52702146104
52711161400
52728771640
52728827932
52728850237
52728873763
52729085467
52734203011
52734234143
52736296543
52768884319
52832009823
52832221191
52836472931
52851843667
52856723283
53237065555
53237901139
53251719023
53251913759
53252071183
53256478620
53257169308
53257170915
53310145235
53316651307
53316832651
53700005259
53713649547
53714151731
53717491783
53717506633
53717924489
54067844085
54076585471
54079563263
54079686717
54167362037
54167437197
54167977805
54168272493
54168730421
54280166197
54285870645
54289653045
54291237685
54444682037
55648930613
56163601205
56163645477
56166537943
56179649239
56299796695
56584394967
56588362839
56589447991
56626895547
56663980731
56663995419
56708867087
56715662015
56747938495
56762122943
56788995419
56789872987
56874331633
56886580021
56952468277
56968746671
56968796227
56969470675
56970720595
56986423443
57098697875
57201158035
57201199035
57250291643
57291894443
57419825029
57455702389
57456698053
57474073285
57488565054
57496447806
57849589850
57898130802
57898506514
58368616680
58369490751
58369960111
58458961702
58521236852
58521345844
58525516084
58525679524
58525724420
58766118660
58793425728
58829288840
58851353848
59009402104
59025327437
59502688525
59710478605
59710777592
60131125257
60131633161
60166000649
60269104137
60269132149
60271483722
60607527754
60827274058
60838569802
60840736586
60843677002
61327829706
61328495530
61328988490
61331658058
61395256650
61400281290
61402052290
61402081638
61440502606
61442574142
61502015803
61522590011
61522634091
61528859531
61528928447
61529590207
61551039935
61551126991
61624187343
61625367151
61625596239
61709589199
61709678707
61711014877
61711053357
61712648749
61713583637
61729530389
61729530785
61729640367
61733701039
61792502573
62018110253
62345803677
62372539293
62413395357
62422679861
62646245281
62682822561
62683658625
62686615897
63378579289
63379882521
63379929087
63501382143
63568032255
63568113613
63816200141
63884680349
63886082055
63886100231
64035040051
64037330739
64133889843
64163796787
64166099991
64182657991
64185475719
64372236935
64538428039
64538779259
64667286139
64748582011
64779267403
64779312684
64782198956
64788929708
64975701620
64976632820
65143372788
65235096060
65236208188
65847724269
65849304877
65860971781
65862284677
65862983397
65869003769
65914194143
65935067359
65937660191
65937669915
65937755846
65937865090
66440651682
66441769322
66443611498
66445647338
66448572938
66448862706
66487084530
66488648946
66549636338
66584730866
66584791468
66677962988
66695558536
66712689032
66718763400
66994167238
66995077830
66996363214
66997577534
66997824854
66998081750
66998713140
66999851188
67161122452
67161135136
67342511072
67458623775
67458635439
67511459503
67523332783
67523880476
67876539124
67876567459
67876578791
67876676369
67876801177
67881192777
67924038985
67924061491
67924279347
67928681827
67972432287
68015519135
68016781727
68399552927
68405306751
68405311669
68583487441
68763920337
68764111681
68764230881
68865742257
68865918162
68880247034
68979142906
69726552685
69738705517
69740761201
69740798809
70399647249
70515247313
70520916177
70522654929
70570282097
70570343067
70572322598
70575614130
70576104418
70580170978
70580181926
70627430181
70627506885
70632302277
70632716309
70635453094
70698542018
70698789058
70879897042
71018036306
71018087850
71032845226
71137786418
71227522486
71228225444
71244445092
71245270948
71250225956
71250677764
71251990436
71298914212
71307406780
71313901052
71335949820
71358503808
71374109568
71375284576
71375419648
71375714912
71432967264
71434849888
71520853600
71521065152
71522969398
71880120886
71880134630
71953461518
71953995369
71958048361
71970852361
72105796361
72167597833
72173380489
72175835929
72181560601
72189197657
72195974489
72214711129
72215091033
72735283865
72755481105
72758104577
73153421727
73153791567
73195217687
73195891799
73197091183
73199646575
73200457531
73608374779
73609174267
74128760059
74129738139
74144371803
74144481211
74145376155
74146659361
74147117929
74154026705
74242821841
74244665617
74308866321
74309611537
74309617345
74352984033
74355815393
74356165749
74462305397
74483342453
74483859893
74486232757
74486792797
74569140029
74570359101
74570364997
74635692832
74635968704
74796142416
74803763820
74803827032
74803836260
74803908564
74811124692
74857188308
74858414660
74861410884
74864356292
74864855476
74881745844
74881930004
74886288404
74993278564
74993408810
74993507672
74993642336
75012514656
75214118240
75222864736
75224445280
75226261984
75226431332
75226671872
75235600384
75288451136
75329961161
75365350991
75482070607
75482519188
75592945812
75593257684
75597327060
75601105776
75601216968
75602207048
75603587078
75603967012
75682316740
75688100548
75689393412
75826604980
75880296488
75880961872
75955721724
75955742400
76007319232
76013875904
76041666382
76179500878
76491927374
76494287754
76625705166
76625734160
76625762872
76626457008
76632591792
76634333008
76788216416
76791328992
76795753440
76795845536
76816314776
76823126168
76839740120
77279085272
77279103910
77279158770
77279822834
77515572183
77517717591
77519709751
77560349967
77560601295
77561017807
77561051147
77561123079
77624301418
77758700042
77846637066
77846637252
77846817579
77847644971
77848638379
77886277435
78169989571
78170885483
78174194115
78295931290
78310759114
78310898218
78995839098
78997139962
79058813594
79067181627
79109443404
79109445151
79110555167
79110660908
79122755976
79241122184
79241614784
79241749636
79245228604
79247718204
79333779324
79334496228
79334595784
79335418472
79373367624
79390678344
79413824072
79422185608
79422351636
79466486036
79467121187
79473858483
79628526915
79632362131
79635887763
79635927459
79640017827
79653324963
79653338783
79653435277
79701030797
79701157317
79795555269
79836330949
79836352368
79837344752
79862431728
79899813872
79899882766
79900183436
79916341268
79932370452
79932626196
79970381748
79970413032
79970539672
79970876408
79971938872
79971972789
79973193261
80001234109
80016881595
80166469563
80168882623
80170540351
80196505919
80196574463
80196687039
80197707067
80198109403
80198138043
80198211895
80222212852
80493114100
80501445364
80763593249
80771468481
80775363105
80775366689
80783855393
80913942687
80914160303
80927176815
80928359791
80928763247
80930280815
80933793583
81216331567
81236264751
81236861743
81236863863
81287589751
81287602601
81292831145
81351523497
82118812841
82119032865
82159662881
82174126273
82439607329
82440240673
82492708385
82495849089
82495982525
82497238333
82517631741
82993046781
83028382973
83083822365
83177776413
83178432029
83224454273
83229356777
83236132644
83370509988
83470045860
83470251244
83470764125
83475201373
83475738813
83546240189
83561736893
83561739088
83563257424
83566531316
83650302708
83655105524
83665936720
83678085008
83862144430
83862228142
83863814190
83869947406
83873361998
83878673166
83880561038
83885228430
84040268174
84040590154
84040630666
84040930138
84053312346
84104248314
84105215580
84147727420
84701728508
84702056324
84702079634
84759121554
84759156914
84766276274
84766441298
84766756950
84777491350
84841973494
84843360150
84843591466
84847724138
84857570922
84860526570
84866135786
84870796398
84876711678
84975630880
84992197721
84993061473
85086959737
85339270185
85339775529
85357240873
85357270473
86108706249
86433150409
86433970605
86467087289
86473682025
86473797989
86476970341
86498433893
86502834821
86502903761
86744004525
86842224431
86856044847
86856046563
86861133639
87079147939
87079623187
87135617651
87142877811
87143026651
87143184069
87143184898
87158459394
87164007446
87174018070
87393054230
87395376507
87400939899
87403250043
87403446907
87440433415
87440528591
87440773867
87440846571
87444687467
87606483563
87607445867
87636283475
87660752979
87719108295
87749721799
87749789719
88002144279
88004328855
88047898007
88082864721
88084598577
88252067713
88280421809
88280422449
88285725270
88367071634
88735289106
88760426770
88762545234
88766971730
88909637970
89238270802
89286428634
89464173114
89464588506
89471264234
89472278890
89480550506
89480816250
90100280634
90329257866
91096291654
91096477166
91096830574
91101438574
91141889038
91144059662
91144195918
91895066446
91895202274
92004022176
92017088416
92090025972
92105292340
92122876468
92135294917
92247574469
92268592725
92275698673
92464630769
92479848241
92488783043
93061442755
93063997251
93079871827
93084195283
93106240547
93126859947
93240762219
93240985563
93296146131
93350265251
93356271726
93387591312
93391324304
93828604448
93837799968
93838097328
93840890800
93840932158
93841110246
94172199244
94172267648
94312883584
94312891880
94315012902
94315088600
94355296598
94546565830
94826604102
94826795702
94827235070
94827810818
94842532096
94853375232
94853406080
95137185380
95137187316
95262806196
95264829620
95266271412
95266292852
95267036660
95267716836
95267823332
95338880740
95339307620
95442002648
95495930072
95885084888
95886287080
95887007880
96015335200
96020849024
96198881808
96240890384
96257398040
96257435211
96260029683
96353615091
96356277491
96426102003
96464986867
96467750083
96467946493
96468005261
96770197623
96775840183
96777429687
96788224695
96789599415
96817147063
96818943202
96823159802
96845749242
96851337401
96854809068
96876630508
96877511426
96877629872
97074584664
97079946553
97079999925
97161526709
97245136309
97258413493
97283584821
97285089077
97323525941
97327640629
97334212661
97516512197
97547450822
97547450838
97672538582
97672540963
97673030123
97762320395
97771872841
97771904349
97773117533
97773185533
97790732285
97791356163
97791654387
97791675467
97934044235
97936681547
97937190635
97945186347
97983509035
97983517045
98004535669
98069954933
98069997661
98110313861
98142878917
98143884517
98304973549
98479671149
98645594325
98645705359
98663178895
98701346181
98704856453
98706001797
98903187333
99012523909
99081506693
99118384001
99120831817
99120895305
99120926333
99205832317
99342077565
99348454549
99352948545
99524970527
99535845747
99595348567
99721157207
99721321111
99786494679
99786683159
99786700671
99787074775
99787535831
99893989463
100005146543
100065197103
100100707159
100116248407
100128515927
100409048695
100409049423
100415963407
100432258278
100436854758
100437806396
100437819152
100439662608
100441900626
100453585704
100453585776
100454104712
100472688264
100478720540
100479609117
100480513309
100480650543
100480918607
100546581583
100881216591
100922571703
101149383607
101149642855
101149659023
101231046843
101242288272
101251806084
101339825028
101339941652
101416995722
101447108234
101630396218
101630806858
101635931818
101637189354
101637750922
101637810202
101640100826
102312791188
102346557136
102346579182
102617251054
103297785070
103297794136
103297972770
103414553122
103429069346
103547186722
103758349858
103803921954
103865173538
104005684780
104010233324
104043550188
104044020092
104070962940
104072320788
104079002900
104079271532
104083248236
104088280684
104089596620
104089849772
104110127020
104173004716
104173024432
104247731888
104300860358
104301778086
104302001974
104302076726
104335839030
104338083446
104339108566
104378692074
104384130074
104589127462
104590549407
104901560394
104901836586
105174744874
105176745738
105299216138
105299216210
105302487634
105369270610
105369299228
105406217500
105406546332
105536517261
105559571597
105559951501
105561561485
105562493293
105562499277
105563493581
106052233090
106052402018
106138982946
106240264738
106250390818
106332285986
106370375586
106372519458
106372520082
106526576783
106526812963
106528019747
106559995171
106561758755
106563822139
106603119611
106898201964
106921769836
106946669420
107678655852
107679099724
107681280716
107871956396
107872247864
107873217720
107873231796
108016057268
108022143412
108195785140
108263905620
108284552532
108469282533
108469413733
108469876741
108502053381
108502339133
108641751381
108641861973
108937199957
109056254293
109056379781
109056436485
109197611003
109199096187
109274993275
109365928571
109408887419
109711492731
109868443881
109872465145
110504596729
111292644233
111295711113
111296094217
111296172413
111303354749
111307807421
111307916229
111381730463
111401500831
111447971711
111448345919
111470216511
111470274235
111470312783
111502765715
111513854755
111515486371
111644921555
111645432723
111645466515
111709447795
111731979891
111748038015
111770819967
111775149695
111813535871
111844492415
111847178367
111863178815
111896624831
111896844927
112074032543
112075624847
112312611215
112312748687
112461437583
112461775428
112463600645
112805048777
112805922409
112835891817
112835954889
112845257929
112886601417
113012581969
113016811377
113016886689
113092457889
113268506273
113269403361
113269546445
113423790893
113426233901
113426999117
113490036205
113523672557
113525618413
113610583789
113676676461
113711862125
113712397853
113757281821
113790300957
114118302845
114118334045
114124404445
114152941277
114305927389
114306103005
114315121885
114334002397
114347747077
114348885829
114351459897
114371172921
114479218869
114479225367
114540900119
114550065431
114551079639
114551463951
114555782815
115042981215
115052891280
115052899188
115403934580
115403937828
115403991904
115789309192
115792307520
115792363298
115809782306
115810081186
115810823250
115865152594
115865225983
115865593343
115866126559
115924025376
115925529634
115925673258
116197614890
116197944098
116197953542
116711387142
116711405656
116711760600
117060756760
117065099072
117079275328
117136045986
117136051354
117160065178
117160162142
117696869214
118119186184
118137165732
118139673398
118140877062
118316453852
118324291874
118324451138
118350462786
118352356354
118979054594
118979461378
118979489578
119008929578
119767189290
119885675890
119886530610
119904956658
119949594866
120004733682
120012551794
120265869690
120266758650
120609001618
120609110970
120622547146
120760944618
120792829930
120810621413
120810891357
120830960601
120831527577
120837408281
120837637421
120854829357
120860129799
121029955591
121030397567
121042489471
121086265551
121086310845
121086377345
121092386874
121093014602
121099615306
121099650266
121100546997
121441039891
121486063123
121569017923
121571211747
121698244783
121757027735
121931679127
121931801079
121940240887
121955661327
122156228543
122497284485
122503432325
122702121989
122702815965
123051606749
123136654045
123152329533
123152608349
123674997125
123675093591
123733387863
123736666571
123807291083
123836960890
123933389370
123939230010
123947379002
123954115042
123954153108
123958844052
123960513112
123978419288
123979012256
123986370780
123994012252
124058393737
124061085961
124061265845
124115432161
124115628878
124115641934
124120875022
124287062046
124334604486
124351006681
124351072329
124352076501
124363324955
124396364059
124397184539
124402803739
124403485963
124403664407
124406818327
124410785047
124412227735
124416363415
124417398679
124951571287
124954655227
124955128533
125267071701
125285655121
125285680385
125292354621
125390505021
125419883581
125549786597
125551174949
125556629765
125556941085
125558793245
125632789709
125635313621
125638276693
125666219605
126061445269
126062428045
126066737037
126103015489
126221201473
126221263190
126226582678
126448791374
126610980686
126623663926
126629107766
126865061942
126868867318
126871277942
126909006198
126930618283
126931277739
126933841745
126936889937
126990850641
127002518097
127011988049
127012142673
127199534673
127309370833
127311369585
127461200853
127483226192
127485076048
127485802976
127486146638
127552437564
127552566484
127552573701
127836529033
127845047177
127896437833
128029440688
128029541080
128039102680
128072388632
128072398940
128072399200
128083579744
128362172914
128364792876
128374249772
128374250666
128671912347
128671984075
128691795879
128691834839
128692348119
128692965199
128693565091
128693677371
128694405243
128694428151
128774905167
129100640719
129100887447
129110027671
129110041301
129110294749
129110597341
129113385225
129125949449
129179712489
129193931753
129267894265
129269869561
129270621657
129912526653
130023848253
130054172493
130055448271
130055899087
130079993842
130080080832
130086185252
130086231204
130086394772
130090448916
130217201418
130217670794
130218048690
130308833050
130311896218
130375107746
130375272748
130375589964
130375924115
130538615187
130538719763
130602850835
130603462547
130665644371
130665659625
130682044841
131099093297
131191091033
131193239193
131431790233
131451849353
131561869361
131563070673
131571131729
131601552417
131605029225
131605123433
131605360937
131605375209
131638289449
131642820393
131653548477
131663519571
131712209431
131733186511
131733323067
131738024251
131792523579
131795093243
131795911803
131801372908
131802383028
131809987124
131849149268
131849705572
131858258532
131858305108
131858581160
131930289832
131967893000
131981483528
131981824950
131981859294
131982499838
132534510014
132555897406
132587839038
132599327294
132600213164
132600272568
132601180442
132621671576
132769797360
132831789899
132831872619
132832228211
132832321511
132874366951
132874413029
132924552421
133247221989
133266911973
133305303717
133308969301
133333684565
133333685869
133333973229
133335446781
133339473917
133349576917
133357385941
133361649877
133364538077
133365564957
133365921309
133366036669
133420899845
133422250597
133424637893
133426196293
133471696709
133471702661
133490397701
133594231877
133686532677
133686899845
133687973413
133703556107
133703820051
133704014483
133773219885
133779127533
133781872877
133890330557
134021769149
134246467517
134246684653
134246716563
134246732576
134281954940
134282003292
134283415036
134286606044
134290561088
134298031712
134298190840
134298465182
134646123678
134648626270
134692757682
134692823441
134692886845
134698359101
134705542429
134721374469
134724776631
134918927031
135251145399
135251226015
135259938391
135324061901
135341109709
135550697933
135550861185
135550863396
135812908580
135812977536
135965490304
136009940096
136130944512
136131004172
136132908940
136144485156
136144485264
136144499680
136147030392
136147681656
136258430260
136434624381
136434624948
136516296464
136523418384
136552966928
136553052240
136553109392
136584677120
136584924860
136605355708
136628755674
136640274389
136714516437
136727440757
136727441265
136727655921
136777183729
136778261809
136782868431
136816531407
137124309775
137133762159
137140273705
137140349657
137140561825
137141184003
137141191815
137141729655
137142626935
137149618807
137166279287
137191544823
137248146423
137249535607
137249641919
137249782199
137258178207
137386661649
137459611409
137459725873
137854958597
137854970752
137855039712
137904982240
137924780256
137924843616
137962231232
138374765053
138377414013
138485745021
138500894493
138534800025
138567466177
138571663233
138582494081
138582568511
138678908719
138797006455
139052889303
139146605783
139151037143
139196261162
139196271066
139862730242
139962743538
139964456178
140047045458
140047655346
140061067714
140066405034
140068522218
140071675562
140073102242
140073243786
140073496650
140145398858
140148088406
140204674646
140204729718
140207253582
140207537870
140207701030
140208026502
140250279814
140271327739
140359814651
140633918971
140762949719
140836169815
140836395031
140855083095
140869379031
140899083223
140899845157
140899911821
140900299691
140910211499
141316346283
141865964617
141866098673
141873634217
141880802217
141885126057
141892198889
141947384022
141950454970
141989993658
141991294970
141991714086
141992167078
141994228390
142004081318
142013643970
142015730866
142081525938
142162048006
142173824006
142217925638
142218559890
142796997010
142797227474
142839167442
142851392154
142851717190
143231981638
143447435846
143448568582
143449406854
143449443846
144102585804
144108533580
144132344140
144252696140
144502675020
144958240332
144958251152
144963278249
144982021801
144982341745
145035155569
145039600497
145040829457
145117592593
145244251955
145244792843
145250373315
145250398771
145274274051
145324836099
145337511794
145338046430
145349844958
145349996414
145500762814
145509339838
145690152823
145690325463
145743536599
146115723735
146118265471
146118346419
146156101219
146281480291
146503225225
146520089817
146520104901
146774319045
146774720453
146838847835
146876632811
146877285803
146877348083
146906468769
146918740525
147235156525
147237996421
147247585815
147247594519
147325848502
147327059822
147327114070
147339499996
147441846748
147443950471
147445009043
147445709491
147445760751
147465714415
147472505583
147494519535
147497098351
147588111471
147588306671
147588486423
147591253783
148157370135
148179064599
148186754263
148191681367
148204221391
148205139855
148205156361
148205181660
148205184892
148409907068
148413823996
148419657468
148498880724
148498948482
148516325250
148521649026
148522999458
148531631778
148531964834
148559243170
148559551802
148563588922
148754694458
148858353258
148871753322
148871868178
148873290066
148873382562
148881927586
148881929058
149039574434
149039598370
149039606786
149045465390
149045497604
149083464337
149091803025
149092287068
149099194972
149174942300
149215844956
149287610972
149312417534
149382083326
149427917438
149428587326
149428758206
149428879614
149446040774
149504490718
149504771494
149504785234
149549029282
149679643881
149681117769
149832944201
150040666297
150211787817
150216144590
150216254638
150227180974
150270202894
150888566694
150888605733
151296765989
151342916753
151366578584
151398979632
151402462512
151402466640
151403348816
151429322344
151877260904
151931770280
152028691880
152036402456
152116538835
152120136211
152127783539
152127798369
152134842857
152183864064
152237116160
152320532664
152385505464
152386171320
152392457400
152709513400
152720939800
153232587544
153514614072
153515367736
153520066226
153520099623
153520204983
153766051620
153807892004
153871642180
153875002948
153875108084
153875245996
153897769900
153909136300
153939050156
154361220664
154361830212
154410387956
154410437364
154411175220
154484706612
154502023751
154502254217
154502855289
154524304505
154524359607
154691467107
154874947523
154876016943
154876973893
155070152131
155081187507
155366596787
155373426351
155583503595
155593489643
155593638079
155594674495
155594962431
155595358207
155609849903
155611141935
155620100015
155640216495
155640216561
155640248425
155805617417
155813070025
155813071029
155831929013
155831937909
155963546485
155963569597
155964675261
155965108665
156224622009
156414762425
156630594401
156637216153
156637218743
156644007607
156644240567
156649557703
156650234727
156650516591
156650550671
156650673871
157022187983
157022424415
157023351967
157023353167
157023959631
157023980222
157447796642
157525026230
157525515926
157527447958
157546008734
157559325159
157561561575
157582833439
157585857311
157750431767
157948111323
157968838107
157968946459
157985098779
157985574683
157994313371
157994426641
157995475889
158347517361
158353548311
158378045847
158379392919
159098370025
159102342441
159119684905
159267390761
159267449987
159267541049
159268494713
159268892423
159269183332
159269190884
159269241552
159408642552
159408644408
159408721956
159409583012
159421711908
159502319140
159538126372
160538733886
160621589208
160621692120
160846980312
160847511382
161012679977
161013122313
161185381534
161185834046
161289979563
161293343147
161304674219
161327871915
161345904139
161346305547
161918543579
161919034523
161919123067
161923509883
161923922083
162094766243
162143062819
162143416675
162147315241
162148556889
162169309017
162169379849
162169580425
162196807561
162196865365
162196883073
162631371026
162637943186
162646818194
162646823650
162648624588
162649612236
162680111052
162692113740
162855553996
162856697372
162939155146
162939328346
162939608226
162940047202
162954612818
163001860498
163002021210
163080502354
163188237394
163909184978
163915896014
164088042702
164089568142
164094659608
164095718936
164672573352
164832312203
164838624693
164845715381
164851986101
164864499411
164864646723
164868102851
164868177959
164912300071
165051263015
165217712167
165357329231
165365631442
165370836754
165513590546
165567241410
165613558978
165618097098
165622526730
165622602746
165724491038
165726380030
165727011710
165730829420
165731169436
165742358044
165743377628
165749038940
165758353244
165792063324
165797780372
165797794940
165963250392
165964562488
165964690060
166248257028
166248983708
166365699366
166365939302
166366237310
166371886078
166405329918
166573339646
166573352380
166905983328
166927961440
166928059272
166992292744
167296682888
167377285448
167377342720
167378588464
167422913402
167425997066
167427008828
167449477948
167609200963
167761129463
167890133095
167935800039
168036279407
168043584557
168164659951
168249216051
168532470835
168534532327
168545532391
168573215889
168575022257
168639960241
168645377777
168672018161
168688214513
168724283889
168728883185
168754849265
168754884876
168755114196
168756878044
168861215452
168910238428
168910295340
169355338993
169360272731
169451727835
169654368747
169654369481
169706115521
169823595810
169841816866
169842162466
170481982242
170607184586
170614060221
170623820573
170950818810
170955017530
170955060772
171061218945
171061239063
171063738711
171063887959
171177320535
171177379165
171195264515
171195545795
171212506819
171218453187
171220070243
171231199391
171235969183
171244467999
171244550351
171252163683
171341168427
171342736683
171349622155
171445861693
171445893459
171455659267
171462466051
171462519203
171510061731
171510216995
171512271627
171512271955
171572077795
171572540091
171573102051
171594522243
171605332896
171613673552
171613675088
171841056976
171844677712
171964400672
172189398716
172191431676
172198678012
172198707056
172257378160
172300591388
172300646828
172302480300
172307598764
172307657228
172391543308
172391579372
172418637548
172418647306
172419050346
172419070072
172419766184
172419770170
172419774297
172442839193
172442924977
172463715777
172596699761
172596876401
172597355633
172625354719
172625687839
172625701385
172699574793
172701805961
172728331657
172728700501
173260654677
173308987989
173309205077
173312546837
173591025685
173591568021
173743339285
173755046165
173755166501
173770209061
173938463141
173942915752
173943409960
173943928104
174637931336
174643328366
174650525038
174685832686
174687334382
174707285486
174711522926
174740400110
174740740766
174761556638
174818575334
174819051972
174867089284
175034517380
175050832283
175050900371
175645770643
175748369181
175998823197
175998865223
176003364679
176004114887
176392188945
176520688685
176572419117
176572510153
176582848457
176582951473
176584382001
176585789917
176587257821
176587347933
176593727433
176604825289
176978613566
176979509319
176980538455
176980602703
176980668297
176988055427
177087691187
177115353523
177117443251
177118179635
177150822187
177180342959
177180938359
177196694016
177358934528
177358996496
177392257235
177407254739
177430563915
177430681163
177545199526
177562281126
177563852582
177569054502
177570401446
177570565086
177789864926
177799799774
177845910494
177849027806
178057805694
178057901406
178076619102
178076749202
178154210354
178154214111
178172913311
178183327775
178183330743
178223464887
178223484405
178269654517
178276231157
178474537973
178910238149
178960098757
179215162749
179409973328
179410242120
179745770056
179746016200
179746025072
179746570448
179776457912
179785308665
179785895641
179794711513
179797495897
179797510007
179802166007
179809229171
179818964595
179895668851
179896109107
179913458099
179953416627
179953696507
179954044899
180044296163
180062219107
180065964963
180177757987
180178467987
180178975507
180179050207
180179159679
180206571231
180207260655
180207264671
180208446431
180214210175
180214283915
180353236235
180471743755
180530798859
180530818191
180912194079
180914022877
180914024409
180914232921
180914703577
181112907993
181119023705
181387141366
181390680532
181449060820
181529912988
181529947740
181590772100
181591093900
181812120276
181829561940
181838920276
181839146964
181843630382
181864608558
182019503918
182046194990
182141114216
182141266140
182166036394
182171852970
182345980545
182382636673
182384723073
182528488203
182557004555
182557267385
182557652793
182557763077
182557796660
182565209760
182986606240
183171196576
183183402400
183194649416
183240672072
183287345480
183298988104
183299257096
183575221000
183575260761
183583178585
183697341641
183698093097
183700933801
183811467804
183811472211
183811483953
183929805105
183959759921
183985769025
183986808641
184101063457
184484226209
184488584865
184526538657
184749819809
184753082017
184819338817
184960447749
184960457111
185017830807
185036912521
185037601673
185037602003
185037758107
185049942003
185062444803
185064927235
185409056967
185409074739
185409426995
185450601387
185455641811
185455706803
185461312445
185461392453
185467886805
185472694725
185478117509
185695022149
185698358789
185714006789
185771223813
185810355941
185815000718
185817713550
185902658446
185902733960
185903215452
186013311836
186078311260
186328298332
186499801948
186500086500
186915170612
186915306432
186915339536
186915579008
187014829878
187019065570
187046607330
187139272546
187153196898
187555787259
187732689979
187733956923
187753624667
187764094043
187801221211
187801406831
187980822054
187982118630
187982140798
187990329726
188116283646
188116365902
188512488482
188533981730
188669828674
188689054274
188689098656
188689302604
188709307468
188710016524
189227871724
189822070956
189826555198
189861472574
189862199918
189914657518
189927510766
189980454814
189980504846
190028843862
190028848710
190029697286
190045331430
190098366182
190098377534
190173940798
190217960510
190220227646
190238250046
190467593278
190614907210
190626461738
190626468465
190629403261
190643412989
190645731325
190649110077
190649127811
190959678339
190959854477
190966542093
190966547405
190991167850
190991649290
190991992004
191144754116
191299945412
191380558788
191701752454
191710605830
191710634363
191929136288
191938658416
191952049488
191952220880
192088136608
192089053856
192094645280
192101204256
192131423491
192134580273
192233562809
192236434097
192247157425
192267309745
192267346289
192356774257
192379510737
192379516192
192417699104
192469177720
192471652192
192636745856
193093238272
193093264112
193094966032
193095066410
193098178346
193098571066
193098770298
193273112442
193273443034
193273589786
193315410682
193315434948
193315909060
193340331460
193353554908
193367741404
193367794038
193510262134
193510278840
193511490744
193511786678
193512953174
193512985894
193513016762
193513067646
193517062924
193518435948
193518638604
193542121228
193542288140
193712322124
193783776716
193899128012
193910953164
193912713451
194026035437
194046191341
194076540869
194076691397
194107152741

