100
4 512 2 16 2 128 128 128 1024 64 8 2 128 1 64 64 512 1 128 16 8 512 2 32 1 1 1 1024 256 1 64 1024 8 64 1 256 8 128 128 256 8 32 8 1024 8 128 16 1 64 256 1024 2 4 1024 16 2 32 256 64 256 1024 8 16 16 512 128 256 64 512 1 128 8 64 64 1024 4 32 256 1024 32 2 128 1024 256 2 4 256 64 32 128 1 128 1 16 512 512 512 64 1024 4
100
2
1 65 79 1
1 70 99 256
1 52 84 32
2
1 35 35 64
1 67 80 64
1 62 85 512
1 65 91 128
2
1 45 45 256
2
1 77 77 8
1 71 89 4
1 71 96 16
1 87 88 2
1 58 58 16
1 35 49 512
1 45 63 2
1 21 53 256
1 85 93 1024
2
1 90 95 128
2
1 4 43 64
2
1 25 58 2
2
1 78 91 1
1 3 53 4
1 93 95 128
2
1 81 97 128
1 68 69 64
2
1 8 46 4
1 7 46 2
1 40 98 16
1 54 90 16
1 2 73 1
1 73 87 4
1 49 61 32
1 27 100 1024
2
1 64 70 1024
2
1 65 96 1
2
1 37 39 4
1 42 93 512
1 44 71 8
2
1 49 84 32
2
1 9 14 2
1 22 43 256
1 35 77 512
2
1 44 65 2
2
1 78 100 128
1 75 92 2
2
1 53 57 64
1 17 60 2
2
1 74 91 8
1 35 81 16
1 59 76 2
1 38 38 512
1 12 64 2
1 25 55 512
2
1 15 72 4
1 21 34 64
2
1 71 79 128
2
1 27 67 1
1 2 39 512
2
1 51 71 64
1 9 49 512
2
1 33 60 512
2
1 34 57 256
1 40 52 8
2
1 36 47 128
1 84 94 8
2
1 6 47 4
2
1 32 74 2
1 32 60 1
1 52 56 16
1 94 94 1
1 38 86 32
2
