16949884722
93566670810
93572678094
93619044681
93664991364
93796316340
93796699182
113095113045
115941511041
118957970157
118994720505
119145577011
119162222268
158094714399
158300032470
158461413387
158464588101
158469637047
165613365384
165700320504
165892249437
165898362115
165911801473
172985635477
177020428263
181441590918
181457440836
181522938489
188979415697
204304962809
204306304493
209561704859
209561738987
209561805278
209583329732
216908003888
216908017901
216914634710
216933199748
256844418848
296355680099
296486019224
296486385776
296725329680
297076271009
311667515105
311728026113
311728094639
312051683159
312053228882
312875919233
398931009434
403143033653
403221503213
403223286797
403226346572
403902176168
403902520886
408124326368
408755186201
409340823005
412903642106
441858680996
442251839201
443106594401
443107419407
443107443900
443107487802
443264855898
458156318475
458178935700
458179644207
458179717377
458307576658
458307609156
458676153189
458924158989
459122399604
459538006149
459538023381
459559629969
459889776657
459905227812
467351247663
467351333604
470820049011
472608976386
472609025008
472679556730
475990729405
476385777016
476385792199
476386088104
522573522319
530938930969
543031870924
543117390271
547307625409
547310406787
560103729766
567798109711
567848043142
567850728778
567913389244
593094527170
593156725450
593160836146
606213247993
607103647864
607368267817
607375775545
607390264663
608775199180
609815937805
609848156689
609889178248
609891651340
609898706440
609898995763
609899146666
614432318713
617102070451
618857420074
791017270189
830766931225
830767546673
830830066442
830841823268
834580563191
834581062241
845378429216
845379019535
891001170824
891005792846
891006633167
893832482111
894099357347
905974640015
905979219593
905980698734
905980767989
958644445325
959355670847
960613591694
974568661547
987088727349
987089632605
1000000000000
1000000000000
1000000000000
1000000000000
1000000000000
1000000000000
1000000000000
1000000000000
1000000000000
1000000000000
1000000000000
1000000000000
1000000000000
1000000000000
1000000000000
1000000000000
1000000000000
1000000000000
1000000000000
1000000000000
1000000000000
1000000000000
1000000000000
1000000000000
1000000000000
1000000000000
1000000000000
1000000000000
1000000000000
1000000000000
1000000000000
1000000000000
1000000000000
1000000000000
1000000000000
1000000000000
1000000000000
1000000000000
1000000000000
1000000000000
1000000000000
1000000000000
1000000000000
1000000000000
1000000000000
1000000000000
1000000000000
1000000000000
1000000000000
1000000000000
1000000000000
1000000000000
1000000000000
1000000000000
1000000000000
1000000000000
1000000000000
1000000000000
1000000000000
1000000000000
1000000000000
1000000000000
1000000000000
1000000000000
1000000000000
1000000000000
1000000000000
1000000000000
1000000000000
1000000000000
1000000000000
1000000000000
1000000000000
1000000000000
1000000000000
1000000000000
1000000000000
1000000000000
1000000000000
1000000000000
1000000000000
1000000000000
1000000000000
1000000000000
1000000000000
1000000000000
1000000000000
1000000000000
1000000000000
1000000000000
1000000000000
1000000000000
1000000000000
1000000000000
1000000000000
1000000000000
1000000000000
1000000000000
1000000000000
1000000000000
1000000000000
1000000000000
1000000000000
1000000000000
1000000000000
1000000000000
1000000000000
1000000000000
1000000000000
1000000000000
1000000000000
1000000000000
1000000000000
1000000000000
1000000000000
1000000000000
1000000000000
1000000000000
1000000000000
1000000000000
1000000000000
1000000000000
1000000000000
1000000000000
1000000000000
1000000000000
1000000000000
1000000000000
1000000000000
1000000000000
1000000000000
1000000000000
1000000000000
1000000000000
1000000000000
1000000000000
1000000000000
1000000000000
1000000000000
1000000000000
1000000000000
1000000000000
1000000000000
1000000000000
1000000000000
1000000000000
1000000000000
1000000000000
1000000000000
1000000000000
1000000000000
1000000000000
1000000000000
1000000000000
1000000000000
1000000000000
1000000000000
1000000000000
1000000000000
1000000000000
1000000000000
1000000000000
1000000000000
1000000000000
1000000000000
1000000000000
1000000000000
1000000000000
1000000000000
1000000000000
1000000000000
1000000000000
1000000000000
1000000000000
1000000000000
1000000000000
1000000000000
1000000000000
1000000000000
1000000000000
1000000000000
1000000000000
1000000000000
1000000000000
1000000000000
1000000000000
1000000000000
1000000000000
1000000000000
1000000000000
1000000000000
1000000000000
1000000000000
1000000000000
1000000000000
1000000000000
1000000000000
1000000000000
1000000000000
1000000000000
1000000000000
1000000000000
1000000000000
1000000000000
1000000000000
1000000000000
1000000000000
1000000000000
1000000000000
1000000000000
1000000000000
1000000000000
1000000000000
1000000000000
1000000000000
1000000000000
1000000000000
1000000000000
1000000000000
1000000000000
1000000000000
1000000000000
1000000000000
1000000000000
1000000000000
1000000000000
1000000000000
1000000000000
1000000000000
1000000000000
1000000000000
1000000000000
1000000000000
1000000000000
1000000000000
1000000000000
1000000000000
1000000000000
1000000000000
1000000000000
1000000000000
1000000000000
1000000000000
1000000000000
1000000000000
1000000000000
1000000000000
1000000000000
1000000000000
1000000000000
1000000000000
1000000000000
1000000000000
1000000000000
1000000000000
1000000000000
1000000000000
1000000000000
1000000000000
1000000000000
1000000000000
1000000000000
1000000000000
1000000000000
1000000000000
1000000000000
1000000000000
1000000000000
1000000000000
1000000000000
1000000000000
1000000000000
1000000000000
1000000000000
1000000000000
1000000000000
1000000000000
1000000000000
1000000000000
1000000000000
1000000000000
1000000000000
1000000000000
1000000000000
1000000000000
1000000000000
1000000000000
1000000000000
1000000000000
1000000000000
1000000000000
1000000000000
1000000000000
1000000000000
1000000000000
1000000000000
1000000000000
1000000000000
1000000000000
1000000000000
1000000000000
1000000000000
1000000000000
1000000000000
1000000000000
1000000000000
1000000000000
1000000000000
1000000000000
1000000000000
1000000000000
1000000000000
1000000000000
1000000000000
1000000000000
1000000000000
1000000000000
1000000000000
1000000000000
1000000000000
1000000000000
1000000000000
1000000000000
1000000000000
1000000000000
1000000000000
1000000000000
1000000000000
1000000000000
1000000000000
1000000000000
1000000000000
1000000000000
1000000000000
1000000000000
1000000000000
1000000000000
1000000000000
1000000000000
1000000000000
1000000000000
1000000000000
1000000000000
1000000000000
1000000000000
1000000000000
1000000000000
1000000000000
1000000000000
1000000000000
1000000000000
1000000000000
1000000000000
1000000000000
1000000000000
1000000000000
1000000000000
1000000000000
1000000000000
1000000000000
1000000000000
1000000000000
1000000000000
1000000000000
1000000000000
1000000000000
1000000000000
1000000000000
1000000000000
1000000000000
1000000000000
1000000000000
1000000000000
1000000000000
1000000000000
1000000000000
1000000000000
1000000000000
1000000000000
1000000000000
1000000000000
1000000000000
1000000000000
1000000000000
1000000000000
1000000000000
1000000000000
1000000000000
1000000000000
1000000000000
1000000000000
1000000000000
1000000000000
1000000000000
1000000000000
1000000000000
1000000000000
1000000000000
1000000000000
1000000000000
1000000000000
1000000000000
1000000000000
1000000000000
1000000000000
1000000000000
1000000000000
1000000000000
1000000000000
1000000000000
1000000000000
1000000000000
1000000000000
1000000000000
1000000000000
1000000000000
1000000000000
1000000000000
1000000000000
1000000000000
1000000000000
1000000000000
1000000000000
1000000000000
1000000000000
1000000000000
1000000000000
1000000000000
1000000000000
1000000000000
1000000000000
1000000000000
1000000000000
1000000000000
1000000000000
1000000000000
1000000000000
1000000000000
1000000000000
1000000000000
1000000000000
1000000000000
1000000000000
1000000000000
1000000000000
1000000000000
1000000000000
1000000000000
1000000000000
1000000000000
1000000000000
1000000000000
1000000000000
1000000000000
1000000000000
1000000000000
1000000000000
1000000000000
1000000000000
1000000000000
1000000000000
1000000000000
1000000000000
1000000000000
1000000000000
1000000000000
1000000000000
1000000000000
1000000000000
1000000000000
1000000000000
1000000000000
1000000000000
1000000000000
1000000000000
1000000000000
1000000000000
1000000000000
1000000000000
1000000000000
1000000000000
1000000000000
1000000000000
1000000000000
1000000000000
1000000000000
1000000000000
1000000000000
1000000000000
1000000000000
1000000000000
1000000000000
1000000000000
1000000000000
1000000000000
1000000000000
1000000000000
1000000000000
1000000000000
1000000000000
1000000000000
1000000000000
1000000000000
1000000000000
1000000000000
1000000000000
1000000000000
1000000000000
1000000000000
1000000000000
1000000000000
1000000000000
1000000000000
1000000000000
1000000000000
1000000000000
1000000000000
1000000000000
1000000000000
1000000000000
1000000000000
1000000000000
1000000000000
1000000000000
1000000000000
1000000000000
1000000000000
1000000000000
1000000000000
1000000000000
1000000000000
1000000000000
1000000000000
1000000000000
1000000000000
1000000000000
1000000000000
1000000000000
1000000000000
1000000000000
1000000000000
1000000000000
1000000000000
1000000000000
1000000000000
1000000000000
1000000000000
1000000000000
1000000000000
1000000000000
1000000000000
1000000000000
1000000000000
1000000000000
1000000000000
1000000000000
1000000000000
1000000000000
1000000000000
1000000000000
1000000000000
1000000000000
1000000000000
1000000000000
1000000000000
1000000000000
1000000000000
1000000000000
1000000000000
1000000000000
1000000000000
1000000000000
1000000000000
1000000000000
1000000000000
1000000000000
1000000000000
1000000000000
1000000000000
1000000000000
1000000000000
1000000000000
1000000000000
1000000000000
1000000000000
1000000000000
1000000000000
1000000000000
1000000000000
1000000000000
1000000000000
1000000000000
1000000000000
1000000000000
1000000000000
1000000000000
1000000000000
1000000000000
1000000000000
1000000000000
1000000000000
1000000000000
1000000000000
1000000000000
1000000000000
1000000000000
1000000000000
1000000000000
1000000000000
1000000000000
1000000000000
1000000000000
1000000000000
1000000000000
1000000000000
1000000000000
1000000000000
1000000000000
1000000000000
1000000000000
1000000000000
1000000000000
1000000000000
1000000000000
1000000000000
1000000000000
1000000000000
1000000000000
1000000000000
1000000000000
1000000000000
1000000000000
1000000000000
1000000000000
1000000000000
1000000000000
1000000000000
1000000000000
1000000000000
1000000000000
1000000000000
1000000000000
1000000000000
1000000000000
1000000000000
1000000000000
1000000000000
1000000000000
1000000000000
1000000000000
1000000000000
1000000000000
1000000000000
1000000000000
1000000000000
1000000000000
1000000000000
1000000000000
1000000000000
1000000000000
1000000000000
1000000000000
1000000000000
1000000000000
1000000000000
1000000000000
1000000000000
1000000000000
1000000000000
1000000000000
1000000000000
1000000000000
1000000000000
1000000000000
1000000000000
1000000000000
1000000000000
1000000000000
1000000000000
1000000000000
1000000000000
1000000000000
1000000000000
1000000000000
1000000000000
1000000000000
1000000000000
1000000000000
1000000000000
1000000000000
1000000000000
1000000000000
1000000000000
1000000000000
1000000000000
1000000000000
1000000000000
1000000000000
1000000000000
1000000000000
1000000000000
1000000000000
1000000000000
1000000000000
1000000000000
1000000000000
1000000000000
1000000000000
1000000000000
1000000000000
1000000000000
1000000000000
1000000000000
1000000000000
1000000000000
1000000000000
1000000000000
1000000000000
1000000000000
1000000000000
1000000000000
1000000000000
1000000000000
1000000000000
1000000000000
1000000000000
1000000000000
1000000000000
1000000000000
1000000000000
1000000000000
1000000000000
1000000000000
1000000000000
1000000000000
1000000000000
1000000000000
1000000000000
1000000000000
1000000000000
1000000000000
1000000000000
1000000000000
1000000000000
1000000000000
1000000000000
1000000000000
1000000000000
1000000000000
1000000000000
1000000000000
1000000000000
1000000000000
1000000000000
1000000000000
1000000000000
1000000000000
1000000000000
1000000000000
1000000000000
1000000000000
1000000000000
1000000000000
1000000000000
1000000000000
1000000000000
1000000000000
1000000000000
1000000000000
1000000000000
1000000000000
1000000000000
1000000000000
1000000000000
1000000000000
1000000000000
1000000000000
1000000000000
1000000000000
1000000000000
1000000000000
1000000000000
1000000000000
1000000000000
1000000000000
1000000000000
1000000000000
1000000000000
1000000000000
1000000000000
1000000000000
1000000000000
1000000000000
1000000000000
1000000000000
1000000000000
1000000000000
1000000000000
1000000000000
1000000000000
1000000000000
1000000000000
1000000000000
1000000000000
1000000000000
1000000000000
1000000000000
1000000000000
1000000000000
1000000000000
1000000000000
1000000000000
1000000000000
1000000000000
1000000000000
1000000000000
1000000000000
1000000000000
1000000000000
1000000000000
1000000000000
1000000000000
1000000000000
1000000000000
1000000000000
1000000000000
1000000000000
1000000000000
1000000000000
1000000000000
1000000000000
1000000000000
1000000000000
1000000000000
1000000000000
1000000000000
1000000000000
1000000000000
1000000000000
1000000000000
1000000000000
1000000000000
1000000000000
1000000000000
1000000000000
1000000000000
1000000000000
1000000000000
1000000000000
1000000000000
1000000000000
1000000000000
1000000000000
1000000000000
1000000000000
1000000000000
1000000000000
1000000000000
1000000000000
1000000000000
1000000000000
1000000000000
1000000000000
1000000000000
1000000000000
1000000000000
1000000000000
1000000000000
1000000000000
1000000000000
1000000000000
1000000000000
1000000000000
1000000000000
1000000000000
1000000000000
1000000000000
1000000000000
1000000000000
1000000000000
1000000000000
1000000000000
1000000000000
1000000000000
1000000000000
1000000000000
1000000000000
1000000000000
1000000000000
1000000000000
1000000000000
1000000000000
1000000000000
1000000000000
1000000000000
1000000000000
1000000000000
1000000000000
1000000000000
1000000000000
1000000000000
1000000000000
1000000000000
1000000000000
1000000000000
1000000000000
1000000000000
1000000000000
1000000000000
1000000000000
1000000000000
1000000000000
1000000000000
1000000000000
1000000000000
1000000000000
1000000000000
1000000000000
1000000000000
1000000000000
1000000000000
1000000000000
1000000000000
1000000000000
1000000000000
1000000000000
1000000000000
1000000000000
1000000000000
1000000000000
1000000000000
1000000000000
1000000000000
1000000000000
1000000000000
1000000000000
1000000000000
1000000000000
1000000000000
1000000000000
1000000000000
1000000000000
1000000000000
1000000000000
1000000000000
1000000000000
1000000000000
1000000000000
1000000000000
1000000000000
1000000000000
1000000000000
1000000000000
1000000000000
1000000000000
1000000000000
1000000000000
1000000000000
1000000000000
1000000000000
1000000000000
1000000000000
1000000000000
1000000000000
1000000000000
1000000000000
1000000000000
1000000000000
1000000000000
1000000000000
1000000000000
1000000000000
1000000000000
1000000000000
1000000000000
1000000000000
1000000000000
1000000000000
1000000000000
1000000000000
1000000000000
1000000000000
1000000000000
1000000000000
1000000000000
1000000000000
1000000000000
1000000000000
1000000000000
1000000000000
1000000000000
1000000000000
1000000000000
1000000000000
1000000000000
1000000000000
1000000000000
1000000000000
1000000000000
1000000000000
1000000000000
1000000000000
1000000000000
1000000000000
1000000000000
1000000000000
1000000000000
1000000000000
1000000000000
1000000000000
1000000000000
1000000000000
1000000000000
1000000000000
1000000000000
1000000000000
1000000000000
1000000000000
1000000000000
1000000000000
1000000000000
1000000000000
1000000000000
1000000000000
1000000000000
1000000000000
1000000000000
1000000000000
1000000000000
1000000000000
1000000000000
1000000000000
1000000000000
1000000000000
1000000000000
1000000000000
1000000000000
1000000000000
1000000000000
1000000000000
1000000000000
1000000000000
1000000000000
1000000000000
1000000000000
1000000000000
1000000000000
1000000000000
1000000000000
1000000000000
1000000000000
1000000000000
1000000000000
1000000000000
1000000000000
1000000000000
1000000000000
1000000000000
1000000000000
1000000000000
1000000000000
1000000000000
1000000000000
1000000000000
1000000000000
1000000000000
1000000000000
1000000000000
1000000000000
1000000000000
1000000000000
1000000000000
1000000000000
1000000000000
1000000000000
1000000000000
1000000000000
1000000000000
1000000000000
1000000000000
1000000000000
1000000000000
1000000000000
1000000000000
1000000000000
1000000000000
1000000000000
1000000000000
1000000000000
1000000000000
1000000000000
1000000000000
1000000000000
1000000000000
1000000000000
1000000000000
1000000000000
1000000000000
1000000000000
1000000000000
1000000000000
1000000000000
1000000000000
1000000000000
1000000000000
1000000000000
1000000000000
1000000000000
1000000000000
1000000000000
1000000000000
1000000000000
1000000000000
1000000000000
1000000000000
1000000000000
1000000000000
1000000000000
1000000000000
1000000000000
1000000000000
1000000000000
1000000000000
1000000000000
1000000000000
1000000000000
1000000000000
1000000000000
1000000000000
1000000000000
1000000000000
1000000000000
1000000000000
1000000000000
1000000000000
1000000000000
1000000000000
1000000000000
1000000000000
1000000000000
1000000000000
1000000000000
1000000000000
1000000000000
1000000000000
1000000000000
1000000000000
1000000000000
1000000000000
1000000000000
1000000000000
1000000000000
1000000000000
1000000000000
1000000000000
1000000000000
1000000000000
1000000000000
1000000000000
1000000000000
1000000000000
1000000000000
1000000000000
1000000000000
1000000000000
1000000000000
1000000000000
1000000000000
1000000000000
1000000000000
1000000000000
1000000000000
1000000000000
1000000000000
1000000000000
1000000000000
1000000000000
1000000000000
1000000000000
1000000000000
1000000000000
1000000000000
1000000000000
1000000000000
1000000000000
1000000000000
1000000000000
1000000000000
1000000000000
1000000000000
1000000000000
1000000000000
1000000000000
1000000000000
1000000000000
1000000000000
1000000000000
1000000000000
1000000000000
1000000000000
1000000000000
1000000000000
1000000000000
1000000000000
1000000000000
1000000000000
1000000000000
1000000000000
1000000000000
1000000000000
1000000000000
1000000000000
1000000000000
1000000000000
1000000000000
1000000000000
1000000000000
1000000000000
1000000000000
1000000000000
1000000000000
1000000000000
1000000000000
1000000000000
1000000000000
1000000000000
1000000000000
1000000000000
1000000000000
1000000000000
1000000000000
1000000000000
1000000000000
1000000000000
1000000000000
1000000000000
1000000000000
1000000000000
1000000000000
1000000000000
1000000000000
1000000000000
1000000000000
1000000000000
1000000000000
1000000000000
1000000000000
1000000000000
1000000000000
1000000000000
1000000000000
1000000000000
1000000000000
1000000000000
1000000000000
1000000000000
1000000000000
1000000000000
1000000000000
1000000000000
1000000000000
1000000000000
1000000000000
1000000000000
1000000000000
1000000000000
1000000000000
1000000000000
1000000000000
1000000000000
1000000000000
1000000000000
1000000000000
1000000000000
1000000000000
1000000000000
1000000000000
1000000000000
1000000000000
1000000000000
1000000000000
1000000000000
1000000000000
1000000000000
1000000000000
1000000000000
1000000000000
1000000000000
1000000000000
1000000000000
1000000000000
1000000000000
1000000000000
1000000000000
1000000000000
1000000000000
1000000000000
1000000000000
1000000000000
1000000000000
1000000000000
1000000000000
1000000000000
1000000000000
1000000000000
1000000000000
1000000000000
1000000000000
1000000000000
1000000000000
1000000000000
1000000000000
1000000000000
1000000000000
1000000000000
1000000000000
1000000000000
1000000000000
1000000000000
1000000000000
1000000000000
1000000000000
1000000000000
1000000000000
1000000000000
1000000000000
1000000000000
1000000000000
1000000000000
1000000000000
1000000000000
1000000000000
1000000000000
1000000000000
1000000000000
1000000000000
1000000000000
1000000000000
1000000000000
1000000000000
1000000000000
1000000000000
1000000000000
1000000000000
1000000000000
1000000000000
1000000000000
1000000000000
1000000000000
1000000000000
1000000000000
1000000000000
1000000000000
1000000000000
1000000000000
1000000000000
1000000000000
1000000000000
1000000000000
1000000000000
1000000000000
1000000000000
1000000000000
1000000000000
1000000000000
1000000000000
1000000000000
1000000000000
1000000000000
1000000000000
1000000000000
1000000000000
1000000000000
1000000000000
1000000000000
1000000000000
1000000000000
1000000000000
1000000000000
1000000000000
1000000000000
1000000000000
1000000000000
1000000000000
1000000000000
1000000000000
1000000000000
1000000000000
1000000000000
1000000000000
1000000000000
1000000000000
1000000000000
1000000000000
1000000000000
1000000000000
1000000000000
1000000000000
1000000000000
1000000000000
1000000000000
1000000000000
1000000000000
1000000000000
1000000000000
1000000000000
1000000000000
1000000000000
1000000000000
1000000000000
1000000000000
1000000000000
1000000000000
1000000000000
1000000000000
1000000000000
1000000000000
1000000000000
1000000000000
1000000000000
1000000000000
1000000000000
1000000000000
1000000000000
1000000000000
1000000000000
1000000000000
1000000000000
1000000000000
1000000000000
1000000000000
1000000000000
1000000000000
1000000000000
1000000000000
1000000000000
1000000000000
1000000000000
1000000000000
1000000000000
1000000000000
1000000000000
1000000000000
1000000000000
1000000000000
1000000000000
1000000000000
1000000000000
1000000000000
1000000000000
1000000000000
1000000000000
1000000000000
1000000000000
1000000000000
1000000000000
1000000000000
1000000000000
1000000000000
1000000000000
1000000000000
1000000000000
1000000000000
1000000000000
1000000000000
1000000000000
1000000000000
1000000000000
1000000000000
1000000000000
1000000000000
1000000000000
1000000000000
1000000000000
1000000000000
1000000000000
1000000000000
1000000000000
1000000000000
1000000000000
1000000000000
1000000000000
1000000000000
1000000000000
1000000000000
1000000000000
1000000000000
1000000000000
1000000000000
1000000000000
1000000000000
1000000000000
1000000000000
1000000000000
1000000000000
1000000000000
1000000000000
1000000000000
1000000000000
1000000000000
1000000000000
1000000000000
1000000000000
1000000000000
1000000000000
1000000000000
1000000000000
1000000000000
1000000000000
1000000000000
1000000000000
1000000000000
1000000000000
1000000000000
1000000000000
1000000000000
1000000000000
1000000000000
1000000000000
1000000000000
1000000000000
1000000000000
1000000000000
1000000000000
1000000000000
1000000000000
1000000000000
1000000000000
1000000000000
1000000000000
1000000000000
1000000000000
1000000000000
1000000000000
1000000000000
1000000000000
1000000000000
1000000000000
1000000000000
1000000000000
1000000000000
1000000000000
1000000000000
1000000000000
1000000000000
1000000000000
1000000000000
1000000000000
1000000000000
1000000000000
1000000000000
1000000000000
1000000000000
1000000000000
1000000000000
1000000000000
1000000000000
1000000000000
1000000000000
1000000000000
1000000000000
1000000000000
1000000000000
1000000000000
1000000000000
1000000000000
1000000000000
1000000000000
1000000000000
1000000000000
1000000000000
1000000000000
1000000000000
1000000000000
1000000000000
1000000000000
1000000000000
1000000000000
1000000000000
1000000000000
1000000000000
1000000000000
1000000000000
1000000000000
1000000000000
1000000000000
1000000000000
1000000000000
1000000000000
1000000000000
1000000000000
1000000000000
1000000000000
1000000000000
1000000000000
1000000000000
1000000000000
1000000000000
1000000000000
1000000000000
1000000000000
1000000000000
1000000000000
1000000000000
1000000000000
1000000000000
1000000000000
1000000000000
1000000000000
1000000000000
1000000000000
1000000000000
1000000000000
1000000000000
1000000000000
1000000000000
1000000000000
1000000000000
1000000000000
1000000000000
1000000000000
1000000000000
1000000000000
1000000000000
1000000000000
1000000000000
1000000000000
1000000000000
1000000000000
1000000000000
1000000000000
1000000000000
1000000000000
1000000000000
1000000000000
1000000000000
1000000000000
1000000000000
1000000000000
1000000000000
1000000000000
1000000000000
1000000000000
1000000000000
1000000000000
1000000000000
1000000000000
1000000000000
1000000000000
1000000000000
1000000000000
1000000000000
1000000000000
1000000000000
1000000000000
1000000000000
1000000000000
1000000000000
1000000000000
1000000000000
1000000000000
1000000000000
1000000000000
1000000000000
1000000000000
1000000000000
1000000000000
1000000000000
1000000000000
1000000000000
1000000000000
1000000000000
1000000000000
1000000000000
1000000000000
1000000000000
1000000000000
1000000000000
1000000000000
1000000000000
1000000000000
1000000000000
1000000000000
1000000000000
1000000000000
1000000000000
1000000000000
1000000000000
1000000000000
1000000000000
1000000000000
1000000000000
1000000000000
1000000000000
1000000000000
1000000000000
1000000000000
1000000000000
1000000000000
1000000000000
1000000000000
1000000000000
1000000000000
1000000000000
1000000000000
1000000000000
1000000000000
1000000000000
1000000000000
1000000000000
1000000000000
1000000000000
1000000000000
1000000000000
1000000000000
1000000000000
1000000000000
1000000000000
1000000000000
1000000000000
1000000000000
1000000000000
1000000000000
1000000000000
1000000000000
1000000000000
1000000000000
1000000000000
1000000000000
1000000000000
1000000000000
1000000000000
1000000000000
1000000000000
1000000000000
1000000000000
1000000000000
1000000000000
1000000000000
1000000000000
1000000000000
1000000000000
1000000000000
1000000000000
1000000000000
1000000000000
1000000000000
1000000000000
1000000000000
1000000000000
1000000000000
1000000000000
1000000000000
1000000000000
1000000000000
1000000000000
1000000000000
1000000000000
1000000000000
1000000000000
1000000000000
1000000000000
1000000000000
1000000000000
1000000000000
1000000000000
1000000000000
1000000000000
1000000000000
1000000000000
1000000000000
1000000000000
1000000000000
1000000000000
1000000000000
1000000000000
1000000000000
1000000000000
1000000000000
1000000000000
1000000000000
1000000000000
1000000000000
1000000000000
1000000000000
1000000000000
1000000000000
1000000000000
1000000000000
1000000000000
1000000000000
1000000000000
1000000000000
1000000000000
1000000000000
1000000000000
1000000000000
1000000000000
1000000000000
1000000000000
1000000000000
1000000000000
1000000000000
1000000000000
1000000000000
1000000000000
1000000000000
1000000000000
1000000000000
1000000000000
1000000000000
1000000000000
1000000000000
1000000000000
1000000000000
1000000000000
1000000000000
1000000000000
1000000000000
1000000000000
1000000000000
1000000000000
1000000000000
1000000000000
1000000000000
1000000000000
1000000000000
1000000000000
1000000000000
1000000000000
1000000000000
1000000000000
1000000000000
1000000000000
1000000000000
1000000000000
1000000000000
1000000000000
1000000000000
1000000000000
1000000000000
1000000000000
1000000000000
1000000000000
1000000000000
1000000000000
1000000000000
1000000000000
1000000000000
1000000000000
1000000000000
1000000000000
1000000000000
1000000000000
1000000000000
1000000000000
1000000000000
1000000000000
1000000000000
1000000000000
1000000000000
1000000000000
1000000000000
1000000000000
1000000000000
1000000000000
1000000000000
1000000000000
1000000000000
1000000000000
1000000000000
1000000000000
1000000000000
1000000000000
1000000000000
1000000000000
1000000000000
1000000000000
1000000000000
1000000000000
1000000000000
1000000000000
1000000000000
1000000000000
1000000000000
1000000000000
1000000000000
1000000000000
1000000000000
1000000000000
1000000000000
1000000000000
1000000000000
1000000000000
1000000000000
1000000000000
1000000000000
1000000000000
1000000000000
1000000000000
1000000000000
1000000000000
1000000000000
1000000000000
1000000000000
1000000000000
1000000000000
1000000000000
1000000000000
1000000000000
1000000000000
1000000000000
1000000000000
1000000000000
1000000000000
1000000000000
1000000000000
1000000000000
1000000000000
1000000000000
1000000000000
1000000000000
1000000000000
1000000000000
1000000000000
1000000000000
1000000000000
1000000000000
1000000000000
1000000000000
1000000000000
1000000000000
1000000000000
1000000000000
1000000000000
1000000000000
1000000000000
1000000000000
1000000000000
1000000000000
1000000000000
1000000000000
1000000000000
1000000000000
1000000000000
1000000000000
1000000000000
1000000000000
1000000000000
1000000000000
1000000000000
1000000000000
1000000000000
1000000000000
1000000000000
1000000000000
1000000000000
1000000000000
1000000000000
1000000000000
1000000000000
1000000000000
1000000000000
1000000000000
1000000000000
1000000000000
1000000000000
1000000000000
1000000000000
1000000000000
1000000000000
1000000000000
1000000000000
1000000000000
1000000000000
1000000000000
1000000000000
1000000000000
1000000000000
1000000000000
1000000000000
1000000000000
1000000000000
1000000000000
1000000000000
1000000000000
1000000000000
1000000000000
1000000000000
1000000000000
1000000000000
1000000000000
1000000000000
1000000000000
1000000000000
1000000000000
1000000000000
1000000000000
1000000000000
1000000000000
1000000000000
1000000000000
1000000000000
1000000000000
1000000000000
1000000000000
1000000000000
1000000000000
1000000000000
1000000000000
1000000000000
1000000000000
1000000000000
1000000000000
1000000000000
1000000000000
1000000000000
1000000000000
1000000000000
1000000000000
1000000000000
1000000000000
1000000000000
1000000000000
1000000000000
1000000000000
1000000000000
1000000000000
1000000000000
1000000000000
1000000000000
1000000000000
1000000000000
1000000000000
1000000000000
1000000000000
1000000000000
1000000000000
1000000000000
1000000000000
1000000000000
1000000000000
1000000000000
1000000000000
1000000000000
1000000000000
1000000000000
1000000000000
1000000000000
1000000000000
1000000000000
1000000000000
1000000000000
1000000000000
1000000000000
1000000000000
1000000000000
1000000000000
1000000000000
1000000000000
1000000000000
1000000000000
1000000000000
1000000000000
1000000000000
1000000000000
1000000000000
1000000000000
1000000000000
1000000000000
1000000000000
1000000000000
1000000000000
1000000000000
1000000000000
1000000000000
1000000000000
1000000000000
1000000000000
1000000000000
1000000000000
1000000000000
1000000000000
1000000000000
1000000000000
1000000000000
1000000000000
1000000000000
1000000000000
1000000000000
1000000000000
1000000000000
1000000000000
1000000000000
1000000000000
1000000000000
1000000000000
1000000000000
1000000000000
1000000000000
1000000000000
1000000000000
1000000000000
1000000000000
1000000000000
1000000000000
1000000000000
1000000000000
1000000000000
1000000000000
1000000000000
1000000000000
1000000000000
1000000000000
1000000000000
1000000000000
1000000000000
1000000000000
1000000000000
1000000000000
1000000000000
1000000000000
1000000000000
1000000000000
1000000000000
1000000000000
1000000000000
1000000000000
1000000000000
1000000000000
1000000000000
1000000000000
1000000000000
1000000000000
1000000000000
1000000000000
1000000000000
1000000000000
1000000000000
1000000000000
1000000000000
1000000000000
1000000000000
1000000000000
1000000000000
1000000000000
1000000000000
1000000000000
1000000000000
1000000000000
1000000000000
1000000000000
1000000000000
1000000000000
1000000000000
1000000000000
1000000000000
1000000000000
1000000000000
1000000000000
1000000000000
1000000000000
1000000000000
1000000000000
1000000000000
1000000000000
1000000000000
1000000000000
1000000000000
1000000000000
1000000000000
1000000000000
1000000000000
1000000000000
1000000000000
1000000000000
1000000000000
1000000000000
1000000000000
1000000000000
1000000000000
1000000000000
1000000000000
1000000000000
1000000000000
1000000000000
1000000000000
1000000000000
1000000000000
1000000000000
1000000000000
1000000000000
1000000000000
1000000000000
1000000000000
1000000000000
1000000000000
1000000000000
1000000000000
1000000000000
1000000000000
1000000000000
1000000000000
1000000000000
1000000000000
1000000000000
1000000000000
1000000000000
1000000000000
1000000000000
1000000000000
1000000000000
1000000000000
1000000000000
1000000000000
1000000000000
1000000000000
1000000000000
1000000000000
1000000000000
1000000000000
1000000000000
1000000000000
1000000000000
1000000000000
1000000000000
1000000000000
1000000000000
1000000000000
1000000000000
1000000000000
1000000000000
1000000000000
1000000000000
1000000000000
1000000000000
1000000000000
1000000000000
1000000000000
1000000000000
1000000000000
1000000000000
1000000000000
1000000000000
1000000000000
1000000000000
1000000000000
1000000000000
1000000000000
1000000000000
1000000000000
1000000000000
1000000000000
1000000000000
1000000000000
1000000000000
1000000000000
1000000000000
1000000000000
1000000000000
1000000000000
1000000000000
1000000000000
1000000000000
1000000000000
1000000000000
1000000000000
1000000000000
1000000000000
1000000000000
1000000000000
1000000000000
1000000000000
1000000000000
1000000000000
1000000000000
1000000000000
1000000000000
1000000000000
1000000000000
1000000000000
1000000000000
1000000000000
1000000000000
1000000000000
1000000000000
1000000000000
1000000000000
1000000000000
1000000000000
1000000000000
1000000000000
1000000000000
1000000000000
1000000000000
1000000000000
1000000000000
1000000000000
1000000000000
1000000000000
1000000000000
1000000000000
1000000000000
1000000000000
1000000000000
1000000000000
1000000000000
1000000000000
1000000000000
1000000000000
1000000000000
1000000000000
1000000000000
1000000000000
1000000000000
1000000000000
1000000000000
1000000000000
1000000000000
1000000000000
1000000000000
1000000000000
1000000000000
1000000000000
1000000000000
1000000000000
1000000000000
1000000000000
1000000000000
1000000000000
1000000000000
1000000000000
1000000000000
1000000000000
1000000000000
1000000000000
1000000000000
1000000000000
1000000000000
1000000000000
1000000000000
1000000000000
1000000000000
1000000000000
1000000000000
1000000000000
1000000000000
1000000000000
1000000000000
1000000000000
1000000000000
1000000000000
1000000000000
1000000000000
1000000000000
1000000000000
1000000000000
1000000000000
1000000000000
1000000000000
1000000000000
1000000000000
1000000000000
1000000000000
1000000000000
1000000000000
1000000000000
1000000000000
1000000000000
1000000000000
1000000000000
1000000000000
1000000000000
1000000000000
1000000000000
1000000000000
1000000000000
1000000000000
1000000000000
1000000000000
1000000000000
1000000000000
1000000000000
1000000000000
1000000000000
1000000000000
1000000000000
1000000000000
1000000000000
1000000000000
1000000000000
1000000000000
1000000000000
1000000000000
1000000000000
1000000000000
1000000000000
1000000000000
1000000000000
1000000000000
1000000000000
1000000000000
1000000000000
1000000000000
1000000000000
1000000000000
1000000000000
1000000000000
1000000000000
1000000000000
1000000000000
1000000000000
1000000000000
1000000000000
1000000000000
1000000000000
1000000000000
1000000000000
1000000000000
1000000000000
1000000000000
1000000000000
1000000000000
1000000000000
1000000000000
1000000000000
1000000000000
1000000000000
1000000000000
1000000000000
1000000000000
1000000000000
1000000000000
1000000000000
1000000000000
1000000000000
1000000000000
1000000000000
1000000000000
1000000000000
1000000000000
1000000000000
1000000000000
1000000000000
1000000000000
1000000000000
1000000000000
1000000000000
1000000000000
1000000000000
1000000000000
1000000000000
1000000000000
1000000000000
1000000000000
1000000000000
1000000000000
1000000000000
1000000000000
1000000000000
1000000000000
1000000000000
1000000000000
1000000000000
1000000000000
1000000000000
1000000000000
1000000000000
1000000000000
1000000000000
1000000000000
1000000000000
1000000000000
1000000000000
1000000000000
1000000000000
1000000000000
1000000000000
1000000000000
1000000000000
1000000000000
1000000000000
1000000000000
1000000000000
1000000000000
1000000000000
1000000000000
1000000000000
1000000000000
1000000000000
1000000000000
1000000000000
1000000000000
1000000000000
1000000000000
1000000000000
1000000000000
1000000000000
1000000000000
1000000000000
1000000000000
1000000000000
1000000000000
1000000000000
1000000000000
1000000000000
1000000000000
1000000000000
1000000000000
1000000000000
1000000000000
1000000000000
1000000000000
1000000000000
1000000000000
1000000000000
1000000000000
1000000000000
1000000000000
1000000000000
1000000000000
1000000000000
1000000000000
1000000000000
1000000000000
1000000000000
1000000000000
1000000000000
1000000000000
1000000000000
1000000000000
1000000000000
1000000000000
1000000000000
1000000000000
1000000000000
1000000000000
1000000000000
1000000000000
1000000000000
1000000000000
1000000000000
1000000000000
1000000000000
1000000000000
1000000000000
1000000000000
1000000000000
1000000000000
1000000000000
1000000000000
1000000000000
1000000000000
1000000000000
1000000000000
1000000000000
1000000000000
1000000000000
1000000000000
1000000000000
1000000000000
1000000000000
1000000000000
1000000000000
1000000000000
1000000000000
1000000000000
1000000000000
1000000000000
1000000000000
1000000000000
1000000000000
1000000000000
1000000000000
1000000000000
1000000000000
1000000000000
1000000000000
1000000000000
1000000000000
1000000000000
1000000000000
1000000000000
1000000000000
1000000000000
1000000000000
1000000000000
1000000000000
1000000000000
1000000000000
1000000000000
1000000000000
1000000000000
1000000000000
1000000000000
1000000000000
1000000000000
1000000000000
1000000000000
1000000000000
1000000000000
1000000000000
1000000000000
1000000000000
1000000000000
1000000000000
1000000000000
1000000000000
1000000000000
1000000000000
1000000000000
1000000000000
1000000000000
1000000000000
1000000000000
1000000000000
1000000000000
1000000000000
1000000000000
1000000000000
1000000000000
1000000000000
1000000000000
1000000000000
1000000000000
1000000000000
1000000000000
1000000000000
1000000000000
1000000000000
1000000000000
1000000000000
1000000000000
1000000000000
1000000000000
1000000000000
1000000000000
1000000000000
1000000000000
1000000000000
1000000000000
1000000000000
1000000000000
1000000000000
1000000000000
1000000000000
1000000000000
1000000000000
1000000000000
1000000000000
1000000000000
1000000000000
1000000000000
1000000000000
1000000000000
1000000000000
1000000000000
1000000000000
1000000000000
1000000000000
1000000000000
1000000000000
1000000000000
1000000000000
1000000000000
1000000000000
1000000000000
1000000000000
1000000000000
1000000000000
1000000000000
1000000000000
1000000000000
1000000000000
1000000000000
1000000000000
1000000000000
1000000000000
1000000000000
1000000000000
1000000000000
1000000000000
1000000000000
1000000000000
1000000000000
1000000000000
1000000000000
1000000000000
1000000000000
1000000000000
1000000000000
1000000000000
1000000000000
1000000000000
1000000000000
1000000000000
1000000000000
1000000000000
1000000000000
1000000000000
1000000000000
1000000000000
1000000000000
1000000000000
1000000000000
1000000000000
1000000000000
1000000000000
1000000000000
1000000000000
1000000000000
1000000000000
1000000000000
1000000000000
1000000000000
1000000000000
1000000000000
1000000000000
1000000000000
1000000000000
1000000000000
1000000000000
1000000000000
1000000000000
1000000000000
1000000000000
1000000000000
1000000000000
1000000000000
1000000000000
1000000000000
1000000000000
1000000000000
1000000000000
1000000000000
1000000000000
1000000000000
1000000000000
1000000000000
1000000000000
1000000000000
1000000000000
1000000000000
1000000000000
1000000000000
1000000000000
1000000000000
1000000000000
1000000000000
1000000000000
1000000000000
1000000000000
1000000000000
1000000000000
1000000000000
1000000000000
1000000000000
1000000000000
1000000000000
1000000000000
1000000000000
1000000000000
1000000000000
1000000000000
1000000000000
1000000000000
1000000000000
1000000000000
1000000000000
1000000000000
1000000000000
1000000000000
1000000000000
1000000000000
1000000000000
1000000000000
1000000000000
1000000000000
1000000000000
1000000000000
1000000000000
1000000000000
1000000000000
1000000000000
1000000000000
1000000000000
1000000000000
1000000000000
1000000000000
1000000000000
1000000000000
1000000000000
1000000000000
1000000000000
1000000000000
1000000000000
1000000000000
1000000000000
1000000000000
1000000000000
1000000000000
1000000000000
1000000000000
1000000000000
1000000000000
1000000000000
1000000000000
1000000000000
1000000000000
1000000000000
1000000000000
1000000000000
1000000000000
1000000000000
1000000000000
1000000000000
1000000000000
1000000000000
1000000000000
1000000000000
1000000000000
1000000000000
1000000000000
1000000000000
1000000000000
1000000000000
1000000000000
1000000000000
1000000000000
1000000000000
1000000000000
1000000000000
1000000000000
1000000000000
1000000000000
1000000000000
1000000000000
1000000000000
1000000000000
1000000000000
1000000000000
1000000000000
1000000000000
1000000000000
1000000000000
1000000000000
1000000000000
1000000000000
1000000000000
1000000000000
1000000000000
1000000000000
1000000000000
1000000000000
1000000000000
1000000000000
1000000000000
1000000000000
1000000000000
1000000000000
1000000000000
1000000000000
1000000000000
1000000000000
1000000000000
1000000000000
1000000000000
1000000000000
1000000000000
1000000000000
1000000000000
1000000000000
1000000000000
1000000000000
1000000000000
1000000000000
1000000000000
1000000000000
1000000000000
1000000000000
1000000000000
1000000000000
1000000000000
1000000000000
1000000000000
1000000000000
1000000000000
1000000000000
1000000000000
1000000000000
1000000000000
1000000000000
1000000000000
1000000000000
1000000000000
1000000000000
1000000000000
1000000000000
1000000000000
1000000000000
1000000000000
1000000000000
1000000000000
1000000000000
1000000000000
1000000000000
1000000000000
1000000000000
1000000000000
1000000000000
1000000000000
1000000000000
1000000000000
1000000000000
1000000000000
1000000000000
1000000000000
1000000000000
1000000000000
1000000000000
1000000000000
1000000000000
1000000000000
1000000000000
1000000000000
1000000000000
1000000000000
1000000000000
1000000000000
1000000000000
1000000000000
1000000000000
1000000000000
1000000000000
1000000000000
1000000000000
1000000000000
1000000000000
1000000000000
1000000000000
1000000000000
1000000000000
1000000000000
1000000000000
1000000000000
1000000000000
1000000000000
1000000000000
1000000000000
1000000000000
1000000000000
1000000000000
1000000000000
1000000000000
1000000000000
1000000000000
1000000000000
1000000000000
1000000000000
1000000000000
1000000000000
1000000000000
1000000000000
1000000000000
1000000000000
1000000000000
1000000000000
1000000000000
1000000000000
1000000000000
1000000000000
1000000000000
1000000000000
1000000000000
1000000000000
1000000000000
1000000000000
1000000000000
1000000000000
1000000000000
1000000000000
1000000000000
1000000000000
1000000000000
1000000000000
1000000000000
1000000000000
1000000000000
1000000000000
1000000000000
1000000000000
1000000000000
1000000000000
1000000000000
1000000000000
1000000000000
1000000000000
1000000000000
1000000000000
1000000000000
1000000000000
1000000000000
1000000000000
1000000000000
1000000000000
1000000000000
1000000000000
1000000000000
1000000000000
1000000000000
1000000000000
1000000000000
1000000000000
1000000000000
1000000000000
1000000000000
1000000000000
1000000000000
1000000000000
1000000000000
1000000000000
1000000000000
1000000000000
1000000000000
1000000000000
1000000000000
1000000000000
1000000000000
1000000000000
1000000000000
1000000000000
1000000000000
1000000000000
1000000000000
1000000000000
1000000000000
1000000000000
1000000000000
1000000000000
1000000000000
1000000000000
1000000000000
1000000000000
1000000000000
1000000000000
1000000000000
1000000000000
1000000000000
1000000000000
1000000000000
1000000000000
1000000000000
1000000000000
1000000000000
1000000000000
1000000000000
1000000000000
1000000000000
1000000000000
1000000000000
1000000000000
1000000000000
1000000000000
1000000000000
1000000000000
1000000000000
1000000000000
1000000000000
1000000000000
1000000000000
1000000000000
1000000000000
1000000000000
1000000000000
1000000000000
1000000000000
1000000000000
1000000000000
1000000000000
1000000000000
1000000000000
1000000000000
1000000000000
1000000000000
1000000000000
1000000000000
1000000000000
1000000000000
1000000000000
1000000000000
1000000000000
1000000000000
1000000000000
1000000000000
1000000000000
1000000000000
1000000000000
1000000000000
1000000000000
1000000000000
1000000000000
1000000000000
1000000000000
1000000000000
1000000000000
1000000000000
1000000000000
1000000000000
1000000000000
1000000000000
1000000000000
1000000000000
1000000000000
1000000000000
1000000000000
1000000000000
1000000000000
1000000000000
1000000000000
1000000000000
1000000000000
1000000000000
1000000000000
1000000000000
1000000000000
1000000000000
1000000000000
1000000000000
1000000000000
1000000000000
1000000000000
1000000000000
1000000000000
1000000000000
1000000000000
1000000000000
1000000000000
1000000000000
1000000000000
1000000000000
1000000000000
1000000000000
1000000000000
1000000000000
1000000000000
1000000000000
1000000000000
1000000000000
1000000000000
1000000000000
1000000000000
1000000000000
1000000000000
1000000000000
1000000000000
1000000000000
1000000000000
1000000000000
1000000000000
1000000000000
1000000000000
1000000000000
1000000000000
1000000000000
1000000000000
1000000000000
1000000000000
1000000000000
1000000000000
1000000000000
1000000000000
1000000000000

