49961220580460
52093685421278
54109501596518
160103643969405
178441185402303
243682272670364
304169201471084
361274759959988
425111544744418
430199009510318
458166375955102
463587135414254
536412409510693
618621111474092
631245495741499
656695614739257
756333336107017
756714137706022
795094760604714
797786966067108
858147856472527
865522297130941
881271746975847
889968308300588
961751449784358
970263950887362
1024837534765936
1069145295615799
1069493693258629
1072324064244717
1076915376497677
1118499498922889
1157216576072889
1229742947899265
1284941016642369
1355429037830721
1492136908715085
1494658298060273
1553996804699317
1562354062751005
1635363326077387
1717830179381521
1751792607121201
1759542790557628
1760125045502711
1781584292115011
1791150254392097
1794150710339821
1861727472258513
1886530336431718
1916676547104030
1939211992905859
1970531614954924
1994719146469336
2004399788421481
2006500474770957
2069950269327015
2092447159671159
2120799244050519
2256135103583768
2375762426783161
2401295422427659
2477530349643370
2543559442813483
2561682631722628
2637427916198479
2641319160644563
2670888880801509
2704865063046939
2705252953827835
2725167919609959
2888757482863832
2900000935444192
2902107688151676
2973358411404306
2979289900807137
3055389868888677
3139143853171498
3236495289475237
3256869467465312
3257101730620050
3339832326232423
3379778465130119
3388974269840442
3483158309074186
3539538363197936
3573245067748848
3581135884619263
3585525661367035
3621468355662623
3697451775527308
3725559740631816
3792750346305754
3808695901408348
3865219787558488
3898514833614725
3922426717045118
3942796795699469
4046891018192985
4093661163417018
4134106541038377
4139477031154247
4164368235129553
4230693773579113
4286427285304715
4340046090399587
4342028859333851
4367310972975679
4373096443275306
4437107107288699
4468108156570496
4522072030657915
4554693372834547
4608525629527961
4632999538131793
4722844839667660
4761800489725893
4850895722018328
4913989660523346
5027707714918789
5032346835625009
5032689763875536
5057857355988430
5176448616032038
5196544976700652
5196576055340022
5209976968243838
5272789820248317
5278404294798587
5295792087219522
5321853917832124
5353499833190874
5366422867937783
5458789318155021
5525445386029434
5602122764439372
5685207783636171
5685834226228460
5723308564231417
5917487919873215
5934052450268945
5980828555612228
6007629019064708
6043346131823653
6059223107520195
6104443291008505
6227462767268630
6286108518319672
6305279326022579
6327331493518812
6377459785840645
6439234334305185
6469457068629630
6471425768026874
6481881780214291
6492707569034517
6514050092767978
6543184572351838
6554146199108962
6568319507094139
6597273156353550
6634636181201466
6807571010890634
6809562344873555
6892347552111261
6896014771679800
6943315626413211
6946959292865328
6949541926282988
6951556486941734
6957979026637758
6981711470850900
6982639351791060
6996544055273566
7044243725008274
7068090689349473
7074945037755444
7104703912886836
7105607587995777
7128067005507148
7157110612927653
7219744521170298
7276215815725803
7311712053536562
7405567382822982
7423314614632426
7423821937358510
7436195489321490
7553068050362608
7716587982380309
7721325874469484
7751502219553470
7770896255982844
7823145252492156
7830128497137909
7842238167959317
7913889818314516
8041562982751258
8099263214347599
8104000297381461
8175269622920276
8291987370072487
8298556445277687
8317131305028786
8388561115054304
8465277575399199
8495786237354317
8564886866834270
8612551684094946
8618405345272290
8626256240416095
8643667990779931
8706125034100020
8706166121403750
8727556686815027
8744534865026741
8757106905047833
8794081858251615
8823343797255458
8824399231907730
8840844259494189
8851301536130115
8862541920507011
8976733589387082
9095125945868092
9096036824738084
9109553182458080
9124417512189689
9126630721008879
9155928818945832
9156632061376884
9156764674366380
9172746813356385
9294382457414064
9321594228973832
9350019155386829
9396004078777583
9406812190286685
9424219492175754
9484770428476556
9548211334484723
9568025149406260
9568569716812690
9627062659907335
9630772081423452
9699074002916369
9736200062843219
9736680987524729
9741654632960853
9743441493451853
9746224681020141
9821126360392314
9870776121617911
9931875803474762
9941580374770244
10010060020308686
10034755512539276
10070162265846814
10071812755277866
10169927738732245
10196445001790945
10258304080817428
10286008587282186
10287134597324257
10331566526134585
10396607112804288
10404183562827408
10511971837060744
10629554793625426
10682819147757947
10697728549583847
10706106545386779
10775488326587199
10781521873863811
10790588716271511
10799688518297859
10869528476535396
10885233173850056
10932257164737576
10935584746327348
10941437842076636
10943882734681076
10945079740961592
11022978783827372
11038102447314572
11041024732040592
11049424957771124
11136066490801202
11136476171223936
11139958397101766
11150014965559898
11174675530952915
11214374460389539
11240574291961908
11339370675311885
11419455695114137
11421230798757905
11586729217413483
11619187437680525
11656138552959580
11722391697307798
11731243723625136
11795941961805062
11803040422694886
11810909628980098
11815635121068649
11838620837897506
11892292302923802
11920718414527688
11978714593927952
12029871280121446
12030358148599270
12041816836364406
12086985965805708
12108738168636618
12155113944821550
12170520719889421
12199828443640909
12203838899111823
12253648659674623
12265261654230815
12340398908594025
12392127835023465
12392476187574645
12410400906147192
12431479931113729
12496006136814875
12508640463891720
12512139352390500
12529522762903479
12558682004097226
12563253700801677
12573953986518221
12593308607698935
12662950377222015
12725585467967702
12741765422158352
12747906406351136
12775176318351921
12797568417178680
12840206901097358
12927113934023868
12939955908183960
12965885925633150
12966259115633806
12972864642808654
12981865980846042
13078503506928837
13079697224042982
13080050734165014
13146187474512460
13147032501377194
13165216913566408
13176162232073329
13180224518397469
13183835417000869
13268451573160162
13286034578691968
13286540529625258
13297614858484164
13328759977862778
13335978591741085
13336695675012894
13340968076782308
13481135249757413
13490708161603589
13554200520856459
13568519291877209
13571689836489413
13575594417212731
13631121461913335
13685604891248707
13689552689376235
13706611792794760
13711967403659976
13742240055108600
13786539452591007
13817211378699899
13832917246609339
13862884612163243
13868978116164335
13872683173212741
13925475265506759
13955656365124256
13984442944415365
14005921441730833
14012937870213169
14019780265656547
14107731419700548
14138930544322490
14157470654718780
14200009259028301
14313744413730828
14351697103762275
14378909051085675
14414847729620534
14416433028677720
14441492321725542
14479852697465103
14482545284263028
14674033930245527
14705003600494601
14705673992383649
14709482156421039
14777311753114353
14802371682283536
14852527228269023
14861002989915884
14890136154895329
14904783419727535
14953829415396302
14954388086096682
15100712857411949
15104543394447188
15197947946890369
15217320903994416
15248001877399697
15270314772324283
15321865687130102
15455584388632592
15551736615507406
15591971496514209
15597716369287485
15604537294435880
15609543291708728
15622020445041232
15661775312843526
15692060399785620
15695491586203427
15698814159334856
15752293338544379
15752493891767197
15773651188866589
15779220165739169
15845134825897703
15851851320264419
15857378800026776
15928272999794201
15939224202129170
15957943368422065
15959985920350488
16010205775293188
16011130724320058
16046747060323527
16098789364813229
16144740188997120
16161732117878480
16186557043449312
16218615051701622
16230794418054362
16232427054370887
16270974388439552
16304955680978894
16332059436191196
16332663945215210
16362932434966132
16367872442530372
16369072504112607
16477941272542025
16555172202763506
16615045237189311
16616212327490433
16617681830803403
16744516424337535
16781558477115866
16846793538562306
16864587179879383
16947345250964592
16961612684730102
17012502759514294
17013738016848330
17061037739891914
17131986371610434
17198801082705957
17275343104058900
17280587859860301
17409756166766112
17468236907766557
17514186561027248
17545663209095272
17559948726291026
17569576774993804
17674227495608326
17677022769651166
17773012451272527
17869338772097875
17869345474593906
17903423985352980
18079420849991335
18089294024495304
18126965330425689
18186436281744267
18274318076797385
18280369154067662
18294525916199327
18308169168482319
18308825902792068
18356704853962113
18359092444612785
18409067017158642
18424659075107152
18435144771882888
18447485787346290
18467326173560014
18479572615084294
18501816294852590
18508022384483022
18543787527034878
18594931168786452
18596941198566032
18622561666783072
18625977494298728
18678018486569333
18692323483305676
18726502632715215
18737692634662990
18747734102831265
18762205796936667
18821451494241661
18852666196417708
19026557773656912
19034272227792072
19045425951627365
19045746457429543
19064716198466300
19155283993350060
19163552738430420
19273093549074894
19332348545342807
19371437653333126
19477302855299762
19486611992424699
19526677626913492
19561771756917022
19602309662700262
19603071290596600
19681839745006388
19706413115515029
19711000235968229
19758277967558314
19780628370755485
19838290568832290
20002277594943018
20071984100151877
20105900361842532
20139883752552751
20223311330617986
20228293516968756
20263755052843253
20291603583067174
20321558208409965
20321660375497625
20329555802116529
20346226011879071
20428334607553675
20465212333898500
20531548068739646
20552435564156774
20640098930205087
20645931445060241
20648448354246617
20693345060286220
20694847167457519
20729829785496758
20801312302650274
20909943287979994
21012360386075282
21047447423062113
21063232870378295
21148969197618319
21255882481622109
21322712884451409
21323125239983548
21400467668128574
21407743056645124
21417927474891917
21444186536787179
21453735576897515
21462237048195618
21644821840847830
21776545978526430
21838940514635208
22006979064524255
22016616513379743
22235635171850563
22248466553050260
22253827122023084
22267993542161264
22302274739164371
22356715649832820
22365252782032528
22542159919781841
22544437210610535
22575791631652136
22644197645935266
22685382167271825
22701124495995187
22702425800668949
22708612040518230
22828462150229957
22859607545737283
22896717658004735
22944019728488057
23005237114023598
23017126896199262
23037083064331378
23061786529246212
23090533165091551
23090612099727145
23090796790125271
23218818666097456
23236940555940816
23295275682109639
23300344446315397
23303146045156771
23303277482422696
23332551388610861
23371654919744848
23434439268947151
23482766510569988
23555835999854698
23559239551853596
23658645473948699
23664684913101150
23740446901416630
23741700627360630
23751560398855888
23775694841926342
23842478796623423
23845189378410323
23873579013783875
23895296536172307
23965631434822535
23976456899178956
23993670220858859
23996957586764630
24001351766523104
24015075266715599
24051949797783179
24055620648520637
24082107854002098
24082969885180451
24094736284426136
24102402177015611
24173443829205054
24196054021575779
24216170389463367
24279568987047927
24290111008999567
24291050613211497
24293546629775420
24352231053074379
24365334924746051
24394621756540824
24400022403700935
24413931703396409
24517120919090824
24522752969480811
24548927772550053
24561095855428233
24665754301395026
24706795716500073
24721920988826743
24772595995482408
24776302711212808
24819035126792415
24863722637238622
24884204211018256
24924375964836732
24924556931036818
25283002363874048
25284029524985170
25310731688715290
25422581805910926
25438212349174041
25491557942048955
25491669723931135
25562415347173194
25641419901380309
25667593530166469
25672364624903237
25676777222741065
25702763847855436
25713134595687805
25779325146865324
25794060801157260
25899726910610215
25974186342792199
26038801785854760
26039381198195748
26063261860868054
26080450166347425
26134045010670420
26319897402153163
26341934371099619
26383367788668799
26412277068859289
26413644075403731
26415842362176501
26424337693262976
26554505673543731
26590092234405206
26843671080304776
26961987890812636
27014344458987513
27066237934353996
27101943234841622
27191940306332735
27209027838030734
27244799981574309
27293950536411647
27417404343927943
27453048814033534
27479854712386087
27535861530311363
27560641457671463
27608955312328043
27627258821966017
27657376723238149
27691076426840141
27722933737213799
27723829718930165
27733323658238883
27850559207829999
27976912441802373
28031051772616061
28219420053922468
28225863743083972
28228563687173973
28275037960574576
28538424832983795
28549694453166512
28581079050723524
28628160642275069
28688924988987600
28753145541663879
28815181268528540
28844187762195032
28865606981293695
28869857310024990
28959850189147705
28961669830804224
28989803355828655
29007708160663363
29035735428949762
29105047173181054
29159957303645561
29166494646396257
29235513781066469
29241636863162525
29254947907892982
29273499338301402
29274928634065410
29311729413314515
29322635160996241
29376155559110629
29378045131420949
29416333726686862
29426503850763062
29530086730818808
29548419776352016
29603269038191806
29626207792481901
29626222006796771
29630689514251091
29719922928628215
29728181722842197
29770993035817594
29813222648393040
29858710580738316
29891670972666702
29897883449305897
29921112799129472
30088959583018991
30101098953916004
30161793085234353
30164609456605447
30190371745456594
30222699044484604
30327435479265773
30408285036724371
30510297309719067
30536028039692905
30542431076100211
30542605741861217
30566180274053683
30574214728915445
30585115699454575
30629553245870005
30644176554427766
30667773309187981
30667889345598436
30725695339433190
30803474578351831
30837513323299591
30837576480588896
30838257935468848
30925695629064006
30927621609366606
30954962479432715
30978090200498203
31026657070920780
31060488926799172
31083373764846321
31090146898064901
31090277984775690
31138866648929102
31150869893140350
31168169650377086
31209203346559391
31227752693541359
31245813641211215
31310075313059204
31350366596837642
31410732705626926
31418454403577254
31465857841726695
31493512275295054
31532252674148054
31571801339935283
31581101238581351
31607625535152132
31609371275919930
31662503184571542
31682854859732667
31757081138251011
31758069102563102
31829298686543974
31833311226345296
31845161302522806
31935854665832099
31940569169087135
31942232629785830
31961445118434944
31964135246515152
31969034033829362
31994273748573242
31994899531386470
31995486680532398
32006931527714036
32009415882580178
32018560835230526
32020879243043506
32062650998632031
32100406992072921
32153619724318869
32174975127827728
32247884284845160
32247980726634019
32275052509028662
32298268354467175
32299143551583020
32390679943789638
32619599859505305
32626548530729177
32683377885547050
32685762350567266
32687293399756585
32696319218496832
32717528573883080
32809792950087516
32857567708200244
32880663852215659
32907029970963834
32930405653129434
32998906458589823
33033808532316250
33115469244009281
33124148561930477
33192808717680471
33273741082178922
33337672689249350
33342386982552938
33435133133092688
33436219065291858
33458308156269861
33500586627001875
33516099208293607
33549544899259295
33643706161414006
33721131473074571
33729688414539536
33743408460569831
33788214107364341
33864220939755065
33902443665721625
33928375365892283
33963669092303416
33965032228105039
34044249552883218
34053202871270406
34064299773079531
34182120084504035
34199152345074849
34234878199692594
34237327861531955
34250729360484930
34257983062281570
34378628585519062
34428875769561283
34445033900501507
34649320537353925
34649638130036735
34650015638278755
34714069921568381
34733912255723934
34785998930184412
34810852666397041
34830143684576825
34849198184490051
34961131498101107
35016392384893207
35043897555649776
35058936157758566
35082244116818440
35089539201972130
35115411138731514
35133742311953394
35156142563088851
35176466498533741
35205474351310705
35209013836009493
35270714750949578
35320072668082379
35373018776458687
35401011348218580
35424929001712764
35517777023933424
35544565647740852
35575890268262260
35586664290549244
35596760686406128
35615148629971928
35630270449302932
35644220219171727
35647060698143701
35670084416966761
35712435412871463
35721130569559809
35729769273688448
35822134561433206
35884476842801390
35924734661465929
35935293118053577
35950626224318590
35983921100308562
35989619262820516
35997778130546932
35999707236046177
36005741304164316
36013112983689756
36025687519118652
36074179047497298
36112793575736384
36140964099788178
36172615690479114
36296620424930255
36298794411332312
36347731540909351
36389451117240567
36394867401425543
36429828554395466
36443671126517285
36457995161969434
36543813729597285
36619540841106592
36666313324982042
36667900897681218
36669056318569257
36788262824739156
36849466647707986
36884865332097009
36971822575213027
36972278225810047
37015185068489148
37036412313009536
37100457598758553
37100493557290813
37101358870532098
37156762605060696
37215492718143430
37240669249616842
37303027714544903
37312457351047945
37439117420317697
37530844431417730
37539933741436620
37601005712659089
37661070718941465
37664192578975225
37725849067070778
37781009706388846
37813056338620750
37815240004875076
37818747999542089
37859243245710505
37879959548919084
37956843456863062
38106799724034782
38119496497047706
38172564313478032
38244461682991295
38246428125259769
38249086688366787
38322500877684298
38331159140329262
38334531522328724
38349145178424968
38364266909290687
38367578973388069
38409061776996107
38413160515001868
38482024535037490
38493274975068176
38494275786289916
38494461993953026
38497878738640754
38517186189148209
38517987931459657
38519989263096412
38522735373272908
38523401482567174
38548971243692437
38596338025951583
38618757322626098
38654145356036903
38689201494432937
38695110670614637
38751176298011647
38756176590211765
38764371053117942
38784348403500050
38827126166391474
38830234053948259
38846521167516439
38946174035657561
38949879677395033
38965500361726633
39004675111697809
39064068557090937
39203644777544912
39204407494081494
39205581190936804
39214944349607520
39219909956019392
39309253275076539
39325450351622071
39326081438460931
39428811961216566
39483700756383162
39582932776233631
39613679337870907
39811497327144441
39812519573791837
39897733331469761
39912421241638721
39958860535424897
39959026818862162
39959174796494766
39959288191130666
40025847090963239
40045028070142806
40066702514946951
40071651605772873
40097118053515345
40139598159498141
40150733899374112
40284252435258154
40341534799567126
40344323592299466
40345548160047948
40453514493850744
40494515460643457
40501233822697172
40535732562121872
40576060469699869
40659680720371864
40717770100225373
40761154145196284
40802129283796610
40823764790909340
40899025417415787
40904097663600491
40909482190649245
40968044040830029
41050374541999698
41111701606050647
41135565802577537
41165973985408623
41166854351404676
41169597203478502
41298942697601486
41328613997318175
41374833991550419
41481966282236737
41489713975554321
41535630130442031
41569299482279647
41633796605355142
41687290846407087
41753642711262565
41772829580732410
41810650342788269
41914664844328028
41947730810535112
41985229122024604
41993041359789004
42023361189530464
42030358837320952
42045135835036947
42107507652559719
42279280186968397
42288805372334792
42308382866949368
42344516238962129
42361760175452965
42405996604720604
42424321655609643
42437074397626911
42480956009332661
42637790820397104
42695541928728889
42724865983989994
42773750487095131
42788385205627965
42801055184043250
42805946190556366
42836922435845867
42889165056987276
42977015873736147
42985958712977876
43048943976461122
43131037249471095
43242522645559235
43263369819199991
43268588073970148
43301684540076383
43312045600018931
43312143257953551
43339347812746472
43339350973566896
43343290230030272
43367559141231089
43380518352429287
43418572307351425
43429347161202839
43511258407213102
43537280307477797
43579804697773387
43597730643038989
43724476975651842
43749573762669042
43775872132177998
43776938031494879
43791622854243119
43854308282987727
43894373340846171
43916139685454052
43918309922124234
43962306866535422
44044372128177821
44144360945258951
44191039321575685
44207082933581152
44233739827327941
44318848536527616
44333483408501536
44335730173708503
44407719353437301
44447300913006737
44469747401204222
44470209673059392
44547020753923433
44552946880342734
44589660022975019
44684541152971423
44803241624520181
44864050031231761
44954361127854245
44955263606244401
45039417260061450
45071529852862931
45099266554926995
45123882902157159
45128477595365901
45150084641321821
45193972491896945
45198257263140698
45202558466203289
45223752338456274
45271279181287848
45329445582448810
45386440070687290
45397351004231720
45403509110594565
45404674747526544
45410015104354119
45415812212235669
45507284238721788
45511973484608252
45518087470118668
45531045256224376
45582698862832200
45655938993762664
45738606183651127
45820193016514675
45836537847635739
45897846108829697
45951601414128831
45961884509247499
45999939742614476
46077632995929638
46082319468069851
46113632842564085
46126187623827765
46153325941366691
46161493472490955
46273034536259549
46295024397226210
46360668355509888
46471666277293572
46490523648705438
46496823610966695
46503834305045229
46510914890152029
46575887143043167
46593662359827407
46641896346459364
46660353578294312
46670103953529603
46674874296947391
46676503995111537
46700897392173311
46757306725173506
46795143147803914
46797321431681359
46804286928814759
46825824761902429
46830506994778204
46840798495511454
46879530390937658
46895519812676301
46939332611457889
46942576449968830
46954605009425732
46990736211881710
47000372814396970
47001624467622338
47105332101977393
47257412687148950
47266971498449319
47269275637912224
47282189439776392
47282846901928402
47296218273970618
47331080882600328
47338492392576756
47364364736835006
47412769474625048
47429333603790542
47441634991592040
47524755829044926
47546842240714400
47549346809148320
47613143607163026
47678187424307115
47744233984741063
47771914497662346
47781366999149859
47797542701393281
47804641702892689
47837090796756685
47841137726996205
47846678983814093
47867500129331649
47868609132602981
47883199277862246
47900655151389343
47983063813286674
48017808575997035
48096407731402337
48104717093162225
48114243281540753
48116630061296828
48138047129618806
48150427374741962
48308739726945352
48309023757297726
48317373247799076
48332478597133137
48390868709844256
48464971722019348
48543080175955944
48567615678580584
48627671210197148
48652710628682489
48671201147036421
48707597501274738
48724357586318907
48797345876121859
48818015833646251
48818466441267687
48829942822118746
48841397270285186
48983547466629824
49039236071879351
49055139084182141
49064302072957853
49147426194268381
49160817669201865
49238530513004242
49274286212284582
49280264106241068
49292333897782644
49300984311068313
49326446526527853
49354957555918169
49476369058885065
49476541986564459
49568646283563231
49613860031522683
49614663590827955
49640752432090019
49692236267115976
49694248940095226
49719714446346733
49781946186865004
49797113259963216
49817818832155696
49832551840045666
49864832594936904
50148413387380624
50174952763095634
50250816203149592
50425334305025999
50425475468874339
50460852028770975
50565613517060287
50592118796329892
50683601650418684
50686749098780453
50708766348319178
50751620366368894
50754602534027914
50769968733173857
50778463167826081
50829597014538763
50869024952446198
50888866240001613
50919732268516725
51070817030098813
51089036846303432
51174908827321712
51192598628650431
51294812756126275
51330707213939883
51374562237036487
51374657640069223
51374720876839015
51390093078056003
51394201181361926
51397343281070978
51398130680925197
51426141287052483
51433036886197887
51466455141944627
51469858738501040
51474027570745666
51610530609868025
51638232531773039
51701000653785606
51968938322150487
51991182073203465
51991616946192015
51996434869626955
52190973932345284
52192096811428124
52209881866916219
52217786161585879
52265885168907063
52305118926418478
52375352876876714
52462396544728631
52466908420479046
52475956267619226
52621445787189830
52649034204669803
52699188457801773
52806148574614811
52877384664794696
52926823394417624
52943379863241757
52978538896494569
53036658895922495
53090766470134489
53131870536433404
53167057097513459
53229476548696314
53279975315653875
53298778570061675
53313596355222113
53337640800121025
53357928638568659
53433256886762389
53448521635607053
53484222305158921
53522614132790995
53551256932393291
53592314207556737
53744868906963990
53747186874437350
53776280133673778
53812177929090660
53888025581244954
53902827868176672
53973348763379953
54010940800134458
54107775845940454
54108287385990118
54111004690615618
54113474949054563
54152533523992541
54185730868541953
54208369433871897
54307140972336007
54309694029154750
54377186665246149
54569876010584129
54616488366828420
54685140290332436
54716705328618509
54770673349530942
54796439508871080
54841785812177817
54860003655551149
54867980372152962
54868215509729661
54868680319886805
54874309223082553
54888952326832974
54893860945685627
54908613068160479
54963756470404084
55009979873995083
55019507358824978
55033399804880442
55037470181021538
55057834871355438
55087624923152158
55133863235244941
55151980711802475
55157150397403968
55169470547889762
55194703273439767
55202551710329207
55249421783782867
55280087158931978
55309545718302972
55316937979123460
55339465475897732
55358094527577118
55358401427508259
55384124864832229
55458667067840322
55473494196186899
55485900892954141
55551416680607821
55561531975961025
55591567922386305
55612349753690317
55642189837387841
55644687835513390
55667102444864342
55669891870219496
55675781056457096
55684692330351680
55728801155822753
55843579218353681
55846100174293649
55884458364823643
55906908881490509
55921888387438739
55959775533660179
55962714031767269
55999357357377012
56000202293427800
56010538341673472
56019966639700934
56058149786688763
56094382157767477
56097086551592159
56122794106173795
56122993346011275
56123585363842911
56269615883882859
56378535242758933
56471408239476936
56473728060561400
56521576266588338
56530299203544356
56572738531215486
56579309795536965
56599044575351948
56608189655011965
56638518771840016
56680413279141271
56686723003501417
56753020753881458
56774097355734353
56902153076934809
56929996691698682
56934919760079314
56974684164799464
56975959659489568
57064417938184972
57140786347328503
57173878038026059
57200036876946292
57207615265409632
57239177894287009
57310420631677631
57365110872750910
57367220049430821
57411970015197407
57443231930045104
57509254475197959
57548676453174028
57555272075764477
57588499249022917
57590051454010945
57598251571811294
57675146757072003
57732835595670374
57733232802943206
57774698252822394
57799036531405088
57811856323075064
57949752792092928
58002585097561335
58010187620331550
58027832062720415
58072494333759538
58106642602475637
58106683015072254
58192266300300952
58228784920841499
58257645059433540
58307443126107100
58318834243455256
58319277031976256
58357264271419988
58392601904180403
58410273820331080
58440511111203853
58454247021996333
58474447878897662
58476952954667024
58504059636227142
58505550523988694
58524813659984226
58582904360455168
58603495221771275
58694661725146688
58749957455896199
58750142741920449
58795796496255097
58803436612310604
58837108739366367
58909314069470799
58910531907072615
58911714673002603
58972386904699218
59021780121984942
59044179719894670
59095700992247283
59112828886612953
59113180555698501
59145903535227665
59169004764263658
59188778181531920
59376901178021272
59415547858047332
59432741646316221
59447992806273015
59474641625095426
59633982200125483
59662315270413911
59662465830111579
59757652302767956
59859574974118106
59973619735046995
59991314593705570
59991664487008336
60035496351389056
60126278670843639
60206489983016020
60214050797619355
60215162275887805
60240630188493762
60281263489072895
60427196268987006
60500668453226346
60508580136005416
60557045706647806
60563589326670747
60568667697924045
60575284947731233
60656450011738823
60673481334347799
60747514975578898
60793163726750743
60853709118775683
60873830969370107
60945410001690302
61155692269362343
61160031898373407
61281822793915424
61294239832110156
61307459588212895
61319080437106597
61378738898046437
61384089563411171
61408799429435027
61413392271928783
61462149120179335
61475891393144013
61503946946590212
61518323669306630
61523295344515121
61633629118238392
61669182507675010
61713503503472085
61766974843758219
61954440493606232
61970515029032594
61977023607641618
61979183471030886
61989672101459677
61994794469274475
62081844921807504
62087511726268164
62089933101934778
62167160800165469
62192040967099073
62239486772263923
62250752815492280
62296606253130812
62298768032041978
62371364342311388
62425536763193464
62437400463663643
62446265833203265
62463199741679929
62475798192820360
62488884261053495
62538333539482208
62544603210941056
62603306848941071
62605984079457677
62675936249828087
62684667016308963
62693041714739719
62745267645683598
62791379277842426
62805887155532062
62826301805391712
62835192529661707
62840117051300368
62884003352425527
62909784785731317
63000703356516190
63180058729657127
63302061834264482
63312520974537275
63331903542064430
63380476621220314
63396234934359307
63513935715742202
63519125940083041
63560854293186113
63657711193189835
63772603332239345
63777488264914675
63795981934787537
63802963922294594
63875615901400323
63875762196761460
63964253934417307
64000004620023785
64009457372663885
64021285783599239
64196637916586878
64212285088369064
64270936482489200
64291097688785340
64292351197969938
64306484821010127
64306955028329751
64310573857245226
64339145902501151
64347194491148575
64398131409627089
64406048055142753
64407060749786865
64495679733542087
64534885548330887
64573288279246193
64738049758632890
64739272185861146
64758975577781118
64759951670306934
64787899195097547
64789550474100459
64802837840238696
64834343296920149
64834574375136623
64854058664676332
64856388215491952
64915231489888558
64947599903863115
65007258224627925
65159151836837403
65165106436484052
65210711223450293
65253223016880464
65442917780261115
65448258784467815
65503466302599976
65596257227050543
65620127395826013
65664772693287296
65734654906608103
65739202487840286
65746246839531535
65824449041736806
65827224885229016
65971574483293391
66001747904392143
66024704101616845
66041625177414306
66114522077202194
66134534256611290
66171664667366669
66193456263651387
66202634363467093
66204870055295179
66217890884779291
66343460137499528
66357355906021720
66373831994416081
66409407477073994
66495946065837604
66579976676784210
66590392404047004
66663022146904371
66689759913909481
66703717354216366
66786770990461800
66790073780906036
66817570127021024
66848843711886008
66850014400237397
66852418997820502
66976538250265287
66977327318042421
67057538897916123
67066624204228783
67067356399504372
67174857114632642
67193029923267812
67195698816926562
67311332967903902
67350412207266360
67405258147091739
67412612097942996
67414522897775180
67442145091988350
67460579464850936
67513588503008908
67529562790344446
67535853474568231
67542536555767918
67543070916178423
67544031255479241
67635067733621053
67701481554699690
67701983080090410
67743415496006039
67846491875533626
67928360883457804
67982788667218017
68094685409270227
68105876985114077
68110760091085546
68143374054072438
68155083261929554
68196120010782286
68221402911928912
68356895554932569
68362595835908074
68386704721129908
68399797668108328
68400440370461250
68483615397892449
68486974920656445
68497542070919515
68528649997246856
68532739544270975
68532944215791448
68535307676763924
68561636522814621
68571963334887945
68596731620594041
68625738707956502
68631935451021227
68640591158640641
68694767664353354
68710854216785508
68719593154352918
68746873349911314
68801358409272232
68802204175185927
68821732094780663
68853779941646498
68896654596831882
68899983693022362
69020795378134096
69024879539742909
69079667994917365
69161051935299927
69161345908129803
69213128894277545
69257763898672216
69274524808492095
69275813413579761
69278726603047977
69331648975349864
69394884280750900
69424261339881644
69443947332890406
69475130219539092
69509789540420762
69516271983934595
69604424280710637
69606479320670437
69618933027947857
69640344526700923
69815182579608369
69916724240439619
69927887439261134
69961876453640648
69992088158671971
70028261144774295
70061865635739757
70062040413885293
70142587698257370
70160205949520514
70193072754107872
70207348916013327
70229168654589004
70319174597998118
70319395636846508
70536223433014681
70545961721199602
70685842549229842
70756693173006844
70874254394865597
70966902843594529
70984995881278435
70985325471285253
71012553938503126
71065092673401484
71118919661096118
71209708836398328
71211925489084693
71259311500604153
71283349728983303
71290306658556137
71313021949901052
71317256428119052
71329287310918118
71446988113090847
71473304099839032
71499520508249844
71558313716897612
71572045852127726
71580531363328169
71593478377844143
71594603188226042
71735041064276211
71737494659655019
71906514667862946
71913973563009426
72001340257322844
72056412471689262
72069823913155851
72142993188749021
72145370542682501
72212674548987265
72214550884033015
72325706936622910
72357731454357607
72381111357598515
72384037705519805
72453978628455135
72502977009848676
72503323338029804
72514549177346236
72563276917463286
72639918693182730
72668214482402995
72822193122631259
72865109488242609
72880481106999935
72935029427777167
73019399677365124
73090836693475325
73127230192293236
73141658225194987
73187384515768972
73222580760469435
73256791389892569
73261549556557738
73270876140966787
73299741562055479
73302666779447098
73317521658569491
73394358710833752
73439535399999745
73476359844753403
73496947042376144
73517631878340566
73518232528763326
73535258194023238
73567930744768911
73636980199218278
73642042341934028
73645027423809628
73732631742052581
73784515258959178
73789455057451834
73892106128725663
73937968140213938
73948476414716318
73949306332840391
74012765627254016
74033824990525565
74141270327637517
74159976287625413
74164014814019821
74197090438511048
74231217926698785
74251388229532208
74280892663915277
74297794610182870
74400093224185230
74484288190619555
74504244038780419
74591700728631631
74636055808831169
74663826898788474
74725096284072880
74742634883182044
74816227237806681
74862636192929841
75013096491235440
75124997957407801
75134412891691619
75135546166660557
75187634541727164
75199532212234617
75216347931869754
75247000653946780
75253975980577470
75269274699498208
75477021648887742
75498676443987637
75511757330406683
75546666731132423
75625866779948911
75633327960394341
75686769470170409
75718835858768108
75780159624701616
75889216192184209
75923365126253959
75944321813647789
75951532503141057
75975227726482497
75996716382115887
76109155162780528
76143917456870253
76146414463945156
76155740288998184
76176339298771750
76246160669860007
76256492382701197
76271687289426189
76297432384088879
76310543369771891
76346247954108351
76423560797029628
76424080322616773
76433550044638343
76544071237722370
76559000261648418
76698515564905509
76933333398947667
76991468647093190
77000906642259675
77030289331784895
77030874356015235
77031257754519332
77059290497535813
77085944949044298
77093514892775674
77098279887742490
77131965376946062
77194744332176826
77201868942066672
77232731458864842
77277957789442061
77296987125041573
77345734799545914
77384200598385594
77393761211458511
77426658695715777
77432910868917402
77435180928403410
77464670030179777
77490819486279079
77495443460641447
77533668485955239
77551350275542007
77556984613190539
77557822093502782
77585481169258659
77622787918611139
77632818012385609
77738797035893431
77744648558414968
77749037062648216
77776755147745256
77809829576465000
77946933345174283
77990497932014430
78058437826186554
78128199183797571
78152220254503079
78171693803036258
78171701492042324
78172359234161084
78206419154799497
78252618775981583
78283580758672993
78298886388718455
78308374702792728
78348058288075869
78414644753840415
78471667763667029
78528779506151301
78532447497332203
78618338522111482
78618545662806778
78622198265172066
78726987584564239
78745498361042455
78826891476300915
78841150082273105
78843981214814264
78924850347916773
78935490717382891
78942552611573803
78959013536750640
79100070319349441
79159657210957915
79177019759899811
79244476409784413
79251895076171773
79310140656715579
79310556172459489
79310868583499219
79311467582940973
79334994097051685
79364583749467588
79480262274861184
79571732998180663
79593822472133346
79596775880194554
79607301352556722
79643051547991078
79731607210485455
79781014830307136
79861110764932865
79949766479945248
79997293848918180
80010705689671336
80070662732338046
80150221036981582
80207857657394757
80217265345606137
80319564163196046
80377205760615490
80413185046869567
80467781853653499
80490200038922793
80580423537002389
80611168453851722
80619647129893452
80705144731604383
80735417423450847
80758407566802502
80780768051962396
80799574622581804
80817190937249651
80847051467591219
80879576476585676
80917980415845921
81029918504292202
81034878746979841
81080495671542618
81116907053351672
81124845947835990
81191224884987533
81210216944290295
81218459935463425
81278963312168236
81334783483688181
81377690262017627
81416257686696843
81422810803098983
81444163281153071
81450518723357781
81535817843321319
81537779307690519
81557565773125387
81584136691166101
81625040855696864
81691020010637168
81694803696776288
81703821310738375
81756361984318053
81790383353489918
81800365928207771
81908420697777110
81917333093141424
81949369193049958
82028689922686426
82157481749454797
82159542256031578
82411991882761480
82487887340317640
82526831585780663
82574940722882148
82590157577275569
82613574419338165
82622654916000426
82666210733998344
82707383244418906
82711921090508300
82718937850996334
82728261978291945
82730094758856955
82761841757274252
82891573045643426
82922376492151725
82928642203796551
82942265385540151
83085286959476819
83178455936133332
83184353543834696
83197752781085671
83255307846693358
83267290444529707
83268516885134497
83306896329539491
83336701328736985
83361549462738129
83370151649412990
83377564032191805
83464826673877575
83510227144375640
83513979926216430
83514780707410590
83553988228789378
83560627960361196
83596404702419751
83616121687738881
83679126035499002
83705958228072852
83711177776118872
83753456865480652
83822571553664523
83830298785531383
83849157701001895
83912312141624517
83928439983313020
83989796738629578
84064176420417327
84064743316345471
84091778250288532
84109734267189427
84127602955807647
84132086355577247
84144790394477213
84148622440689677
84279517559500654
84285861310525342
84386891602453536
84419569391812952
84430723233252176
84458217545636089
84564842846643902
84679406006346931
84720482445843296
84724915581512678
84749828033320358
84751999122319607
84822264959280185
84850453888009269
84958865896740849
84978069057957203
85040626092041399
85075956706434007
85198449549596604
85250976701885376
85251180595479522
85279309177122876
85294985175923948
85346741601679654
85406293396425520
85430689082975730
85492978409194342
85534366145474746
85628488582530656
85630712830123652
85665878123489420
85708983585731059
85712668827137724
85834917641785864
85876503949040650
85930017636029901
85949217508678976
85955711093074224
86001141331317507
86061540295274242
86070936497193382
86106040837060569
86336650278557344
86379122055473684
86480799484511204
86487225344386928
86505172068224793
86514257309693543
86543549868735607
86567652610273833
86649239607928417
86712025668211940
86759716763312100
86781591985874627
86799996697388831
86801470713227211
86813943054515540
86929857143951112
86935543881225750
86959173092520646
86987393291091927
86988990058973223
86994914532897988
86997683142303100
87028359736927098
87029167975200922
87092588657536918
87160527148905499
87226787885279353
87226800931736985
87408420447077834
87474904352602094
87476641372161382
87546416897415041
87559936748732394
87563067934957756
87564894393065176
87622522324387092
87628894701351972
87648405460781762
87648478452793988
87728714095465556
87729632354957026
87771778653655576
87772081129041880
87917143422304125
87940317445753093
87966917691486402
88044964424640769
88084858427410011
88091306332145236
88120529837685167
88124345355313551
88201238815270325
88202271469702811
88204097434583993
88208284324657375
88237422697763344
88247853034928848
88302862114672103
88343750128778423
88364260588702516
88419225922393866
88436247848008856
88440502675433786
88457646737195558
88562274841978837
88581240269477121
88611688147856286
88749106459759546
88753288514166280
88778689315830962
88788546030954153
88797179715091746
88800304347338575
88826343142250852
88837432824417680
88849434919843160
88850764596332177
88869908579187208
88871007830260894
88887545632800834
88916045739532678
88916052717270354
88950110940482506
88985416031509915
89034763041950230
89067300624591840
89155822751247832
89224014867020718
89253494670726948
89310615368771982
89321781424187438
89322651353871380
89325954740855730
89359065054682075
89372388839829553
89374827826767991
89408374753249169
89481156779267770
89534048756244319
89606465187979108
89632678520988830
89634779061830622
89639544646382756
89655359081533781
89683908790439453
89687704611510828
89727482868788216
89757872818983748
89778542913048888
89813115380169288
89913435351296045
89914170377817005
89941676705777628
89946448707843998
89946512546290898
89951668253471066
89984578246005182
90069466254879061
90162229060258431
90240563685024122
90295837280402974
90315014398116722
90342742240026236
90407827415503950
90424359932731287
90560063356251542
90600783062676068
90610219958249172
90618358627760010
90636419926650293
90691343636071139
90738978665011539
90739975856092685
90826214665919961
90850910090364385
90894341464639033
90896110427316138
90937848506546569
91028850868985329
91068186178105109
91153058279896607
91231705838339803
91233727020860709
91240743071260914
91268321127215194
91282675353376726
91289822059552706
91293307933453181
91350477140294443
91390217432673453
91392099819632125
91458300104347932
91558940616369796
91634311658154369
91650981892434263
91664936198820674
91731849320592634
91737567724950534
91749499218109177
91757150008377255
91761004844198195
91900610370049708
91902289382281798
91941529972704174
92138351541884549
92177643999361853
92204168484685725
92204761845621607
92205556090337689
92211923936450989
92212816075270515
92384451545053503
92396293383044983
92468540257596254
92595233522538672
92603035633276036
92649096507288968
92677480984076831
92678602280665271
92685077990178933
92705706234024261
92725594803377493
92748486435426843
92748744489440582
92788498681361002
92804329563053122
92807128475736647
92810676242071523
92826650724695477
92857196757108898
92859917488857654
92860797968676218
92861182260804396
92872452713000740
92913572943271080
93012352686543871
93057846162602786
93143717376307025
93172296618278991
93365507285567630
93394951020266102
93424402977344178
93445077311145672
93448322348154004
93448877897575954
93467212961801952
93558267745912322
93586223130210527
93589080726790057
93639211339740919
93650475728070234
93672984758681139
93732987690821551
93791324283920378
93803368858511318
93849877685585622
93902521828242812
93924494017941568
94015050051973567
94073420867397823
94075757344979415
94077646467913815
94081433231129769
94171974903574507
94221114132066667
94246737652755433
94304907636559501
94321357347646276
94357361710367437
94384679667196239
94411030892237586
94429679041746726
94450916837312995
94501146340384403
94510516996983914
94513008559428476
94598615624754354
94656423161085381
94656443647485425
94674119222235751
94674950616329287
94726834461053931
94727365179122406

