50045602722549
50070676135272
95548917593445
142588164456399
186908550772558
198224667094343
199218152900875
442003335043072
454140577071722
576368236969104
651094974109973
706481593746384
755016337939175
768128710039275
772115386065040
772178011411458
853209406186071
868683105467247
871361529634407
876109143506279
925945220881291
950008252647780
1019529404963833
1060791651256417
1064352022194692
1069923355803109
1071050103651115
1099582749631954
1204906534271509
1212549213967069
1245188823480915
1326117453717453
1373020739176567
1373600370235842
1380534763465521
1409055442126415
1491277105372090
1500729183400087
1512503959405625
1538881917677715
1567510062069756
1599777346077736
1632082896398854
1639750781817205
1653793246512319
1776767924202890
1860777021225886
1980917451998448
2015805140050908
2138103367341285
2139136566362625
2186739651956121
2206746142141135
2277397758851756
2383136048336794
2384764842816158
2430833869887085
2446869283519319
2486471252491166
2487717300544130
2525988543935639
2526309691404897
2560005413958863
2563131849653492
2623983895120746
2662574774298526
2700870248952199
2789391873133446
2792324662995074
2792806662412864
2813933503563628
2964065310898665
2995576458591746
3009359462313989
3018015006532701
3071995179816029
3149356352560916
3190489091147290
3196148570342422
3201823612103302
3268371741390887
3292101717748721
3314330213409416
3357425084629384
3378077360043175
3386813556942531
3388804339258724
3439226151440036
3471463226545367
3483922200293252
3493909103688644
3493919347820194
3519779885099818
3521575866847190
3614962529347834
3616344634462284
3624888707767856
3638132180148140
3657338004207626
3659955280987436
3688257085144835
3751952320779733
3756386084249557
3822281914926070
3829210471249140
3857680633668987
3901928111324647
3912767780135527
3914933395052587
4005772064942422
4007206523128673
4007416670221169
4042553811136222
4060865854449062
4062993009883224
4082038212972132
4103926900482412
4153634338081448
4173532516925608
4276133274590565
4284297202266615
4295391152985432
4300377190686794
4359382267086574
4361897318536054
4450488971946215
4549151573806361
4572007523742638
4573140537957102
4600280464374560
4613932339348400
4637345204932791
4648489024039137
4692289497131834
4730661036090404
4736162027511376
4741060158868523
4817981285943896
4818661171596618
4850476838953801
4871172440449409
4913502668840802
4919050432442022
4936558860947520
4988489661497413
4998500450296423
5011701896281361
5070309132442651
5086542710408505
5098041019389745
5098334712562945
5117503994595892
5143315036881389
5162985602532479
5200335545451169
5214486428048566
5263969383699871
5279412674371737
5338108278134229
5386438135775018
5386796620353954
5400755349321655
5452626987621305
5469150755735035
5498866627111082
5564163866628203
5658912579706695
5666792925663080
5676777253007227
5717650187793462
5722441364201212
5724001188065804
5794377460181582
5819501650708726
5831206657619118
5845128856326816
5865851495691212
5890278543855716
5958551955486596
6000630857710502
6024378031658930
6024741905359120
6038837538926468
6060527974517527
6127873962297403
6134525546345695
6143656432690611
6164117066224636
6165401806701240
6203857679881120
6204263177004078
6253176578408453
6264367519173301
6325956753490238
6460283061449936
6466545401777935
6482256033817947
6530090909155119
6543599479832575
6561295383091719
6561597408798569
6642005375038718
6802250300836018
6807652429400098
6878763636758934
6881671854084180
6904497816278100
6954274827231069
7003089351829157
7011786075319997
7023628150191283
7040298147675711
7040459243458887
7106842359101246
7132603532349354
7209647298673428
7237876448376392
7348994346994380
7349076321762592
7367378847262819
7492980612063915
7495447726669260
7502965795783794
7600891454850493
7633838822949406
7647064033151071
7705889354269558
7757446843130881
7768164094299484
7806261523760650
7848561559887246
7886278242527710
7944131210137750
7947590836046291
7952749556110943
7958012057017332
7967739850755571
7987303409542467
8020086798256650
8125937046333350
8222742108318100
8248984144432614
8284719090522441
8285776792985691
8321839303320498
8322540015823098
8343635820847280
8349189365275280
8352777920460228
8367345233175218
8399407813097520
8440822005795642
8487415071839842
8538676729575892
8571784054925058
8592462262094498
8601141991902538
8657533202257763
8763779643277050
8815675393671740
8848966495360484
8922683344653725
9024951342996126
9051634633524921
9150722499671417
9162822359640902
9194319647371602
9195866450083602
9212267047913750
9255733624259354
9261889264679144
9332371411215152
9335572636770272
9357018156976652
9365274431696492
9387221064277680
9461512603880100
9643802727432112
9748839348013136
9772559574388645
9790480622936729
9810290585215893
9887160448300113
9907879107788931
9923094618578988
9955163198344933
9958226541747838
9970629302515055
10037109088319020
10057735186660202
10063530311233979
10144200572190972
10152123527830773
10169349043984411
10229921753650183
10261568456914610
10269716207419868
10290720746429636
10320120502968698
10389404796549624
10393805908634749
10417424657331409
10459388823922486
10514327741366050
10556038006288090
10685199305183804
10754175222769030
10771228263322902
10771321558936222
10783536836564104
10824644627630981
10829351335922437
10845274446740927
10853329818283199
10863976078595945
10866486726767165
10880901866607269
10910074590525871
11081120346941609
11103500439701501
11175378849644704
11218666898024629
11225764668382741
11283457563882931
11323867121048271
11333357690826375
11357304826043426
11399412786554691
11399954529829233
11420864173460018
11443602716969312
11466429247938920
11479135566261316
11487787548116826
11550389768771522
11618496268556531
11676542456933231
11684902792343943
11708645255402556
11784039764439428
11814780213549608
11863631801930995
11867366165020368
11893634880201748
11927398543405272
11930326864211760
11932440464355060
11943738148943608
12018656216223208
12026217787815920
12027803474904620
12096620313544660
12308545331439215
12360643187008882
12431674824161063
12469725828503078
12473584614648166
12476784463425366
12488604489213430
12620806117225973
12626123732707285
12676823324845275
12712943302325600
12718355913551664
12748079280404104
12800920428101040
12806961891221748
12833763291022911
12855996875263688
12856755332358024
12873750648470802
12954250654034722
12956583937079502
12967055752244742
12981380120722290
12981392599606914
13035174835370459
13047900847394927
13064509511169935
13250688006184488
13301569086126378
13307502188387464
13340291371876386
13350848890833965
13354887379790991
13586141242506446
13587313352334755
13617925817222317
13618173034857817
13643244949823405
13687992112226937
13688514352656290
13736098594244762
13750474069685123
13794427348740086
13821058254616486
13827273491007562
13897253279005585
13902577354420809
14119516957018455
14130304842986320
14141085919520940
14147762063415636
14150445367186585
14199541724230086
14200358073430287
14201251892036751
14401719091074268
14602548172643862
14625732177611128
14683557592814540
14689582935812076
14734360125655472
14736958577613137
14761922929926927
14852258450814006
14886558814009310
14926818061016703
14946304741593507
14962221110189909
15008072219937809
15073473627188873
15104376696509128
15144176785003285
15276231649668736
15405929796044413
15408977226466288
15409786476521581
15425572368628948
15452451842841649
15461758659332213
15531883504962171
15569904902385692
15575575012101818
15576463264048033
15586199514960444
15612161712617611
15626815919533083
15690874234980682
15691221558475579
15692071032196090
15914385632712835
15959941516179688
16004691417222621
16029745028051895
16033382144605815
16066130410130131
16066212616234111
16068571861160479
16071102530399679
16099492904426866
16119685263042931
16133564778342851
16139570869382195
16142249077411406
16205658736916261
16273418299471371
16293840172791201
16306451112605343
16437811053555644
16519395043915242
16519833133961142
16585204977408839
16595893047181352
16654859454635732
16660162539480680
16688581415760343
16715845456902524
16729438453879780
16739450964514006
16793080660375594
16815307855048396
16842109071811355
16852832386075231
16877864198498429
16895202925080701
16899797164690583
16932635662122439
16977992116902243
16979941256040555
16987863414564948
16998960287318052
17096393477244763
17108881861808989
17161898599500189
17164757117124940
17235537894709134
17257579248971376
17273207474934278
17290271007896664
17298771616985980
17410004000919891
17417324273409918
17442335321865138
17476174183493236
17523484342766799
17545857646132579
17576446376509414
17628620847624641
17631069981148730
17644039148230818
17789714337977213
17835102402248024
17855402811214324
17869975146731384
17890826691383911
17927819256096655
17967620846701085
18002527026529605
18018808471954032
18026328219792274
18037438990771942
18041270669221742
18118628578537653
18147010769934329
18152142786944953
18153512003287941
18204240270546441
18217221487594559
18234281344269392
18245038514083445
18279499475800566
18305261576830008
18318563354060416
18341937350018184
18351951402656140
18354439787926264
18381388362726507
18485256572523184
18507339211053724
18509150891164756
18629045546473736
18641781932131784
18654562592554777
18670504848050176
18708243032873141
18760108495214924
18785705427710354
18920767171612690
18934688114376318
18940154438145198
18961186046078952
18963583537550600
18976873724720522
18994613822009708
19016265875839629
19046879499071057
19068522097145655
19077936623969532
19134618932601417
19233189468031285
19284378551378469
19365553214564269
19370084720410570
19370521930691266
19374301626043166
19408558816398684
19413174990726142
19463662927764797
19487398814274012
19512289410423215
19521697178990070
19563726918151563
19585740747573708
19653085443133059
19653249186736497
19656233870118159
19689140723141810
19703065159389074
19756420040955004
19759672941402535
19772968636445359
19779101264367432
19897883151039088
19899146377474243
20005491274987160
20020286855032405
20071251856176097
20071916679564922
20076249485611750
20101484405237039
20208627349986640
20253997681559312
20259077570091896
20322847443536208
20325841843225676
20338264049168312
20340237482105385
20376788893044954
20407353857945593
20416884893001709
20436425970132085
20569759853824337
20581259195546320
20621092333535857
20718663732167126
20754311277277072
20767868434617798
20829275787226501
20829467917225517
20837570557279889
20867669777121487
20871919077445461
20953139132332402
21083283687222921
21113157655966691
21136159690578353
21161401865801153
21197291942660237
21253591347870851
21262594392324899
21321872265474634
21324749437922516
21352076733903629
21395652540548192
21398402603494390
21651090693881852
21678344514442064
21699728534773974
21699934064105122
21717612527066285
21732510401668475
21745200677289331
21749901394366350
21756143830835457
21775561463706552
21792768584461302
21804522563785766
21886593318968706
21940973675531395
21979884978240798
21983422851858647
22005824484742595
22018357439051512
22129329101886275
22156590973870174
22169139908399775
22274436379991591
22274459649497279
22276760363560807
22301495984374909
22441971800636716
22464257485748057
22465981430804527
22662523723889972
22715937047667000
22737676646372790
22741632794055030
22743735463260871
22838784680403688
22854495314278064
22900721394301158
22924552989057149
22953958010572673
22960166591032213
22972852412584153
22995498904552973
23102924088040365
23117486184907487
23126631359267123
23132993729538658
23193578230749234
23264951346828760
23327172860110829
23332817714983517
23368442407816125
23402972934280507
23432624680931630
23432763903159446
23433742772442262
23442468071778454
23487123007522510
23496596764157790
23511204350598510
23523331053025890
23551569834181386
23555898080508306
23584913249877831
23639342645724656
23659385902024010
23774935688411691
23825278824533561
23861069300638505
23886164902679872
23895774157146849
23920427538530984
23921267913260560
23964105646603978
24039763523799340
24086730758240476
24194791175478352
24201023394019708
24292904155325461
24302104715572268
24356688579227450
24388820960810482
24601737492158994
24641619439516910
24699338012887336
24725331537401188
24736116451890748
24828557439546095
24928474410124668
24968899840647048
24973385690526211
25075044122964508
25079518919077875
25083735724966335
25107826996900970
25128482033141895
25164735487238360
25170716248204373
25195934959233620
25233095298446529
25258552759900914
25363688222550572
25468508232977483
25594957304729744
25638040104347948
25638644953665230
25674852568457129
25706946998653524
25707150480604188
25743285888941942
25806196558470938
25881721269433846
25902841025822262
26009242731686198
26017320875942378
26266698745492856
26286070979453840
26301235691869756
26326313299260559
26356373006909931
26367328475614311
26376326837578581
26393216708617885
26428250222709058
26455598232574626
26473792653926482
26495168391816864
26533038565876492
26568008968371846
26570355830970318
26585584566152183
26586121277839946
26604978787092351
26638263504561899
26674010420770506
26719155036498567
26765570078516247
26829584416967037
26837355580243594
26948115356618807
26948666687884418
26980190539460632
27059661733234919
27083067376808453
27138406076296691
27138483520637705
27195493516596566
27208543911777976
27220245826966966
27223342040620262
27239094141036185
27246394610239618
27257103409342302
27322163004522774
27374266068701241
27433053260876078
27437658292427462
27437676539501066
27457733565336430
27460732218966982
27536927053364905
27587086995185759
27620386631141389
27622085162717599
27679341395094371
27712668087371855
27728096205923951
27742259560121009
27780569544074719
27784967385286318
27787251884958292
27807999632272895
27818757707853490
27864331183968532
27883702131123517
27981016016677966
27997550253725468
28005889013460017
28008052065632802
28046621186259132
28168622767672973
28207901147906733
28313306254698475
28313311690057924
28317058724605924
28350772075304613
28355211889472025
28368469451817781
28441476274854924
28441694626713495
28501610924127486
28501880469724002
28502943739390032
28541383434818901
28606121102852885
28628919952445699
28677324156409558
28742701477744884
28754532794699740
28757112408955354
28848477781299968
29055893240964529
29082197268059221
29093977739506010
29157003599720492
29161022383115891
29231876750526780
29389192950523628
29411250469661184
29416739682646242
29478239358471406
29512681491283698
29531638603216666
29540778288205618
29584532038642948
29618769081256561
29708285186157392
29712918549818772
29766365972753162
29835476581086733
29856789272620166
29869496920003772
29870412737784020
29970527638049565
30009449321998551
30061378671566430
30416483595980526
30588075220255111
30635430197804716
30642923213392830
30647289407294940
30655413910288276
30677321293417336
30722242733408476
30808464453887393
30855534019195634
30962216832697838
30980394580843964
31019772428229963
31037052286650064
31156460334329344
31198083220568241
31256426439237033
31351146131449711
31380015489548416
31392581953823796
31431147928043486
31449372208361562
31457090340159344
31511121664255708
31514455477894423
31522152471320853
31526835324011411
31620722134497745
31691020417830255
31744592271333684
31754588227177374
31755828656526114
31757626110869614
31768124949278353
31770833276998551
31829447013656491
31845863555074950
31848608490830718
31883792808253553
31904026819462631
31920314008012387
31924847101207082
32018523100534482
32023855599344250
32040538144592583
32064518982219491
32064947916374917
32065388516267497
32066811782060137
32068920686778728
32085451127598273
32088247733526529
32117166277274083
32146718931504523
32232743442250273
32271494454475353
32290132260135205
32294763459610153
32328196698116858
32328844533484053
32336728486964623
32405270826312642
32442693849188022
32445140650327786
32606702775611176
32747991610023911
32754034365009816
32758524724084721
32807388594107326
32811974996525616
32834731265180927
32843241035672483
32865695962658219
32901242176495977
32979785142208418
32981350706751118
33002740606147481
33085658470658189
33217090550395956
33229412086831990
33236275602274316
33251309702429136
33266998159110502
33274284311597354
33301943026659350
33348692889716948
33356945586597812
33410607105094506
33529006527516040
33666132774422376
33726345057420014
33726998176945744
33738008011309031
33745558971416516
33746261584736322
33766670483587412
33795872456216937
33808744117989401
33809053904504621
33835298515449201
33876131304150589
33891809194009842
33907782809375412
33919386403673342
33930860474960405
33954622373622354
34063015496522429
34083138973747857
34089999691003735
34128639889499313
34149405248276109
34202219297612274
34211040607709370
34219120221771903
34226130952988367
34238611550870430
34246479517509494
34328117357021438
34514438763267024
34518462038550344
34563463953576068
34648870385611318
34669219306472322
34706554449685610
34724187408686840
34748686911662660
34752864723100612
34868956576407151
34877439952046914
34944845049575694
34945466897274318
34986178584077103
35000265493736809
35067271369804270
35168327836697953
35293321357233109
35312192272044695
35366465537876828
35414169372681342
35562871728561613
35671354236332573
35698505133277067
35736999023803159
35738162061744313
35788680896694145
35818938546793846
35843755200774144
35844448335004234
35901548184931056
35912903144866128
36088550614681768
36088904360978700
36108480835518265
36135699684961399
36142894369993399
36150905210986135
36244089270936873
36296966095258299
36324256619856407
36437204526669753
36457077666717165
36506379670491864
36550772590922334
36554547862300797
36665304853967587
36688472916695635
36702090431161515
36764881220942636
36766323096705315
36799739353269703
36862753800602553
36954486614999155
36994334330745960
37045370073086841
37062697765357829
37152509837611726
37200752947780574
37243238208644300
37301688197966168
37324808996761541
37488271542125099
37510187246486114
37512577389943067
37534281198663964
37629558317983467
37640570952128043
37642256738887190
37692052558003044
37839922618762594
37877933550131247
37902719261361183
37923386034863679
37963192693876092
37990670468496732
37998251104539880
38016676510961914
38061184893416121
38168468773264411
38257435724060789
38307211031625727
38328007092143292
38328980883385878
38390995736544566
38603247680349654
38668784338956447
38710257792307708
38783937352595911
38797322557590793
38798899476250688
38853796835004488
38870371685044468
38870657139370910
38918909552110714
38931083356402539
38944041166377694
39077765872214739
39085652460478792
39111678497063629
39116357337260561
39142494977312371
39175471868309622
39216180854335158
39218882990079627
39229752099684641
39237129756253014
39242614904289741
39297428295739729
39311482515770069
39319436786741711
39321841650040218
39322979126921660
39332097598769824
39332148597324094
39457449491703333
39486064234789182
39519970938067625
39543315841499504
39566336235662544
39566664599499984
39710032668706842
39737611557295650
39820884000203999
39886028884704734
39896370960525388
39945716110477121
39947819186726475
39976540753608175
39981150007671313
39982017397680035
40027738396661615
40052327754885428
40088264453744771
40100301003174981
40106800136405699
40107117843764863
40171902120197338
40184495523751199
40193915395740845
40265992858373239
40280255800885750
40289264761923220
40301294884815430
40351842197000821
40355441766515001
40363225718249032
40394402900811217
40408023818894472
40425706391118009
40602892336015582
40622280157291732
40632172881595462
40692381856793749
40694966016676427
40700937386017073
40709021860552593
40722410618077683
40808113895586551
40833331316585930
40930113246911950
40930509960530350
40986622161784784
41012832748715175
41023728649063735
41089966547846303
41181221625638286
41198459997425242
41222260765654896
41261989438475607
41300831764418679
41500541603882370
41500591300965406
41531254012824012
41650445948389633
41654122720565398
41775393403449391
41794522443311599
41844800506096920
41851035942904278
41874626390545951
42051883044694988
42081854545433336
42089215650922857
42107568286415265
42179390999626024
42190959901841629
42193748973915967
42245103860071816
42311011780903574
42391215290904183
42413976640413213
42464342691490570
42571468065086747
42580485528134053
42580646106998275
42616026441578808
42617237106735348
42637994407824831
42638143700452491
42680428074188797
42746954325432700
42793213351264689
42804060488019589
42936149361764917
42981488684009074
43096577929158581
43134146257603651
43151037356777006
43186585704314786
43320466116596278
43417117231541901
43426852123784171
43437825853310735
43454412061260377
43527310257908958
43528581451039154
43535100708414592
43541607409824112
43638117818606406
43667994480482942
43672982457899518
43749103562369255
43859816165629652
43921802605146266
43928381910032266
43936538526656089
44017583690839048
44068398724816158
44069246387021244
44136262835134733
44139538343639183
44140031526732481
44177992440562986
44200616454377186
44223083155998396
44274022764285446
44309936207339118
44312642444217801
44378579453344554
44384688417299869
44392849232130615
44401859646575255
44413733760608883
44418747121182146
44419227006600338
44479701204492082
44518750160672699
44570919603232699
44600341377939142
44721999440874431
44838568492263077
44903400486771359
44972013747515159
45316852598531466
45353726002013289
45399944624238499
45591375388073386
45619113041452664
45657640793655724
45726737599325074
45735571950490274
45746936472627474
45776560283886434
45835528094012820
45865535512486527
45912082891006611
45915025422172901
45988901444499405
46101087555538595
46104412216472826
46115033659971688
46130088557695828
46139733995472090
46158344898492762
46246936917787237
46248141930677535
46293471101554215
46466324884052430
46491374187226505
46494811294522627
46551647918865613
46606575099254494
46620340373736292
46742895216303582
46771383452628960
46799119328414011
46799624296081431
46804636086193466
46821050207954645
46844784393774598
46872033631469793
46876446596853246
46880023686630206
46900946013425253
46914018945875699
46914757110229793
46914922353568481
46921375455079575
46938410051972383
47068521213669174
47132763361031369
47146200508147619
47288955278888407
47299438016080860
47301579181811063
47333073818467360
47436425346548572
47458251631389121
47487168473354691
47487203289851648
47514620276894359
47526801114165742
47581610604001412
47583964951721552
47650184973686429
47762440321913454
47776043003881254
47804253189167814
47807369838531290
47852989672980815
47875679618250725
47906070815599269
47906903701353190
47982876843804027
47987155400589807
47997709848022460
48030723703322994
48040502535043690
48044539177714995
48124059359652170
48313625431210727
48523083194435444
48527658862479784
48543431244423831
48579362949036549
48594319844385845
48631064346641711
48639767479634323
48706114914749327
48809386878284530
48826523345176603
48826874023111704
48905797722726871
48975557173720462
49046773043600551
49111010816340349
49146409707059120
49197860634773643
49215072400985283
49223271774252887
49254273649538577
49354826768798564
49381941036041403
49385519633100097
49397974084871677
49414825274135944
49437762913833193
49491623619660119
49501069178132280
49513474668093884
49521331289492816
49528949412461279
49678516750902956
49686468917672580
49687723265397922
49720759210606845
49722428290805601
49749200481325684
49752836045884434
49754640136021406
49759498630225404
49763899875661818
49798406304389488
49820979414411898
49833947739752932
49855241887404491
49918327086591475
49964451171304135
49996302824067678
50006272021874116
50062492986098231
50108631218348496
50112476540192771
50144904528647015
50152383908467529
50209082402558777
50210731879786657
50229026210081505
50249882329101765
50272722145682098
50325468185383946
50377411866543174
50378182307416944
50385798281204332
50391429741767788
50462781785739637
50526233207829518
50605699952071482
50646598839894532
50776290994728689
50779307106903374
50938233563567609
51013288889745974
51081905228600015
51151809193613208
51154492000835048
51297259944654694
51302720661916103
51305578707507504
51352464241466380
51367615213677832
51421760579338130
51449988820714004
51450083306494004
51465128973386229
51654448851407265
51680591724040824
51742840817045498
51793163432338980
51801202661787351
51811689620793886
51832919813619792
51871874120809160
51904330646012860
51934237741638733
51935596050004599
51993686840762096
52124492784354844
52135072290319754
52147085202643374
52182026324286093
52236451835263062
52288331301932338
52292920485796178
52391075488228626
52411971310320937
52590849001177145
52601265256706291
52617527544589112
52622223731448097
52676264651516869
52701682344322984
52710050762548866
52738092666223437
52785580918536832
52858291403076555
52870798476442581
52873113282717591
52939059234015965
52980158687252136
53025515410422203
53036062614052023
53047520799914531
53070892487878506
53124567143573312
53153554472307762
53200557681436680
53248826119531020
53340698400849090
53347748888893465
53385608058966144
53398182229486713
53409310453005552
53438888022275501
53439425963933411
53463674106620614
53585792352565261
53590531652909431
53596852968717358
53644295989110538
53679009521874976
53764879014421787
53770274801356418
53775917579106692
53960710977845755
53973966138475999
54047566212010895
54085725403656117
54090028645891940
54172055916504512
54225392841318929
54243866904098080
54266916158177704
54282304882952340
54337206444797957
54424110666537208
54444452253007476
54539918395093750
54647740389783981
54648394418870790
54797359889276344
54810362412303915
54838006235275715
54868031780985387
54897147500479203
54897397013876453
54914273145007865
54964236283180222
54979271708872408
55005830814768488
55041801782271583
55042760542558576
55056992763570858
55067838300408501
55106720163812339
55134962370115202
55136322643994602
55216634323207454
55217582997747974
55272199043524383
55319445568793141
55379829992121843
55405713963490460
55450592038418263
55465341580046623
55489559899683802
55489876482779132
55588738180999682
55630833804118362
55630846417025647
55666978890604830
55884112358927277
56069949536946250
56082138203657351
56164082400168055
56174359836096905
56236576117916139
56258363499755172
56259466387007132
56302408221794883
56368385547647627
56380629925910653
56380909250596878
56387938287582486
56391788790345292
56424190091281287
56427432211597147
56434966887856981
56457494594572521
56467442796944378
56638345470504469
56781103404867033
56811153665307193
56845404936152806
56861662482331042
56954346990814988
56962700711176871
57026343087314313
57040267975948133
57042798391926683
57043019070888013
57115241247520185
57150988210149145
57153475756752025
57155843937738294
57184123878829873
57226882307642431
57271420961817528
57277600562783174
57312257682640750
57313116707753135
57329830911429737
57384361932247113
57406216909644565
57443515264984686
57460134013704758
57474248097836391
57518614755164773
57633955697724007
57710346010667701
57804339430050309
57811953475225409
57826861631464797
57883501218646614
57927945138540532
57951620546841882
57977235499693742
58087540125520272
58135109522983266
58208988039432648
58215365452597616
58215533897504030
58259853797772213
58260328546257653
58285490694504342
58368315068748221
58369313292790477
58450847661565591
58469160248206523
58652606065352278
58674670840777278
58740801288518845
58752242173083314
58764556368813494
58779221454643358
58833710057732187
58862238784929904
58869067986908188
58962525336236871
58969221423608117
58982099709326536
59005453276701680
59008515057798296
59081282306080356
59084103054413866
59098461009389681
59101864923815393
59227576382011913
59263657062882223
59293180159400974
59319668589151972
59347023540033321
59355273920648893
59373269857234364
59374914353560389
59428511852398685
59525419375198610
59550306215665094
59565362428719200
59623896509528306
59625928670846935
59718993147138385
59769255094764182
59774683990555682
59787066714293107
59787110734095351
59794331772688057
59846314888893889
59847388226773806
59911954431611491
59927883923484115
59958660207961555
59993354016191906
60009362664382821
60079259480917015
60194492673529577
60274365859793838
60315913757356211
60358624303120628
60362148381129847
60388960078770868
60486261124862592
60492203130925821
60501212587479932
60515064200068602
60519338750463858
60548309754095227
60645173636145139
60652098063363331
60677443474935303
60704282475809418
60709598121436652
60716504952311582
60716735707981007
60733536116880463
60741071666073424
60751985701155364
60945690006209162
60989081664401620
61019527856207191
61028609077153247
61055668447781576
61139393531098806
61175975633590341
61193889822120646
61251635867118236
61266393458165551
61374615401874199
61475023778607820
61488752416971920
61489186799680716
61496608406405744
61545670528664839
61553334946437473
61562021898671469
61585405678388654
61588324765790638
61616360498539694
61628380160915423
61629631307128611
61674625653368161
61674659189129781
61716544095944228
61733236255699428
61733478350377116
61780071627084181
61926750892158001
61942267211259251
61981049002818143
62080748373199460
62136934848771280
62147581927173955
62148105021098405
62164120696024124
62209678201283789
62255939602850070
62404464659221213
62449073649367364
62468176985463510
62469210515308182
62480404148848448
62503465114359565
62514697627200635
62515579970008107
62520809803789419
62650511499973225
62696081180082893
62702390782209875
62702969308019347
62720731049169368
62762647972705166
62765435580709674
62803529160455982
62818145429238417
62825259305238717
62903088662582055
62909556683273649
62948783332974424
62987588892293818
62988315819282427
63106394881907908
63110021969865420
63119141700006190
63194558615455986
63227948894359267
63279256085948815
63290565292164904
63291427483639129
63302582555282663
63304810301521634
63333863161323314
63337538883840905
63345917252631836
63370235036431631
63385258243922532
63389422520066549
63393244455785731
63412356603088459
63455421159833524
63514741368217546
63554945794591118
63577218930844024
63585998442829981
63595300653737809
63647790329523336
63667067027189428
63686482771715896
63714067548148308
63787496920211354
63851052866463693
63856810758228595
63862497567936445
63887144088072707
63903571048730647
63907290602049520
63927394453478486
63959823780657515
63997438821476529
64039234422387056
64123260161090312
64173560876365879
64177067401033203
64221336728353281
64228971670810908
64248304176908582
64300860652444982
64300893474624873
64308538205216629
64313101383607493
64315283590150739
64358914342548926
64433882882328550
64449165277705252
64455170597678443
64491789544681851
64548872291396115
64593127947231342
64594151201750431
64607320642997631
64735760891757315
64815680385794157
64900422953037315
64937999373647175
64961431462090675
64961489598466435
64984952134667805
65072155711821384
65081908710423984
65109459672507587
65111768335959357
65115523872735045
65119443436448282
65138651584637869
65157408402860241
65216775479164889
65275995154185159
65288987473315716
65292946910853828
65295581914447630
65302609270671830
65324650782215630
65332249245192495
65338708867421547
65374613526142962
65393096100150494
65409209952532465
65421071425896534
65436311594170513
65479785682711778
65512542844703251
65561451923395704
65566655936812885
65573192364836725
65612113434217182
65613416249300111
65628448452654011
65659234541148411
65660965322361411
65685687774242343
65706404814992314
66003837175808449
66014747019810781
66017728603553853
66038922066287981
66039893238314909
66046980281123139
66074953618007723
66078688618667243
66083880056923961
66089171849763590
66201161117204078
66221871539491906
66223034688892426
66313247005847545
66329220171112025
66330868159686659
66379951502589253
66420847793764111
66464051101840074
66503057523301956
66600461185674249
66620759728098399
66625216919751049
66651817922189809
66676530839992603
66724178610246352
66735169018643782
66746109644660665
66767084071834498
66786132478838271
66788771758768899
66796509661914652
66827191642246791
66861407516657905
66873125354497113
67001158247258347
67064703306172801
67069107923030023
67122271943872396
67126139875030171
67137600560211070
67158696673112870
67166305906331968
67192507235479243
67198942353102496
67303823613852676
67389005321978142
67390641688849050
67427048694600532
67439797115011464
67445448969559276
67467936679732946
67554951917465534
67555937294905829
67556229694473701
67618863414188727
67667586423362303
67671330110978143
67689014512622729
67690511284977959
67731510879078414
67733257118080854
67741537309957648
67756860404893800
67798349001180622
67821278628528145
67844056598298256
67864185449737219
67865928452201411
67886952610545594
68040264021851734
68175348649763861
68187878960212676
68190355259659864
68266551157146407
68367593043116570
68376643977535680
68401560437613421
68431475434061760
68453992610057876
68478762323509564
68482909340842386
68522444951866256
68548458721630534
68582506157048586
68624709909991274
68692905242516175
68734649316865959
68738942086902799
68813081485068764
68902318413679152
68954408723005246
68955485876188780
69159252893458232
69169498989407157
69173240509632053
69175952791405335
69189876546776232
69328290321423358
69336165982994278
69344888869708274
69345284714787002
69373863157123817
69379785504786837
69413326292438507
69415343714611127
69417381898185019
69438436686729543
69451128457409159
69563302452252188
69592862856344713
69594610457703973
69600058546996786
69660731213905293
69693300198544055
69706493193164735
69818545468114138
69833319848908858
69913034863222851
69944475125171936
70132880498786295
70158672037508860
70193278981029292
70205315994220756
70363250163945683
70364205313626434
70494321630987345
70494429302222625
70530318944022028
70539760737943030
70572474536116079
70575054201184079
70576069686313462
70685896591504313
70693047616358075
70721984228555263
70747040175302143
70809030641742535
70830588235789895
70846282838726201
70847133819988376
70882830199094054
70971754662300485
71054123825054294
71124639666248297
71176225619653610
71253576334013556
71255998532608502
71285573808518494
71290340702399597
71300165155987866
71307812784500719
71411371665163020
71440644495870060
71473260494549850
71509092385399842
71550220102015080
71586689264799516
71629917863361240
71710712529689408
71724925005257674
71794976653909338
71796293369174728
71832226903446580
71856320808041293
71864829173318015
71880765974240200
71924572357311397
71995032894149070
72035179451115697
72044454030793622
72051836442549929
72071638484758191
72083712042830013
72085698255966512
72113100217432982
72124379862534011
72125435893040132
72138636550601068
72170256514814618
72204845112613861
72212942414928890
72290529684379942
72305818389644190
72310036532670766
72349105795515213
72386063108690189
72407499092089047
72415321750305153
72428592712276839
72433493632221825
72592070932275930
72603498787814406
72609037735210206
72709581570833966
72722213148705353
72777214558334491
72798266665080577
72844804826370786
72881183926060322
72908140750706166
72927166515463372
73085644071947342
73091559834240298
73138609014185514
73155726541610607
73190333356420503
73269313765001076
73381884062136066
73385281641008248
73420276588164838
73433249173883302
73433918900988468
73474111382150826
73571890119138421
73588658306772769
73594456007989240
73596471389111995
73629606759522049
73805648619400464
73846872430621106
73960102743790006
74012957586475536
74018650266113577
74132213944934908
74181256464593674
74270643325728066
74276365191423209
74295774344684217
74317139782911605
74317242360871145
74343572023488275
74344416244522373
74358637978011581
74369525440228309
74369663900865189
74419463165092559
74466549537131990
74647930490278291
74762058395847774
75040826957979114
75043504617775782
75053056856158602
75073056191914617
75084655225543742
75135348641220117
75170331004390080
75182024557142772
75207475658572492
75217112302518396
75218009387905262
75294532160066189
75312920900535001
75359648520080300
75385788540620276
75442342892990643
75485647474205499
75561712629726670
75581901937686686
75663322964735161
75759383187155944
75828542394976171
75830594453898169
75870269320413771
75896700950589218
75911514398893383
75953362237497946
75958065131971975
76050545638114275
76055884660887999
76156853982155523
76222173529947322
76329579651129468
76332180183500336
76484894564693125
76518954738940244
76658795436999793
76691533887420299
76699710879284592
76718513504051034
76792059124977392
76811463853253580
76835144063001236
76882927936711883
76986019515573742
77001151299668734
77026958061045697
77117294344319220
77119412572918525
77194391503633895
77266016300354888
77328210333188688
77331175092281247
77380315544180375
77400886088537817
77408574355922307
77428828240373267
77429287786413632
77440303108012454
77469047683268588
77477472454572679
77480497561890377
77500095186463013
77593481353042185
77619902693550679
77667963690723480
77743483800201203
77758282331864633
77788567001310632
77802469173251790
77827015226232720
77875023658331102
77876025021896102
77876793269460869
77891405896920083
77969366605985275
77979865465652575
77992425485696610
78035809043538910
78068970166008382
78073747054448764
78076895802951244
78091673182395548
78124681330305988
78165638442446657
78199936869651680
78201872431511247
78240404705945977
78259958935189947
78283132052916052
78315598748363952
78349739363485298
78350680843642344
78359911295487037
78360625504206842
78361893168711182
78483133496095688
78489273433150966
78535533812221374
78579740677632104
78581296614074516
78701820377733391
78720552957254751
78725544185039415
78727310025242415
78741312276424029
78756894609575125
78808303126077954
78823416033039293
78924829062087172
79031901958434912
79058628479217448
79101446842809269
79218376603658838
79249544869654085
79254299063333417
79279906431202159
79283768844706951
79307396118874391
79455781040190303
79535724812607581
79555324099352593
79608046384783486
79719977908700244
79777466667961323
79781109188010043
79784007118351433
79800667429348268
79823363091377886
79858074316373288
79860661992329222
79943976063159372
79952789765974476
80008702160940562
80054134347974671
80090621488077183
80101208950288179
80340773905041581
80421945018641236
80463049319604022
80469469721410259
80501698387772891
80706395510093705
80740952412257685
80780513836492651
80788273721940849
80824731372447355
80838038194980111
80898447527136424
80910439624045008
81013958942281076
81107649676544445
81175930985608436
81181413086754102
81204489396349912
81244551134677158
81272953747166616
81308385380869688
81343942428041208
81349690761584860
81350399319533980
81368850434377827
81377394078083811
81444649838616974
81496754917655260
81504759500142632
81544116805504382
81545057490914837
81564239398787285
81592657078918674
81707107528731672
81728047263418060
81734194347931804
81787956269959100
81830139248091781
81859846383329687
81862940665749878
81866595592982856
81932160696771304
81956772999374225
81959446024726406
81968582757301939
81971624233907661
81991988822024769
82051813639831247
82087507559931411
82095441331838163
82098412354112019
82121681964324021
82170006256208603
82176998625450652
82210670703547812
82260259558012309
82279519297024081
82281862717597506
82342341243368219
82352267420207619
82354903922313128
82364674414328657
82488041072230262
82507686912896422
82556964478263519
82598362512429732
82636632359307832
82641509536099477
82669074598839633
82715713638136433
82780332417603012
82829862879095613
82829912140103301
82835291869774748
82885911230190702
82902050367485451
82991112556380141
82994356729810141
82994595392809243
83001963466897695
83014717718014016
83017705633689848
83077503022388829
83113384455804924
83118215800405580
83135068598315244
83148364785338554
83233422971882741
83282585503748699
83307676616135651
83346462042645184
83365442542930776
83368175596459436
83402908007473240
83409809576351618
83419326129513440
83422945515773440
83499127735528531
83546037554372099
83569473926564980
83579252230215036
83580642425004606
83584508721462436
83589479954514854
83655409505297708
83701373452852553
83813842698317283
83823886701513734
83878774525268361
83879012858369556
83892979750849261
83921939844764917
83945055471776447
83948588314712909
83979042772906921
84030467568281539
84061923304798386
84065468413090766
84110949332073176
84123556830204084
84211736346134927
84217379737683745
84263451667831126
84284400620942830
84323147144633698
84391726404581308
84462431288079297
84474672756503803
84594297949566655
84611517790064613
84623025931075989
84625119458691984
84633417336710064
84635440498113748
84641463123945596
84702377540186276
84721211006642780
84732363552503142
84732540126196322
84779408278972314
84782268778799620
84809930195084934
84822106189112349
84898777524869564
85006789328025023
85023805050227129
85071060704042915
85107040408054200
85108574492395220
85120539731105996
85129406462441522
85129748737516468
85231281221989233
85286046980533150
85344520717420756
85469213403097892
85564205828375268
85591005496315406
85595721800189357
85682497401717873
85688642109665023
85700960602329760
85703383296216400
85704175162758244
85737147245020246
85799655862580256
85805387865972916
85991219474070295
86021833762620022
86069008614442789
86184771146529158
86230910861607438
86243684944876788
86257156063449737
86268788402381016
86315253460970487
86315847437087043
86338081013810956
86346915833278325
86431620025144579
86467855101428054
86476677812824220
86483741344412392
86505287808229177
86610501750635411
86682740033969429
86778512698499762
86797197377033747
86798918024088440
86829395147869240
86873110583372262
86897668373073462
86954849204694923
87049104964222413
87089250994476851
87135317797613405
87135474037409537
87199495926998498
87361791170570245
87384409190945217
87389066787000694
87491879327887113
87535873846180509
87540008954968059
87593787743169969
87596797934758079
87644285801464796
87771708444891058
87873030497185753
87888169994490321
87888646527801027
87890904036869730
87987479743778662
88074181950120397
88077993090679942
88147806027776588
88181171835643100
88202139534656510
88226809641349118
88251644335466397
88277378133571083
88283328919918067
88294059043372091
88294718700636966
88324612950048714
88337839789443533
88354894005975138
88444660577120013
88444677142062437
88479494081334600
88492510338436604
88495084762673516
88662649079914573
88673472175131557
88765632411618680
88773810168700849
88808075793990599
88836053883807789
88884748877516338
88927151446083388
88940341304017028
88941392473915538
89018038633923043
89063010685301405
89173684475588034
89200669497649732
89221137347545012
89223361680523564
89311535057862573
89329374048999355
89331230782354513
89361797192115312
89391805828055854
89477179959656109
89562843523119422
89583139235013240
89621908063451048
89714560874344869
89774980302943026
89777379202746376
89813624514078882
89908182357563296
89928374025798311
89931367013006711
89961340212271981
89963570328874477
90066575157774884
90108587516157468
90148408216515440
90207630364941710
90390372116348056
90457394949074929
90460317194289673
90495313976743938
90626640101039823
90651323424415933
90653298400010353
90653833687245533
90701920408069583
90735738812863022
90832810532774143
90870341859743557
90924293923915826
90941829107476239
90949924719706080
91005882467462420
91007511487111196
91018449968313061
91019549062215532
91072028291228869
91126787143934455
91131559573049527
91145315643577830
91165571659899315
91184438032010995
91200342572150153
91201631061896375
91232569768537641
91244161682062974
91258519620430562
91269615771966992
91339535408452649
91380426129473813
91489557512282933
91546592335996801
91576759472760225
91577131864700292
91610254793937096
91673079478757326
91744550813788703
91751314094890865
91869029890301553
91883422592076814

