117597905
122167505
122329425
217876817
219555773
219644157
531847421
601774333
601809533
604139069
604182353
712322897
713085137
1018204369
1019964625
1242343057
1463199377
1463242380
1463300004
1468289009
1468378332
1472939484
1486972380
1487201580
1489309140
1500593620
1500919468
1503850988
1504440916
1504441146
1754341466
1784631386
1941486530
1941529278
1944240318
1979577718
1991043702
1993499254
1996446326
2005985910
2017432182
2025374952
2151469608
2181942568
2183691560
2184994219
2185065810
2185127378
2185334146
2349161858
2349177506
2368315502
2511650926
2512878446
2513075310
2528504942
2746321838
2775044502
2791797282
2793208738
2793719842
2794495010
2857477282
2865552738
2865754146
2907846634
3161359434
3161413740
3162482220
3162584060
3194767874
3254757890
3374592514
3375283244
3375312732
3413760860
3414607716
3566805884
3631852120
3631923852
3632157971
3632347367
3645027559
3645669495
3647080215
4236690455
4244609623
4244788101
4533743493
4535547045
4537208997
4537436925
4537533209
4541121337
4615894841
4616901593
4617768377
4617822545
4630372177
4636836355
4662107563
4662136787
4665515987
4665683019
4743099467
4785664776
4785719386
4800315201
4802883905
4875505985
4876453697
4879940417
4880042537
4926463529
4995144233
5016628339
5016630993
5016762401
5016891681
5017489057
5020802977
5020817343
5084470207
5094425535
5095913087
5096529287
5118980727
5119345143
5121297943
5153944599
5154097905
5159217905
5159275301
5161890165
5208105973
5223939573
5231590383
5260545007
5714657487
5714681939
5736063539
5736084518
5737715750
5738054134
5741688694
5747816790
5748330174
5748798526
5749051022
5757925006
5758009048
5760634888
5760780024
5790436856
5809424184
6010015544
6010043308
6076238592
6111655680
6111662435
6310691557
6311026725
6332651557
6333519941
6694162405
6695514715
6695598575
6701523951
6706615023
6744513647
6784841803
6853669845
6857808853
6859271925
6859281665
6878710369
7238051257
7238257081
7245155417
7484075225
7538728057
7539776181
8040110773
8040363993
8084041689
8345113865
8389677607
8389732763
8453703051
8472774027
8479751879
8480299901
8480301257
8480861648
8483125328
8565636096
8632274128
8649389694
8654409086
8807369886
8808497310
8810402918
8810568890
8810569634
8812032610
9137918562
9138175509
9625829504
9638655568
9639722917
9640316005
9641024837
9643362933
9643383580
9643496828
9693803952
9699942832
9804739134
9805326758
9947400614
9953873270
9955442734
9959599166
9972325438
9972885022
9973032478
9974577406
10360288920
10494960792
10494995868
10498140444
10577217820
10867244348
11498402284
11563536876
11566374636
11569500002
11747295828
11774343528
11793553064
11912537854
11921665150
11930785406
11932662718
11933677630
11934129342
11955213286
11981811686
12023810022
12027316198
12027556870
12030199046
12052546822
12052907438
12090672046
12239250350
12244202917
12257177193
12258535529
12338133097
12361927145
12361956774
12372286886
12374344742
12977452158
13054486654
13057808254
13128815014
13140145574
13220591014
13785331110
13803543974
13803663164
13811192700
13824071548
13903700077
14107639917
14539808182
14714695990
14714799190
14716766550
14989902338
15305253790
15399671418
15471960506
15475621306
15504512442
15504780650
15638503430
15658548742
15667057958
15667371990
15671812182
15671876390
15769475878
15770513454
15782309158
15891464486
15891485766
15922327622
15923412890
15923426142
16111380894
16126264734
16182574494
16188064798
16188217376
16721544584
17114103176
17126398344
17127404584
17128336040
17206347952
17206395286
17249409430
17492687254
17492775798
17649374070
17649453830
17653019526
17654409502
17692598030
17986795690
17990185130
18061250013
18067062237
18067126337
18069251393
18109754093
18549273389
18549796013
18555090221
18783565837
18994534545
18996123537
19054737297
19054740307
19633094626
19638017958
19676024934
19713396838
19720705174
20285736598
20286556278
20296827470
20302923162
20720002394
20720023042
20722747530
20722754590
20814363182
20815393486
21012804574
21019545566
21034986814
21114719550
21372518324
21373973748
21654713588
21655187700
21658306676
22027044370
22027159704
22027640016
22027650468
22421218724
22421219184
22428867674
22432123036
22432446972
22437413447
22452933191
22478695834
22483439002
22483450408
22484013992
22800667560
22927399176
22927446011
22933497339
22933690723
22933739843
23155154307
23155492866
23189643010
23234076930
23243003221
23243021325
23254243409
23254512881
23256303985
23295516017
23329869665
23329913239
23349656023
23357718999
23584510967
23722802679
23834011031
23834342807
23900331031
25160934391
25160975615
25161003399
25256317575
25256465819
25256475322
25260334266
25265085562
25294163066
25297514636
25297843468
25298098980
25298142012
25298183594
25301352782
25315830222
25609333198
25610235230
25613930840
25783710040
26383876440
26618347864
26621127152
26622103408
26622179524
26637241028
26738644799
26756457559
26807515367
27087874279
27088034799
27088904943
27138820847
27138889367
27173249047
27173290512
27175431600
27311553968
27632209856
27632271560
27700979418
27701035090
27703132498
27718300498
27730553810
27745098706
27745615014
27752094886
27752100134
27756326557
28128472733
28132112570
28155828410
28162937786
28183213878
28199257910
28629892406
28726212222
28728735318
28734651867
29179555367
29179583330
29240139618
29242851080
29273565870
29293776188
29302680892
29318766908
29318920636
29321046204
29460302012
29753807266
29809988002
29821127074
29822284998
29822546470
29936898598
29940084934
29944152778
29967588554
29967892682
29967986634
29968056798
29968941006
29969641998
30136546478
30141926894
30172112878
30182085102
30183074286
30183361622
30220050298
30560804730
30686048626
30686718592
30760542848
30781363520
30832975520
30851617930
31295405722
31300911386
31523439113
31523549065
31601707772
31601724562
31616753810
31619539858
31623342738
31687100050
32108881554
32108884490
32118209290
32238948170
32239015890
32283781106
32284361914
32292968634
32293238714
32298476538
32406097536
32466925184
32489002119
32857807233
32858648841
32858654179
32934774243
32970727907
33023363043
33039601635
33054365179
33054370739
33055078323
33056268915
33071630863
33073994223
33074255087
33074274467
33074792115
33076668643
33127491411
33132877267
33143674379
33143714787
33143736955
33216374475
33216617611
33216657457
33216666107
33226360875
33243813775
33340815061
33611501381
33611537009
33692840705
33693263873
33700875137
33719045941
33719777141
33795488757
33813014693
33822223525
34056172709
34059092929
34060834017
34062387655
34070824631
34071758399
34072634175
34072978147
34076932835
34082367529
34097915945
34108136917
34117826845
34139757853
34231165163
34231169955
34302607274
34326748842
34328875178
34588450338
34590516642
34591227614
34603703518
34634669582
34636596750
34678711822
34780501518
34819692046
34819903698
34820096978
34946367036
34950590012
35013389532
35029112028
35327467740
35768099036
35853748620
35854459212
36145479327
36145574399
36348006911
36348546815
36476807999
36476826943
36476925879
36476932499
36481663123
36483993342
36493682430
36531732222
36531745654
36531779776
36535605952
36540713349
36623159501
36655381197
36655417795
36655487800
36713962296
36714846712
36714894967
36716019111
36801662447
36801668187
36801769275
36814401511
36818531303
36884145127
36964840423
36965255767
36968041047
37016117847
37016140783
37075146735
37075228964
37091710244
37102226724
37102244557
37112246989
37114898381
37125887205
37130954341
37131017941
37198896853
37213954773
37213975368
37213990132
37215122228
37221089892
37385020132
37835621412
37835661890
38310945346
38330403562
38339721962
38340551338
38341083210
38504326218
38504578858
38508712746
38508722050
38685669240
38685672194
38685843810
38686296018
38686314934
38687379894
38876750262
38889254326
38889297870
38889335354
38892694074
38952471098
38952501546
39023492394
39023894506
39023895226
39035579066
39035640394
39056060090
39057043578
39059348090
39069757306
39069821934
39106360302
39112181454
39119435770
39124323322
39128438270
39222668798
39229786330
39243704206
39249251544
39249258580
39337510356
39422800736
39423547020
39540745868
39545324556
39545391900
39545596804
39555571897
39597118097
39597484353
39598022329
39639898585
39639928207
39648473279
39648487130
39648827002
39656464506
39751219322
39751249730
39757287554
39758628482
39809174146
39816078402
39839755330
39839936834
39840091778
39921230266
39927065754
40035933338
40036335386
40086105002
40086825930
40228203466
40274877258
40520557664
40522692704
40522834832
40599572016
40599673736
40601592840
40603046280
40603225754
40603354166
40606374070
40621375414
40711454646
40734677942
40807224342
40865875734
40866579414
40915552214
40966940630
41226295446
41241959574
41248023686
41248205466
41268901530
41268902810
41276526818
41279794594
41286453730
41393182147
41393193599
41406185855
41406301307
41432296635
41811827892
42224157302
42233808246
42233823070
42238101982
42452527710
42452559730
42486444406
42563224950
42820587894
42846560250
42911950866
42914954866
42916221314
42916221366
42916279462
42918667110
42953183790
42956685486
42959922606
42960297268
42960678884
42965436836
42979807748
43086897668
43087936836
43114732868
43325434204
43417893212
43470307676
43470314646
43471753846
43472256758
43472260994
43491677570
43535669250
43535706402
43556132116
43556189236
43790158900
43790163894
43824068534
43839995989
43843397205
43855221077
43855241189
43865312869
44289623469
44401944589
44468254733
44502146061
44560808301
44664154477
44680987885
44697076589
44764979309
44782512237
44782840301
44782907149
44804627725
44804681107
44822253107
44822253465
44822312487
44822370207
44822375554
44937385090
44969304258
44969733248
44969756152
44969805928
44995346088
44995355012
44995391956
45040309716
45040640596
45042569556
45071244628
45071934756
45162136868
45162149178
45162158446
45168231918
45223515782
45223998342
45495143750
45504819526
45748249730
45748252316
45748907388
45884370300
45884443836
45884468164
46084558906
46178081502
46180093764
46180554148
46180840556
46812312684
46812387813
46827844069
46838392237
46998963629
47104730541
47105083709
47106089053
47264850013
47366480579
47366929507
47367336051
47367356083
47647249507
47647952937
47653722537
47672914451
47820570133
47961300501
47980528917
48163132987
48166718843
48166722727
48175958439
48176385895
48176484791
48293102007
48295468471
48354299775
48354740095
48378896127
48379198767
48392133167
48433091247
48735538159
48735551029
48740009701
48800769765
48805506853
48989660973
49001313069
49011419245
49099018349
49102444141
49102455915
49102568271
49102675603
49102717143
49105946839
49140945111
49145157751
49156925559
49159518327
49159591639
49161366764
49161428632
49193260328
49693898024
49720087848
49720218956
49730024780
49733597004
49769056076
49770878188
49771764817
49796031569
49821736379
49848511931
49878955387
49918890875
49952821139
50058095123
50058778483
50059777075
50059806507
50065326925
50065354167
50068979639
50069064841
50069548201
50077620265
50078059561
50078170847
50079884127
50079932995
50132683331
50232052291
50232174295
50232299529
50238500745
50334076089
50334088773
50340595781
50500706501
50500976621
50588988941
50588993558
51161094629
51161227941
51194105621
51213217557
51226838409
51236541205
51236653353
51236678163
51236701626
51238827066
51287473418
51288379018
51288435508
51294845554
51395549810
51478674034
51479379362
51479636882
51481245330
51562828434
51564112050
51568184114
51705677108
51766033716
51814075700
51935788340
51938042060
51972646604
52022963916
52218629132
52600481036
52600499100
52846114844
52847619804
52976324316
53287935964
53463528800
53474877280
53480552752
53498618160
53507506480
53522915120
53524593418
53524908802
53972384594
53973495098
53973566138
53991627194
54000868282
54068571834
54069438010
54189385070
54190313454
54191054446
54297775726
54342899310
54561113710
54581320302
54584849518
54587280502
54590315626
55065624186
55065645143
55619274795
55619506291
55659892851
55766634611
55766712861
55844880925
55855464989
56097691341
56098088909
56125696461
56128051688
56128498648
56128535152
56255189616
56393836098
56829994562
56833770946
57456346498
57460942210
57470727242
57521610464
57624646112
57628059104
57628221016
57684686756
57687598504
57687644528
57856862576
57859419764
57861148308
57881926228
57883166260
57883993562
57886375434
58142031370
58142071434
58527890058
58533246391
58536122551
58537842263
58537928215
58540720279
58541357415
58564540775
58589927783
58610542951
58610580911
58619470255
58621596335
58621609244
58621632235
58621735677
58630605053
58631263005
58632339149
58642960077
58745786061
58745786636
58752634252
58774978956
58775082964
59066109668
59173404388
59175378012
59175564172
59205314919
59309470213
59313701381
59314796925
59325041089
59333565997
59333649757
59333663962
59403263194
59403265138
59690359682
59690566594
59704367535
59810116220
59812815068
59843028912
59861200205
59927662925
59939493197
59939731297
59949672289
60230045601
60910347177
60910347437
60913147261
60913176385
61062831937
61063833201
61064121889
61453364133
61453449965
61457870125
61491922221
61491926059
61582302251
61582822101
61606628309
61614652629
61639003829
61795184309
61795442741
61796298613
61796353589
61808906805
61856566837
61857395617
61874597729
61874605577
61874865513
61878493033
61885818297
61892193209
62011882557
62011918245
62013989669
62030008377
62030044765
62284865117
62319872797
62331884061
62332633117
62420184347
62420418959
62421031823
62543316863
62780084827
63317617369
63317668387
63318024355
63320812963
63351890613
63351953557
63355528981
63531872781
63559043665
63569436753
63569531689
63569564333
63920258805
64071412165
64072299206
64570964294
64591731014
64592202442
64608728778
64609103099
64633032371
64724820965
65134313253
65154865189
65206575472
65207113920
65242709408
65410031008
65418623904
65471814560
65471857165
66062262271
66062340135
66084765735
66109356361
66124175209
66217244649
66232741349
66236664757
66236783589
66250686309
66385395661
66457989069
66616002509
66617707514
66617960428
66631034860
66633796538
66671193418
66671908474
66672231162
66672451925
66672459247
66692175839
66789730424
66789749920
66790619888
66791078000
67284605040
67285234742
67286893622
67344860214
67918481462
67918492398
68048714734
68048786981
68610156421
68743638917
68744232933
68757983973
68758003331
68818114179
68895968899
68896001617
68898091537
69080442385
69132576273
69186467345
69193136494
69335446892
69335657332
69344289946
69344324894
69543521270
69543637630
69543746046
69543838301
69572988944
69573109760
69686958016
69879732160
69996983040
70136396544
70295166424
70295468696
70297174448
70297543568
70341585444
70364217264
70367489776
70367943434
70897383766
71390356342
71396719643
71405964827
71651484187
71685672795
71691192859
71777873011
72118983071
72125232287
72125519519
72203374793
72204450697
72207124233
72209964297
72217284261
72220738725
72356914149
72358046661
72951415009
72951420682
72951732106
72976167562
72976476050
73356215230
73421731710
73421795597
73576919413
73616912037
73725382309
73725384687
73731676271
73770325615
73771623919
73772344335
73806459407
73937415217
73954227249
73959828529
74053034955
74053049351
74053101777
74311447175
74312064647
74316564551
74316582747
74316624247
74323642445
74493551147
74601806379
74713491755
74754890027
74755135267
74755198889
75182606737
75183253393
75183290297
75184231609
75186870073
75187896569
75308491001
75466104937
75581292649
75611308137
75612840553
75625759337
75625849207
75641543543
75695678327
75742774135
75745420663
75754818551
75794350903
75794537867
75836023539
75836153307
75836489883
75836490685
75930879437
75932808397
75932846392
75933262800
75978042320
75978155924
75978156140
76077808440
76078230024
76098491368
76103498728
76109006824
76115535912
76184081192
76464366376
76467691944
76467771826
76467849236
76467967572
76470138828
76676943052
76685844684
76703711436
76722454664
76726304904
76757250860
76802131204
76803157220
76804519140
76810506452
76861937876
76962007004
76962019990
76965707350
76971245846
76996807222
77004194794
77066627114
77081282602
77089498330
77089839658
77089864588
77089887036
77089978454
77100912610
77100925901
77104361421
77105462624
77149285916
77251759644
77254658881
77507202113
77557424317
77612799165
77616022653
77616457903
77619552559
77622090097
77622574369
77622580855
77625926159
77942715599
77944591375
77956476717
78122339693
78167035245
78167097444
78203264942
78207955758
78387859610
78391693134
78443643934
78481423390
78483532758
78507772886
78520124886
78529310307
78635305380
78635502628
78635819284
78637867940
78643333540
78689817316
78689819021
78729581047
78731062989
78731962081
78817384161
78841037025
79208979305
79368076137
79371617257
79374908457
79423770019
79488757155
79598466643
80054811411
80078561851
80121353485
80232953933
80296335437
80575734349
80576545229
80577951437
81290731277
81294613303
81722068407
81735780791
81794077759
81848652863
81884410943
81884940421
81885001961
81885671785
81920415081
81945480233
81956197805
82021756801
82021796245
82030178709
82187274133
82745010069
82802007381
82803973461
82807883131
82832166683
82952558703
82952619903
82969786239
83255520903
83273444999
83278176775
83278351175
83294757191
83316220359
83316831687
83353204455
83494026983
84432717543
84433269799
84732896295
84735727015
84787712039
84813861969
84816758865
84858353966
84937712718
84937868894
85078800686
85080024426
85081106714
85082702172
85130835292
85131009196
85153550060
85157074156
85157086696
85157151484
85179411196
85179519436
85179982540
85180942540
85298051276
85306685644
85306825996
85308001548
85394977308
85700501456
85712202192
85714113680
85791181008
85791871274
85794429112
85794477240
85811969011
85812092403
85812106547
85813759387
85813771313
85814311907
85814576821
86014420661
86022571701
86023620821
86023782709
86024484405
86074917985
86222437345
86224579553
86224608489
86224889139
86226886579
86226889509
86229948197
86236232485
86394102565
86406498341
86779363815
86847500443
86847583559
86855177031
86870186823
87299455815
87299456533
87308100437
87309800933
87314030053
87390831333
87562737057
87981979041
87985008041
87994548169
88086812415
88087292967
88143118567
88243675367
88244035031
88244272055
88266678199
88338933687
88638010323
88638455432
88639320584
88639654920
88639685490
88826157028
88826702580
88826815128
89014936216
89036996372
89102175164
89103458194
89141108274
89193560370
89685480346
89691541098
89721462890
89910350954
89979511914
89979829148
89980881052
89983295644
90062781932
90573377526
91164295515
91250536795
91252573723
91266407963
91267082987
91267177451
91267979487
91290533395
91299612179
91876304403
91887117395
91887442835
91889801619
91889925835
91895330251
91905761168
91905894672
91908507928
91908856696
92237814392
92237852296
92245044680
92254168520
92263433710
92263663466
92264576676
92283630756
92330269348
92330496236
92331769836
92332477932
92334922880
92400967692
92520109196
92520669888
92541725376
92543152026
92543229966
92549596366
92552177578
92552652482
92588502722
93137645762
93190833732
93330640682
93333359594
93400820050
93438208338
93438633490
93651514450
94272853866
94274441836
94274465285
94274489133
94300213185
94300669561
94543599225
94543615777
94815996455
94816817895
94816901319
94817545223
94817754887
94850911495
94866011585
94866334129
94866737201
94866803729
94866884747
94876162187
94878228839
94878230111
94926883927
94926890839
94927027415
94927444311
94963097431
94964327415
94971849807
94972147791
94979703343
94979852303
94981260303
95002076175
95025188495
95046360719
95080181391
95080185647
95080342399
95083338623
95084080639
95086671376
95090316560
95627473412
95627598244
95627606498
95637081570
95637091372
95637850508
95645925900
95645938438
95645945086
95899686142
96497809452
96497849476
96497912188
96673126894
96813693422
96818944494
96839557006
96856150286
96856256478
96862537182
96864161758
96894725880
96894742776
96894993996
97154717260
97154901412
97181776664
97186838552
97186877416
97222539240
97223062648
97223198572
97223213412
97230308558
97232825390
97379894307
98000600129
98000948929
98007535297
98041600705
98097330881
98258340545
98273380545
98282127553
98286397409
98308768785
98313899025
98913514717
99172772309
99173145941
99575137621
99607778645
99611108693
99663340885
99898650133
99898926821
99899072533
99919482901
100101193349
100299940549
100331987653
100335093865
100335373831
100335379343
100335382615
100356436055
100362997015
100741983703
100745613527
100801875375
100864974375
100865200971
100869318603
100869595718
100872188446
100872711198
100879709010
100904679234
100925891118
100926296622
101092231726
101092817646
101380863214
101380895634
101494879122
101501181010
101501731602
101547516918
101714033923
101725906947
101726434171
101726448613
101883001822
101883213174
102006400550
102006412248
102007868408
102007922704
102008675824
102178462704
102217337896
102218544360
102753029352
102781678364
102879196444
102950794700
102951114940
102951313724
102954117436
102954363596
102966585292
102968422572
102968503980
102970119532
102983159351
102990511799
102991181715
103119540307
103124620947
103124706323
103149470753
103151762209
103151803617
103153872097
103156003041
103157171489
103157413281
103158413633
103158439361
103172955329
103175336385
103190082241
103190554561
103267138075
103297857018
103309009187
103451554323
103551255140
103552128612
103553142244
103554848302
103555643982
103556223838
103556559710
103556768526
103558279734
103558752366
103606037308
103803234874
103944131366
103945131206
103952956614
103953513414
104001258438
104260193071
104263684143
104264176303
104264306127
104340069431
104341435277
104665166593
104689163021
104833768205
104834040653
104834179981
104834369997
104834396485
104895013189
105036065269
105040840875
105040845870
105043237422
105050797357
105063958625
105064336321
105104174017
105104607169
105172480193
105202783425
105204024145
105273157905
105273182166
105296490454
105299853398
105299906341
105663313381
105679849189
105693481421
105707256709
105911801221
106062489378
106063572130
106064782882
106432492718
106449262766
106455465134
106455935908
106455937000
106507887534
106542859374
106959387174
107023011366
107039961934
107140125518
107601100146
108210814322
108210925294
108320617020
108342816028
108343968892
108346075452
108355060794
108484992058
108488547898
108489822266
108489885234
108497085378
108587584743
108721760423
108721798887
108730203879
108739340519
108740568487
108755916927
108756798335
108756804223
108883318729
108903798550
108951213734
108951616174
109101199486
109109804068
109110176036
109357680932
109362475940
109373886372
109405620644
109405665700
109894815220
109896126516
110093731380
110096703668
110098082996
110293384532
110307262804
110307386048
110320888078
110422817038
110424299118
110458237446
110468176914
110474017842
110535154738
110540752194
110631346546
110631351733
110874022837
110874135221
110881030753
110901530056
110903861448
110904023464
110915042472
110933753000
111491713993
111494026185
111583652152
111588481848
111588570616
111704386526
111788878182
111806318182
111854866726
111855360454
112045511524
112173968261
113006320737
113013027073
113240348992
113241105216
113241107142
113401972239
113402326831
113418902575
113437399791
113448975087
113582512039
113599848515
113607354047
113721972060
113722020588
113722375404
113723554236
113723753900
113731853740
113990836818
114287518290
114373040722
114376005970
114377521498
114435213882
114435251031
114439287867
114442060507
114443064196
114443075436
114864287116
114865561100
114870282756
115208031287
115250856503
115259572791
115261591095
115382387363
115382829267
115382836305
115382928193
115383018369
115392183169
115392615009
115393054217
115393084889
115393567121
115394757169
115395070513
115536637489
115605369873
115615126801
115664372625
115667351921
115755739505
115762186097
116150372209
116166109041
116178084465
116178858673
116235158457
116252818141
116323046473
116324426569
116326785233
116334673105
116349466833
116350556513
116374493501
116457497501
116622463901
116622483853
116687693285
116690290149
116691290879
116815457023
116902556415
116903356767
116981119327
116981551623
117155382007
117156258535
117158199527
117288687503
117291072143
117294406903
117317070199
117319961527
117333156239
117474263439
117474842127
117474950075
117518846194
117520372114
117534614034
117549559570
117617650898
117617657952
117619048544
117621309070
117621309731
117828311331
118091753635
118095758243
118095955707
118100104955
118100180867
118101000451
118101935375
118179373993
118186041257
118186411359
118188434527
118277653599
118325552223
118335603057
118383018353
118383140193
118412308575
118412331736
118414293688
118468214968
118590548152
118594936504
118720972472
118720976128
118873203200
118886089216
118939894272
119465387520
119465970016
119798569312
119799344192
119811587136
120142417740
120142440495
120240700451
120486102807
120486140831
120491435167
120491463117
120870016461
120870019175
120870699111
120871059783
120881449415
120882590151
120884367431
120884987741
120991278941
121199232681
121199615785
121252910889
121253548121
121253978873
121268096633
121309394553
121330036857
121330308217
121330958800
121332017648
121337594352
121599497456
121599568708
121778356248
121778413764
121933169924
121942332692
121942358830
121998498606
122093335342
122108367694
122109101694
122119706014
122142503966
122182889722
122234802426
122419782874
122700859937
122774304129
122774307053
122783618541
122784321149
123117194033
123117659969
123150988609
123151844193
123152436577
123667292061
123832021609
123854718105
124024885497
124297264729
124308850265
124319993433
124321694041
124331916553
124419344755
124419371389
124528691581
124548097447
124595032795
124596501683
124596860043
124602451505
124603030577
124605197361
124605243487
125151486047
125151487075
125180339551
125195062291
125594951935
125631930623
125631997951
125634990195
125647351893
125648287388
125648391480
125648418538
125654110442
125654123446
125666322870
125719572446
125720851574
125720857542
125727198150
125728115654
125748707782
125749068764
125750464348
126092306268
126092379156
126260309048
126348826456
126350161816
126350286159
126359588175
126359926127
126508684655
126726788463
126917147439
126968153527
126968166135
126969096023
126982562647
126999556695
127004538455
127007188695
127007219863
127052417742
127108654606
127109941358
127109965506
127205009090
127205425026
127205601522
127205862082
127526783682
127544062658
127544199090
127680321258
127680339978
127710951434
127711706346
127723601130
127919054946
128072730722
128072749950
128074381438
128118425726
128138627198
128385962379
128386111015
128557664023
128557774215
128558119751
128634063687
128635005995
128650216203
128650642091
128650684363
128650831531
128651315667
128870246003
128870267999
128870338075
128870609191
128872123815
128872126449
129015524593
129644555505
129672089849
129770826265
129779961113
129824469785
129836891929
129836944119
129837028497
129837759281
129837778929
129840321457
129871039453
129871162309
129993862085
129994013824
129995951056
130136992720
130544549296
130602885904
130701445904
130701499408
130776325136
130776401728
130777403200
131008596828
131419646172
131423359836
131423591193
131430782617
131431402497
131488818689
132021700865
132401326337
132401359805
132432094141
132714636221
132714644123
132764220851
132794648951
132794680247
132818868151
132818881912
132818946232
132819103568
133080605408
133081562656
133082612480
133086438848
133556031168
133570218688
133865259464
133870495516
133876840381
133906424765
134001065554
134003484266
134193344362
134203751274
134205131670
134560353174
134561295350
134619270454
134622627734
134623294126
134640437422
134653234350
134836673710
134867270830
134867335433
134947892029
135283645797
135283650671
135286209647
135301942607
135304936783
135305912847
135306253007
135307123839
135307828543
135423326527
135425936191
135648583111
135823539655
135823807407
135823987887
135823994519
135858778529
135859674337
135863061729
135863860289
135866271297
135873203265
135873207180
135877755916
135877824882
136880598010
136988248058
136993474042
137051014650
137053836794
137053858249
137081078359
137093585399
137094129143
137104624775
137165104632
137167289336
137340466168
137340564300
137595814324
137621381556
137621687588
137621698494
137647745982
137651042878
137725155467
137731648619
137750620139
137751138475
137952387243
137998997675
138001598347
138112665483
138114002955
138424687599
138424752959
138927755099
138927804643
139128210962
139128626418
139132531058
139364197746
139643034802
139647039426
139648553002
139680319468
139680357132
139680581702
139682414662
139685631558
139693452230
139702563046
139703614752
139703625544
139703702344
139815347528
139822250696
139822299307
139830451883
139963661379
140061605495
140482264695
140523966199
140524140279
140594362103
140595035703
140595047886
140808742350
140811216974
140817829038
140818093070
140818635210
140984384298
140984449506
141019237270
141022272698
141095378106
141155301484
141155391340
141202247532
141202901612
141276718248
141282951384
141316580568
141356913800
141357530824
141799571004
141928331836
141957632760
141987211056
141989817408
142018185692
142054461612
142059284908
142059585362
142064348754
142481579890
142744010610
142744125002
142751965194
142751976342
142754096242
142779668594
142779743619
142831625075
142847430735
142924227082
143304342242
143314933370
143316639130
143318620464
143399498080
143409041760
143598149072
143600280768
143607987392
143608050940
143613031932
143727941116
143727999193
143728620241
143728721185
143728814177
143738288737
143741221985
143742225505
143742320601
143885754783
143967575807
143970642839
143985529751
143985683155
143985900979
143985912488
143986183976
143994210088
144157818984
144233475176
144233688840
144255078152
144440726280
144570037000
144570212732
144598095940
144642670934
144661160534
144661263318
144715717757
144768727165
144768868453
144770446469
145158685829
145158713811
145199823061
145522145581
145522190637
145523657133
145580566957
145583370541
145633782317
145633903501
145637388685
146379045588
146379179820
146402176812
146402527916
146408281460
146414019956
146414452860
146927320112
146927432944
147305520496
147305603072
147309299040
147311954816
147315721088
147317159680
147591264000
147754850048
147759452096
147759599728
147759636272
148032347952
148033606208
148036731712
148036917064
148036918089
148042114145
148106166971
148106659451
148186276614
148188808582
148197765604
148613140964
148631224804
148631468868
148634561348
148654317956
148687012228
148687674148
148688542500
148691525412
148781012772
148789242032
148789352216
148808670968
148808953928
148891573472
148892649686
148961220822
148963479446
149150700663
149254339319
149285995557
149286045245
149286054837
149290572725
149294878901
149462167733
149462684504
149489265496
149637104812
149637891529
149698250185
149698307809
149701259233
149729911681
149918569345
149918885081
149918930889
149997361764
150019010596
150019853860
150020229844
150132860402
150133510770
150145045106
150145457250
150239892578
150257306210
150260612706
150414137579
150422776187
150575712745
150576413161
150577193833
150577771317
150577787573
150579560637
150778483389
150794801241
150795326873
150795590809
150797950457
150801029337
150809112025
150817822537
150842488249
150844110521
150885143001
151221568669
151221595421
151221628317
151437395614
151461962910
151464101328
151467816576
151468836594
151519643378
151520132562
151647071698
151648187282
151650706856
151652541864
151653342120
151653708598
151653717542
151923310502
151941377958
151944614758
151957550502
152032581030
152033022374
152133850022
152134167782
152134168628
152134535396
152134875796
152163994260
152446426948
152452034756
152454800132
152464142284
152464293884
152465692092
152865508628
153041136916
153044311316
153044370324
153046460474
153058895834
153059494698
153059627556
153126550788
153152246108
153152259832
153154656936
153156225808
153156372592
153183724656
153262130288
153263455824
153266624848
153269688716
153269926156
153326589708
153344276236
153345769068
153350376812
153351071532
153376554796
153503653898
153567816906
153575193390
153763127671
153763129219
153772713754
153773359482
153812910458
153823157626
153828859034
153829819482
153868291562
154352334098
154528576786
154881363218
155029757512
155032477256
155034487784
155034510786
155034555106
155273286370
155480675430
155482165649
155665469687
155667351799
155836189615
155836407919
155846547375
155846561687
155848376151
155858770775
155901438359
156236618391
156531798453
156545671605
156550187509
156550262849
156572411969
156573347041
156589100257
156637671297
156689919745
156690087569
156730080991
156745503455
156934503916
156958188524
156958213136
157035948416
157036012874
157053402570
157201107290
157201864506
157277138102
157277341702
157277345998
157283405518
157287687694
157352293998
157352416494
157370433618
157433606226
157503899634
157503903286
157649283830
157650968257
157651028225
157656495489
157935075985
157966894833
157966907409
157966923455
158049466047
158643558079
158644025943
158656944727
158837536976
158838002960
158849759760
158850029708
158850501900
158852017404
158902566140
159011235068
159020538876
159079585212
159267349198
159291315406
159521261798
159522074214
159604448870
159604837318
159968652230
160019561498
160031979418
160518487976
160523184040
160755617272
160780417528
160851446264
160865523240
160866044968
160866644232
160866854856
160880523208
160882467784
160890971848
160977233608
160977708824
160979902808
160980277976
160980405272
160981317016
160982880600
161006518920
161120948218
161121043346
161213276026
161587009246
161587030014
161587727342
161588562875
161588879739
161589048211
161634954035
161832250163
161832473315
162064237283
162081278451
162096694236
162098506412
162103375916
162103416016
162152781008
162285912784
162286685269
162287142441
162368272005
162368458917
162368462868
162515936616
162529244520
162819785323
162842928875
162843203659
162847825139
162988982265
162991185529
162992510073
163060564993
163450928129
163466332161
163466513953
163466517641
163500466313
163572932489
163576704009
163586966169
163672937464
163718971384
163719061564
163719131928
163720061144
164152825622
164153664838
164177522438
164276141702
164295839946
164296045407
164311235423
164325789535
164464817856
164464839544
164479327808
164496241216
164501784128
164502073836
164504110828
164504846172
164509630300
164511464088
164648540076
164648550564
164648581220
164648904036
164736339940
165103174288
165346614160
165828187096
165849951768
165849952912
165850732594
165949479770
166031259738
166033945306
166033987466
166103132658
166143898098
166143912258
166243679702
166284262350
166285102298
166285776254
166302255742
166302861598
166303027732
166303547052
166341647212
166342901068
166351170892
166365483129
166365734815
166365792699
166365917785
166379820633
166399182425
166422120025
166426715737
166426846973
167048038141
167048039133
167096650461
167096712753
167120178737
167120372961
167120387745
167124653729
167127437987
167146909541
167255695205
167255730597
167338965761
167338994571
167339262811
167339497819
167612537179
167779043675
167779202251
167779204643
168171011619
168171971203
168172049833
168289947137
168313700701
168315230749
168418554397
168420416353
168728681313
168734310241
168763178145
168806566293
168903272853
168906294549
168933903237
168935958405
169069023570
169272749286
169295759718
169297672582
169337335262
169337346011
169337351283
169363698291
169363905755
169364849003
169385041899
169385956603
169435004155
169435020027
169564896763
169566385115
169595857343
169595913406
169638535254
169638646798
169638885726
169641961822
169732278962
169733366898
169734225074
169991329133
169992069293
169992143464
169992199017
170140281705
170140686169
170579615577
170599771993
170600765065
170667890313
170671334153
170692176181
170692203093
170694087445
170694656917
170694663897
170721785721
170726739833
170727089881
170739027909
170740192925
170758686877
170758856797
170760038013
170760082497
170760413857
170789365793
170830583905
170831314593
170831365905
170926562545
170948002721
171027162017
171028020961
171028673761
171176674273
171176718921
171232005645
171242311693
171258725613
171264954553
171483554184
171486610880
171506843136
171743247872
171743395464
171785992840
171891864200
171904590984
171949299336
172014914184
172212142097
172330218929
172782886410
172783201722
172813458146
172813628666
172820242042
172828689786
172829684866
172881789440
173339976192
173487620810
173487708598
173508559286
173517418326
173593861974
173594662262
173594676406
173594836566
173594854822
173606749125
173606761717
173607180149
173613591275
173616141307
173641818139
173644763291
173644795927
173657208855
173729077271
173753198295
173813412695
173813675063
173813754423
173814832197
173915155138
173915690514
173919450386
173969797394
173978646290
174011606086
174546942790
174636279110
174654221638
174746378326
175000588374
175002737206
175005923830
175032554642
175152644002
175153317538
175710371490
175737286306
175737539426
175906786146
176018836802
176019420242
176019563786
176470221778
176471046550
176471213216
176471610728
176471673518
176479001134
176480499068
176481401596
176759806716
177479511996
177479568215
177496262231
177496493639
177498595655
177974220391
177974445723
178019472211
178020813459
178021435891
178022241427
178048372827
178051591515
178088512859
178115539440
178222676464
178226521072
178226739512
178226929724
178615691420
178676724152
178679894584
178680317368
178681210403
178766398995
179342387859
179345408147
179349649171
179349882387
179350737299
179350882019
179377744499
179493907635
179497673624
179513120408
179754108568
179754694664
179755893000
179755931160
179792553496
179792651120
179793568780
179901415436
180176307343
180176469967
180176864279
180194769175
180215505175
180217422231
180226111943
180226122879
180226182463
180230006847
180230412959
180230674975
180236637503
180259026239
180638332223
180638453575
180957175983
180968224687
180972304303
180989267076
181026200756
181026900188
181300318792
181300580424
181312809030
181313762982
181318808230
181320233510
181321787628
181499592940
181519897212
181709976188
181784646716
181808153382
181808278690
181808669442
182522848002
182528162910
182528891614
182529022278
182534525638
182536517630
182536539496
182702837096
182843075944
182843400208
183104430096
183104604116
183104624198
183335712774
183335720906
183397560874
183554096830
183554568646
183626158534
183629101542
183754701030
183755854822
183755856010
183756194786
183756445849
183756992230
184036218086
184036259433
184124494441
184588186217
184596246649
184596303261
184611355037
184615740777
184615787399
184876884423
184876913415
184998307379
185000983491
185001004924
185001797116
185029827636
185034856500
185234606548
185253182564
185295731668
185304191956
185304455508
185306806612
185317535572
185317563768
185612450040
185614312112
185614397174
185666132362
185790788042
185870119370
185870710526
185878181630
185878192446
185880676254
185881043977
186181469961
186181839145
186187761833
186384132265
186389524649
186561388713
186731004018
186786230386
186826548338
186897679370
186897903870
186905771222
186906135382
187218660855
187218702669
187231466317
187234199853
187235983373
187922522029
187922576173
188064316987
188124912763
188125050139
188125530151
188261305383
188361878567
188373279783
188602568995
188616791331
188616813774
188618718414
188741081294
188765944766
188782199094
188922208566
188935609640
188935660184
188936344120
188937475512
188939811864
188939826827
188940171083
188944994819
188945043275
189180608331
189180659531
189224460107
189224463508
189234602644
189276622484
189279333652
189279346842
189314158234
189473099418
189510313274
189510334076
189519720316
189536849104
189551129296
189554703126
189558825014
189558838481
189840745681
189983548625
190006478033
190007130449
190187546137
190567025689
190574811673
190666669529
190667756089
190668257351
190668359173
190749371765
190756414581
190757585621
191133402581
191136388101
191192353555
191192360763
191351144251
191354910747
191355430683
191395613467
191399107803
191399123483
191413030291
191413061472
191558739808
191558757772
191618973836
191780950540
191805055500
192439342160
192447234296
192447361994
192475795658
192498282698
192501794129
192501822065
192501822068
192502604556
192502856170
192503874858
192509967914
192536484300
192537488524
192537731548
192626045404
192674399708
192684154332
192684561611
192783543499
192934449355
192935049243
192997551723
192997932011
192998760468
193113639948
193154525196
193154632140

