34092648
156100390
284317470
805995118
825554008
986134616
1157585432
1237124904
1241034724
1324315409
1324871806
1327652604
1328143100
1332648156
1589723658
1589951466
1590112170
1688284431
1998090123
1999416651
1999425532
2564359052
2569625484
2705858444
2818449088
2912257256
2921320424
2935628776
2958511627
2959503115
3252178722
3255626770
3306709138
3307414610
3578286226
3578542142
3579225278
3628168394
3648687130
3648689290
3649141146
3649177274
3660086236
3661537302
3667731990
3770924374
3833378629
3847306433
4045722853
4054839525
4054886555
4092521051
4106646107
4488925787
4488929549
5096311246
5182245326
5512867407
5529143535
5586381039
5586489727
6042898559
6056003947
6062170987
6144260523
6144727771
6145590459
6145702371
6220454839
6224933943
6547792951
6649741347
6876139555
6878456995
6903624219
6905575451
7308010673
7698924721
7703512241
7747200177
7748428183
8019164055
8019272471
8259693079
8333533735
8337962731
8379372597
8380776195
8513770563
8543529547
8948719129
9089668633
9092116121
9093044201
9096185705
9873643735
9919940823
10026174679
10028198927
10030459359
10117562224
10131109790
10131385382
10136319014
10336944006
10376926598
10385529024
10386139539
10437906931
10471963167
10504644127
10908271560
11347545276
11854699932
11854709660
12182660572
12733867244
12733898512
12879260145
12880315537
13240839676
13245764444
13358210526
13364613390
13375699726
13414251278
13420853006
13615329305
13617769433
13647862745
13756904673
13799708513
13859002209
13864932673
13874170177
13878702577
14146337836
14152822072
14158725664
14168563968
14208955200
14307847010
14610040882
14616634866
14619842802
14619865918
14619906146
14619907978
14620117922
14627233096
14627267482
14627862756
14647845432
14688331832
14724880696
15189908152
15387508382
15413995678
15834879050
15834944820
15835757092
15835783056
15836449200
15848975460
15869845440
15870510320
16082309720
16096227416
16279400032
16597585504
16597898368
16598549284
16719025268
16728350836
16728488212
16748115784
16881772360
16976670536
16976789433
17022739897
17025763545
17561177515
17596145067
17596221867
17596520919
17809771259
17822860027
17824574459
17828855669
17830192757
17831091818
17831979834
17888377146
18196634202
18303934016
18383722264
18401241112
18404320442
18414635197
18551128253
18551844605
18557867773
18852943357
18854287101
18872699629
18879671141
18910379694
18927654574
18979840302
19059836094
19186381438
19202273398
19202996766
19219202500
19219207192
19563011617
19815071265
19815287537
19859705585
19861482147
19864561827
19864571491
19866480227
20164007267
20304793687
20411502679
20411524613
20486848901
20501389515
20515377483
20535352075
20593646895
20593739669
20593802141
20634106269
20686978021
20688228932
20688533240
20688944536
20703404964
20704785572
20706330788
20904792618
20905307182
20907540718
20908317486
20909864238
21071405774
21288083470
21416591374
21421055246
21422948462
21537218670
21537634702
21538749246
21558177203
21874155923
22063782569
22064859465
22064868543
22065134399
22164501762
22191002194
22196251186
22294089162
22294274986
22310634365
22607889277
22656544637
22666334781
22674310095
22674326503
22684112813
22767119712
22767186944
22854538912
22860130112
22961390400
22964590912
22993627456
22993645216
23175247345
23316555991
23361416239
23477936171
24110688555
24115310379
24200496180
24207549492
24208158438
24210159334
24210165014
24217742102
24257458646
24257470000
24258053440
24262053894
24266743174
24311503262
24355849790
24359368254
24367404848
24556570664
24595432164
24595977988
24632915716
24633050500
24711000020
24735406292
24746226132
24817679828
24818910644
24818962132
25102332128
25199039500
25203225612
25245264140
25247297838
25247302884
25504978788
26050287460
26227277284
26283325236
26284930164
26285170960
26285896976
26285917208
26511260696
26610951968
26611058066
26651411858
26653251362
26750818146
26903863014
26935347174
26935567382
26935581770
27025772785
27029525121
27035197159
27035297799
27035381911
27038570647
27114223895
27707334652
27754772988
27754972220
27755377688
27759236120
27805512888
27808954328
27808983896
27813781526
27927541086
27962507374
28223294530
28225400935
28477282583
28477288493
28493455701
28550067349
28604295637
28615520501
28785874413
28785930219
28982398955
28993539019
29018536011
29025677376
29052632128
29162377708
29255667336
29255668136
29334654376
29334698622
29356450502
29418387202
29504345742
29505610514
29508371098
30151593408
30275047712
30308610720
30309728416
30309758087
30326566791
30331338710
30504118400
30521730688
30540462178
30542132418
30914475202
30950287554
31098763720
31151172040
31151564904
31152775443
31154502873
31154523551
31165909663
31242109345
31242126305
31243492117
31244844165
31245430225
31249004241
31431094481
31461216465
31484705105
31485517079
31990381847
32454416151
32507846615
32509228787
32509622899
32510882499
32512922859
32564393195
32595891824
32599818960
32666118792
32666281290
32673583730
32674119154
32678359142
32678477478
32701526607
32726687153
32988833345
33028093614
33092954378
33095567626
33152178442
33153001418
33153937354
33268555370
33276579690
33363665746
33363682834
33377699690
33379199532
33406412460
33418792300
33455360138
33470469498
33500784582
33517570946
33526487426
33528739202
33528760503
33584112617
33584461385
33604295823
33897348239
33909528547
33910203891
33971368030
34262200414
34280204914
34281182130
34281197550
34402249350
34402304842
34402976007
34405031933
34444151325
34532892199
34539925083
34541802539
34787062827
34787211023
34815808311
34827942077
34932458513
34932620881
34932636510
34955242334
34972773214
35051004950
35054247374
35195577074
35200203722
35258033098
35280000754
35293739562
35307123522
35329189147
35379469019
35489034943
35491164863
35493367295
35493376307
35493894771
35830667891
35875425907
35908305871
35916898767
36102406471
37194117175
37224780087
37243243095
37245077440
37488968000
37518150976
37585189248
37779919232
37851835830
37996900694
37997002326
37998954998
38014191470
38014830640
38463793200
38482501392
38494595600
38663293512
38666271112
38677520264
38813616628
39172663395
39546380805
39550342711
39582609127
39701152762
39851020856
39853621688
40010408759
40020774310
40020804782
40030175608
40048902520
40051734904
40067241800
40159387102
40174775774
40178662878
40178744586
40186783690
40201089209
40254548025
40257279893
40333163742
41058325894
41064795356
41064846007
41065030583
41312674839
41397980183
41398062087
41415644167
41590597703
41746270119
41814925799
41814947816
41815127840
41842132096
41842284112
41843006928
41845649168
41861288880
42499019389
42499028658
42685730516
42693218900
42693309364
42694431156
42695830290
42719439774
43131221246
43875355534
43876102904
43935888908
43936740108
43998773004
43998993100
43999095746
44156644945
44267319481
44267507513
44306469177
44491862857
44502303657
44502339473
44520095633
44588202077
44590277973
45058029589
45096689162
45196271306
45465577362
45472309778
45919364618
45921033310
45921585310
45927796670
45929478398
46094772982
46118036004
46397244452
46398208228
46410630372
46487235102
46599331406
46600981134
46771190106
46771231810
46771335282
46778508839
46781053551
46781063728
46818367615
46818420645
46821508005
46823632389
46826017029
46839573227
46976120299
47155497283
47156496451
47165712963
47169249355
47173470795
47242821707
47253144651
47263442494
47319260734
47596039742
47763624990
47765056758
47850743652
47851358574
47858139954
47864098290
47866437170
48281760498
48281884994
48281955330
48295367558
48906587190
48915415377
48918525117
48918545438
48976398494
49047434201
49081933785
49083825881
49391837369
49392018919
49403280167
49403630599
49411150303
49416439903
49763088463
49931620431
50273094483
50507579427
50533072931
50553262243
50553689699
50553875555
50741648157
51005909789
51024050931
51081661553
51081662603
51111200531
51122517667
51130472995
51154578635
51240195275
51240219325
51240405757
51242887165
51252442365
51288155258
51291559690
51300011266
51402477890
51402966834
51425462578
51470392210
51481453122
51614882026
51617748266
52221125278
52230893790
52428055578
52428781626
52592097338
52592294586
52780301306
52780322522
52783351946
52784402878
52863897054
52868818974
52894933022
52895081742
53335987942
53536244982
53620606198
53620642319
53624670443
53624682469
53627395145
53632367250
53660551554
53665569922
53666079058
53673018024
53698113516
53814493932
53873655532
53873910108
53875445556
54172028266
54173690346
54197103138
54278179938
54804720738
54949587778
54994512706
55015063106
55016359604
55061988180
55062439124
55323177457
55564663673
55717025836
55902127660
55907403390
55907490686
55933531500
55933707100
55937036636
55939660960
55981916320
56039467360
56653919436
56654100570
56655075290
56655145246
56655411966
56658376490
56658416042
56658479762
56658995474
56670361810
56671053106
56671061387
56749289631
56753695201
56904182241
56905795912
57138796447
57149886991
57150079927
57520927159
57586617310
57588610398
58082047470
58426494736
58426657552
58426704626
58732085154
58739593834
58741410090
58758834474
58761839914
58823084330
58848645686
58848671734
58896857364
59064800212
59064947224
60029725112
60029754392
60235901786
60238490650
60248742938
60248794326
60295718102
60447268054
60447366944
60855721760
60856890624
60856921584
60994260464
60996927280
61008950716
61100226616
61100943064
61459502394
61507876410
61636075718
61737504966
61760000946
61852042930
61866165938
62140528370
62144938738
62152706802
62163940082
62164103732
62164136928
62166957538
62190247394
62191229154
62201668578
62206642412
62237313260
62370315900
62381745686
62510820086
62525168374
62584511222
62588553232
62588692272
62622635843
62640296211
62759654549
63065103509
63067737557
63477645874
63492417938
63501998850
63661286146
63663373058
63663570370
63725723074
63738682306
63906991618
63907444874
64193977162
64279117578
64283686858
64383031673
64418479733
64425620719
64426000663
64454127705
64458515289
64622220121
64624878201
65164241766
65183476694
65318961262
65342679150
65342723298
65362929770
65363184506
65742363898
66046297475
66046637923
66055006167
66060601303
66082998231
66083021092
66083106132
66083706964
66145151060
66169784404
66734623444
67458182260
67458230580
67466686772
67502181002
67510950922
67642324578
67718899762
67721744456
67896714330
67902000218
68188860506
68188993962
68189216770
68300994824
68346071304
68360669748
68361745716
68362745294
68399735630
68613179962
68636204602
68636410682
68637040070
68637286950
69103072006
69106466310
69592669702
69624537074
69818970114
69820468578
69820624386
69821036290
69821061594
70046564798
70046846325
70058292881
70058293767
70060911111
70111989255
70237619175
70319201511
70424466867
70566477615
70570015935
70570037764
70822840836
70908465668
70912997636
71180716500
71403940812
71462869964
71465768776
71486917844
71488199892
71509607636
71524553940
71531627732
71666785786
71937114074
72018724826
72071594266
72082373914
72124170748
72124173483
72226540715
72404369201
72451144074
72519143562
72576397338
73056751642
73099816986
73100323492
73106963886
73109954862
73175429422
73249069828
73401895284
73530713044
73531388308
73553497236
73553748972
73573521912
73627214328
73721643892
73722073882
73736446490
73741826330
74036514898
74041923410
74044462418
74087034194
74247708436
74564445848
74570562968
74736246168
74749973320
74750356024
74753122872
74754573368
74775940152
74870888944
74873188336
74937732120
74938429800
74991079136
74991117501
74991912637
75070105277
75073389293
75073505917
75073800117
75221064193
75241811597
75241832653
75278196941
75381966815
75389992415
75390107135
75460678951
75707842317
75723280141
75727004781
76449387075
76794121283
77479767107
77749521049
78074337945
78097599813
78449282373
78450139013
78451598941
78451880645
78451993541
78950347455
79358790335
79358805331
79359168979
79438125843
79571059987
79612661683
79613869379
79664982355
79665007806
79665258942
79665315686
79689522022
79695926886
79697629478
79706597030
79756546214
79982041886
79982506102
79982951458
79985499346
80199981117
80294965357
80304459885
80721101543
80864293831
81047961573
81047980005
81048112517
81145803778
81257379722
81303065232
81305184478
81517824222
81807118558
81838065580
82490221572
82526297092
82531999372
82554249868
82554506250
82555585546
82575790090
82836601354
83299155408
83676081856
84015558336
84016640832
84472618991
84476642809
84484579065
84609808588
84919269468
85291564380
85291568604
85340197340
85348555740
85361870716
85648078485
85710557333
85810568341
85812413589
85814466669
85826518509
85829418173
86059381021
86074205042
86170735474
86170736370
86208951447
86275530903
86276083011
86276264643
86280923331
86482546965
86959591701
87220386325
87377779721
87380482057
87540273065
87545263630
87545636366
87545675002
87650489962
87650555878
88195153342
88203139278
88270826112
88277499222
88299582016
88390840896
88455849792
88555054855
88698959623
88702563591
88774333703
89009801413
89010562849
89466489953
89488836641
89488885281
89554682089
89554951785
89972639153
89972641024
90052356864
90082243712
90146931209
90155143177
90158638473
90184596873
90184656875
90197995975
90543058215
90566026243
90668400067
90669425795
90781928067
90783747165
91238370397
91239179254
91274771446
91284023476
91338604852
91609109309
91609179311
91612040415
91641303087
91765778397
91765826381
91980407629
91981464397
91981642461
92321743885
92380911619
92414008369
92608217205
92611038581
92734204277
92783007669
93311422085
93752669621
93752809837
93766900973
94054071533
94082893871
94451597277
94488240265
94494360305
94741914331
94762864935
95141516807
95141827255
95160266631
95640818763
95756389185
95756729409
95765340273
95800752241
95801292145
95804175409
96051482677
96302060413
96376223189
96380863002
96385489434
96428354578
96476421362
96485196118
96929991277
96949062253
97072657155
97092712195
97232468669
97328688477
97353898061
97366270541
97454934605
97548736203
97549460726
97583020206
97721675118
97750937812
97760059284
97770440596
97770826820
97770971156
97801378584
97977627510
98239256622
98383175228
98389857076
98394464564
98406124524
98453522267
98456523099
98458137431
98480867927
98482995399
98487892167
98488038087
98493461463
98496012991
98519517375
98666518175
98690215481
98691609821
98691882349
98801540907
98811956257
98831794017
99010468905
99013213225
99013432857
99099276185
99111116697
99116023193
99116068243
99121861553
99197408617
99225625961
99236978025
99237776073
99304430729
99304449427
99304757651
99304868295
99340540289
99347180497
99347316349
99445532109
99508896131
99532968131
99543830723
99612540499
99612567681
99623470721
99851267024
99852641488
99866563090
99976166706
99977563303
99997961991
100062573591
100077037754
100077129197
100077341448
100077902664
100084113200
100305704724
100405681186
100406636546
100738884490
100739034024
100876806344
101521590472
101527046504
101834579904
101834628112
101843532728
101844906134
102127049803
102129548072
102153268200
102220026522
102409153078
102850163254
103013724726
103068392841
103077445795
103077570105
103281386073
103476165209
103487502937
103494638481
103549386742
103811696342
103813899222
103911100094
104087613118
104126398142
104142155166
104183307870
104223521346
104223549202
104259197166
104259214510
104313283758
104349356150
104504959350
104505085750
104505652950
104514113238
104526886102
104528106374
104586703912
104586820808
104592835784
104594774792
104594800144
104594840036
104662346084
104818022756
104997622116
104997670060
105091248828
105132892256
105133165787
105133173499
105148599675
105483455867
105483520235
105483624003
105484040067
105485776588
105767533747
105896145675
106422039307
106503148299
106617783715
106617855531
106617858328
106618223196
106622333308
106622991772
106781620914
106788293522
106814042882
106819905526
107122970439
107148847239
107149002735
107150747055
107150803919
107152555028
107171346452
107199363092
107243606544
107517293167
107814429102
107814520674
107918661474
107919994498
107926529062
107926944710
107926966886
108355244878
108591677198
108592825038
108672193486
108755469898
108786686418
108864228802
108939065364
109002806292
109003314772
109090957348
109111181348
109116477418
109134944340
109424729172
110165889996
110418003848
110515895796
110640397012
110640602140
110649629616
110681790704
110829027568
110829598832
110869162096
110870546416
110911562224
110913063838
110990813598
110995770462
110996258295
111088975651
111107419683
111163636259
111176919883
111745509323
111764246555
112207056488
112218740604
112240921892
112241256740
112242473508
112267267876
112317017892
112317039848
112317086248
112426816280
112427064120
112427148940
112427592935
112645005921
112651352949
113028279157
113028284031
113028526691
113246566499
113246606131
113268867122
113702699366
113790127974
113858588390
113858615106
114105671106
114105703498
114160748490
114320474658
114322315298
114322340874
114430511378
114474018066
114526934146
114527926524
114815894396
114903476556
114904346572
114904356392
114904597360
114929348464
114935560624
115297765966
115314342530
115314512482
115314812018
115382075978
115383047946
115590289162
115606248038
115613045606
115614347878
116215907336
116222374336
116234237144
116498318296
116501283608
117050230200
117051414584
117162118200
117162459640
117163280452
117174716484
117220186748
117244387964
117246562340
117265105780
117278837911
117283995191
117286173987
117287438179
117454705059
117659186531
117659940403
117661358867
117708905163
118157271427
118192940675
118193604259
118242324075
118242596339
118325351923
118568161389
118569309037
118656408669
118658481501
118725582543
118725656821
118834470684
118863911708
118868422076
118875626474
118968722410
118976624934
118977386454
118995306906
118996530926
118998592807
119016602919
119060274471
119086100775
119106486055
119106502391
119641144407
119646477978
119664874138
119693877914
119697800602
119768474810
119770281214
119770497880
119889358240
119889362298
119918393318
119943564006
120093412454
120133650534
120134315078
120134422774
120137856118
120299254902
120672523676
120685399096
120761822104
120765395864
120767025680
120768569210
120776105986
120776150786
120799997810
120808216066
120808597038
120830682670
120832880573
120865430861
120985956281
120987000722
120987270452
121071355700
121408306684
121504316316
121618741140
121619824092
121648798172
121649039516
121664385436
121813021308
121829273804
121829332480
122110955008
122385363684
122388860452
122395336228
122480649412
122532966668
122532982342
122546684486
122551459398
122552200774
122557096097
122599704993
122666296681
122715169654
122781313942
122900989654
122901079526
123104480742
123760165430
123760258870
123764414198
123780067574
123780202262
123813019654
123813110254
123848049134
123851449838
124847470970
124847523990
124847609590
124849967990
124940466678
124955787766
124956031446
124959610790
125228241974
125228246990
125295048873
125392558249
125470915847
125482274191
125522296463
125528047823
125528185207
125535319699
125626310291
125640473771
125818471823
125859094299
126189461147
126206201623
127006462318
127006672898
127043902862
127043904237
127111086926
127143418702
127144227828
127194004201
127194039721
127194600413
127194748397
127328368213
127373977685
127375763349
127418714517
127424351022
127424467420
127448375772
127719713200
127854566128
127867298384
127891238320
127898943108
127971557716
127986195796
128166714708
128448512319
128455060893
128493022877
128493181421
128493228301
128529690541
128600162221
128605741997
128707650582
129078154314
129122432271
129683836797
129737162517
129760816045
129806361517
129916494765
129941669853
129942465413
130043918377
130044807468
130071183660
130161142296
130189939328
130246902400
130251750592
130251760981
130256353941
130264707673
130309628444
130315452956
130349292572
130349439004
130350407196
130350469656
130351272472
130351678856
130372786568
130373446792
130373837224
130418708808
130419151392
130424189320
130595955998
130765512254
130801411016
130803359470
130806085402
131033201770
131033802282
131053962794
131358728135
131358780431
131504714767
131653380560
131741575632
131968686968
132023487352
132036767584
132044494084
132045835908
132046050148
132051986340
132073890244
132175216535
132175390967
132550800299
133010242744
133019777720
133749177248
133751974816
133752118702
133752259274
133885543114
133969511242
134144467514
134702086177
134723730781
135284816297
135285760153
135286295645
135308642909
135315036381
135315077853
135416363741
135474373657
135680758809
135716895257
135780577817
135802473269
135804466741
135804727789
135806037549
136033095213
136096810531
136096842755
136096869443
136148598851
136149612451
136179611340
136179643724
136199446732
136279353036
136281662580
136284081268
136284269044
136286994788
136287003984
136289561858
136290037446
136414637606
136415794054
136474948681
136474954820
136475282500
136608596548
136609658436
136614585773
136614674021
136634141325
137033059173
137202859957
137317172957
137675769629
137992136477
138405953361
138625633311
138644812831
138644858406
138854724707
138855218979
138856559779
138857480299
139117377131
139210293439
139210501727
139216638867
139231528365
139363409904
139841916553
139843079049
139987965833
140002409209
140104685649
140161807441
140164072529
140208103585
140328291383
140330615767
140332228567
140350543623
140351725567
140351807953
140471396785
140471484233
140488864933
140489092517
140489163949
140489220685
140489330797
140590770156
140590787284
140778159956
140780458776
140780693400
140780859592
140785967373
140790408333
140870395021
140881818253
140910208653
141133707333
141162850213
141261728509
141354604477
141354621317
141362031218
141363749594
141367203482
141971093078
142042989334
142043284134
142096666676
142114566120
142239807938
142239899658
142248682550
142251991606
142260542297
142336614245
142957934437
142961041613
142964731917
143329619789
143329683133
144525631677
144569838749
144574397597
144582358227
144585410931
144715346183
144988980783
144995749167
145206956215
145343443360
145347465368
145378361496
145390119064
145436939820
145440315484
145774756188
145832290652
145834473724
145836139868
145873061340
146047392380
146153550446
146193482382
146193570202
146213368400
146216446462
146259652230
146329578402
146330084834
146332243958
146351099030
146698776038
146701778406
146701793898
146724716138
146785992298
146796996714
146935758954
146943285413
146951487141
146951528669
147331091893
147346070903
147443118178
147503599690
148007927142
148341152934
148618040230
148626040102
148626696576
148632241026
148637490050
148639292802
148641003106
148642445330
148675000134
148678922822
148680389990
148680588838
149201464870
149201849122
149514435730
149520389778
149520481666
149545562498
149545713634
149557094210
149557096651
149577963723
149691289579
149790881607
150004428967
150073421331
150164619090
150264418342
150380711974
150422945040
150468302368
150577280718
150793803470
150793911496
150906642296
150910976888
151027948408
151028809084
151282300508
151413953107
151414032723
151861923763
151890113459
151893702983
151893711750
151893855290
151917754344
151918642024
151941784936
152203095912
152206680144
152207346768
152227349072
152230853456
152365159888
152368127326
152382387410
152399176018
152399228530
152401320114
152432889522
152433148402
152928597602
152928880930
152996296026
153011885287
153016256707
153087323459
153242744491
153252273339
153292513467
153292909639
153358198007
153368276783
153457618623
153457820463
153457834292
153499133748
153501373492
153576122711
153829887703
154419940519
154421519336
154421880352
154525465154
155243048227
155246560003
155250617091
155315319819
155337042955
155337053687
155337087119
155367481999
155398374031
155613831856
155703081384
155718111304
155730240072
155766209096
155767305184
155768913376
156229480636
156229975912
156229976314
156241184485
156242363573
156247513781
156249931925
156487274869
156672827765
156959914797
157037922093
157052285869
157052290611
157052316691
157116189430
157120961526
157223617526
157241269388
157242154912
157443328099
157443343827
157641709423
157900881007
157902165103
158567101551
158591892281
158799096236
158804937132
158805410012
158819514332
158892404122
159103449278
159124368959
159276502591
159300872837
159301207357
159462355016
159602817608
159889605052
159891564740
159891589636
159911311876
160116518040
161039626352
161057333360
161215677616
161215933344
161300434976
161322833631
161373069343
161575914160
161580048128
161582057472
162253469940
162270479695
162309154639
162309266943
162309352115
162316322355
162317530661
162940174587
162964077819
162964115875
162964331981
163070494345
163071271561
163122391265
163193152537
163196313113
163292675689
163292983017
163299997417
163379219685
163401134673
163503506001
163592834829
163684842451
163685366019
163793903867
163793923419
163840913811
163886084499
163889044287
163889815231
163921512735
164056674739
164230220437
164230348045
164537545997
164971985549
164973884045
165070532201
165161947753
165162047289
165260513817
165307436569
165314916153
165426024753
165468793608
165635648392
165643909848
165694751205
166175858721
166199734305
166213469673
166214996617
166218967689
166232144521
166254960989
166266505024
166390306588
166390313340
166393187292
166396768412
166398761564
166399798716
166427942332
166495219108
166736870994
166737240338
166851428626
166851439914
166852422518
167022313846
167326415474
167329981938
167330075458
167834073922
167834824770
167834846195
167838597107
167840930803
167868697153
167876051293
168190005714
168266245778
168513424967
168517708487
168639509931
168651334827
168657187115
168657749627
168657784587
168686351978
168686631956
168690504040
168862636360
168862638740
168909648420
168959349284
168961649316
168973130806
169003818038
169005076798
169277721784
169302399160
169303537528
169303758712
169332704310
169338214166
169340252590
169340475150
169340482270
169341015934
169639862702
169768352554
170316488200
170427008264
170427035576
170427057088
170515559528
170648963634
170721379166
170721396499
170721452613
170736062517
170736649301
170740179831
170740228645
170842944805
170852195665
170868364633
170872378425
170888387385
170893285177
171364436969
171366660625
171941316542
172336515730
172410402158
172410430116
172413472972
172415462444
172415487950
172423446734
172771574361
173607272736
173891014304
173891568992
174050424160
174133334881
174136368737
174161906285
174280325719
174305822271
174477046231
174945369771
175003267886
175035853550
175047840622
175048166078
175189322822
175189850681
175439633161
175439786379
175772508865
175784395969
175784439161
175848853941
176112678875
176214721105
176230724177
176453057421
176475593613
176517794893
177109649173
177743773102
177882285118
177913051326
177935674046
177944242878
177944293318
177954169350
177992565954
177993304356
178083380004
178366230500
178368331108
178375136045
178375323245
178440460045
178440805645
178538454285
178883068949
178950141025
178966077793
178966210625
179611936833
179643821480
179649775272
179650432076
179651260364
179651313964
179654173164
179656906220
179805321820
179806057720
179870723320
179871683948
180019515619
180020153223
180020243783
180020364813
180020449489
180023494521
180024159187
180024173152
180124301640
180470211204
180678380189
180872906226
180873946550
180875911926
180887815926
181035876918
181153860598
181594575069
181820693817
181822222233
181867495769
181868036329
181890406793
181891117897
181907655497
181941709641
181948382025
181948922921
182380745611
182914734443
183040643261
183884182145
183885577949
183903160813
184039241453
184045947044
184081100292
184098199556
184102946820
184109805542
184327693686
184330240726
184330532952
184343368216
184344487840
184350745520
184373670416
184374209456
184619162544
184633130408
184634141128
184890920594
184948728466
184970347278
184991385102
184991418771
184996421546
184996439261
185004805213
185005056701
185005145025
185195486145
185205000263
185223414109
185264457981
185264480977
185595994833
185726739153
185729504161
185740495777
185740626539
185830107755
185912245099
185912333579
185925719883
185984768843
186187743371
186187767387
186193887161
186194138525
186542471165
186542756967
186639198047
186658580959
186777296595
187074287379
187172100851
187172646131
187190422771
187345254787
187345301991
187347646535
187347739569
187348445489
187362527537
187377546545
187417733929
187474315011
187476691715
187518136067
187650822643
187654495347
187654501340
187654701884
187661891996
187695165006
187696529822
187727354542
187734053070
187846876608
187926683494
187943738202
188591292290
188601946242
188601959836
188691360668
188691720832
188942981328
189506605793
189507457905
189593689921
189646520001
189680145089
189938553025
189938775425
189939122777
189941637305
189941645448
189941714696
189948795144
190073833736
190239779502
190240030004
190240033875
190249638995
190254638163
190255464211
190255792963
190256010274
190259743266
190334386466
190370824444
190379908604
190860857236
191197898116
191240323012
191256810780
191257552636
191306251598
191467655450
191613600230
191810324454
191831755542
191836756082
191872612499
191886047379
191930410303
191936966238
191990634734
192309350126
192400364517
193248058557
193493341773
193493367928
193774208590
193775995918
193782830094
193811842078
193811939550
193843594488
193859384568
194166984332
194168494972
194859161918
194859322138
194897695514
195057996862
195326263027
195362930419
195364115883
195364153715
195381883571
195421468355
195455413571
195557624643
195638862195
195714040179
195954050679
195968331383
196052664029
196663041117
196689761663
196920762112
196985951162
197155120314
197344638792
197344707272
199328323732
199328931348
199559831060
199578871316
199579120668
199714425678
199729871118
199780982278
199781022452
199800779260
199891443708
199892248252
199920543208
199920556968
199922598456
199922776632
200036580920
200199226960
200201369352
200242341724
200253079388
200293214244
200293301290
200297535658
201083341481
201090927625
201106253693
201357723149
201514531037
201517713117
201574770537
201575052137
202018419218
202018487266
202022230370
202406066755
202439036267
203239467528
203241390808
203518201938
203519640482
203546272674
204033139209
204060891001
204088755305
204193651561
204398361449
204751356789
204839606464
204965757571
204983582083
205128846723
205136547213
205138464013
205410530573
205410818749
205487187237
205562131789
205563859277
205571645601
205571746365
205577750589
205577961149
205577966245
205646270885
205646509709
205646553620
205705208340
205706550980
205711040212
205894271444
205975101588
205982699620
206061706439
206110561479
206112114631
206112158914
206181722816
206182061448
206315658184
206315699948
206341291756
206873091820
206914129516
206916072620
206940505454
206940697494
206941503094
206958937718
207112881258
207120234090
207120470754
207126461666
207146597986
207151716898
207159812130
212208976103

