100
4 1024 512 1 1024 64 1024 1 16 32 1024 1 512 128 32 512 1 256 32 64 1 512 1024 128 1024 1024 2 64 64 2 512 1 1 256 512 64 32 4 64 1 4 16 256 512 64 1024 4 512 128 16 512 512 16 1024 1 64 256 512 64 4 32 4 128 64 512 256 1024 4 256 1024 2 512 512 512 64 16 64 128 1 1024 16 4 1024 16 64 16 2 16 1 2 1024 2 128 4 128 8 8 1 8 2
100
2
1 13 17 512
1 6 38 64
1 45 52 1
2
1 21 89 512
2
1 46 99 512
2
1 42 75 2
1 2 75 16
1 58 63 1
1 95 97 256
2
1 59 83 2
1 40 81 1024
1 66 98 1
2
1 13 68 1024
1 36 50 32
2
1 43 82 4
1 79 79 8
2
1 83 87 64
2
1 80 94 2
2
1 68 86 256
2
1 27 56 8
2
1 33 33 128
1 55 85 2
2
1 29 42 64
2
1 15 100 128
1 21 48 16
2
1 45 92 16
1 4 32 16
2
1 44 45 4
1 34 63 2
2
1 89 94 8
1 1 51 32
2
1 44 81 16
2
1 99 100 512
1 56 70 512
2
1 99 100 1
1 77 93 1
1 80 87 256
2
1 55 80 512
1 9 59 4
1 61 86 128
1 53 94 4
2
1 84 93 256
1 39 57 4
2
1 61 69 64
2
1 27 62 1
2
1 64 83 16
1 38 54 32
1 34 83 1024
2
1 93 95 64
1 12 86 8
2
1 67 86 1
2
1 80 100 32
1 2 46 8
2
1 92 95 256
1 5 47 1
2
1 22 57 1024
1 55 73 1024
1 6 10 128
2
1 49 67 64
1 30 72 64
2
1 75 91 1024
1 44 94 1024
2
1 100 100 256
2
1 82 95 1024
2
1 33 33 16
