50050481633085
56228249729137
104071908032525
129215637951083
150335496551483
175025155908741
218306618015197
234383413762868
245082022779018
252186591496098
253254351512988
302650234842738
383246687743086
432668664284915
463603802138459
501551986857335
518429112717297
539855323085857
616827778599352
722310670004988
778192067113093
841852889541370
863475603077882
886002066447326
888017230161674
923608668924059
960676486889711
985682529386336
1009834693046223
1013312156116481
1037452060541282
1068021001855299
1087735493803852
1167431360168512
1284183955003872
1299218093576526
1301651001147243
1362957490120403
1430261638628799
1431776445459633
1446699256564736
1447187084546068
1481360628008092
1487428820795297
1523234027095747
1555234177745543
1581505189577223
1592402785102940
1606423240967745
1608063690420788
1640182701240834
1648841475951794
1652991023931882
1692279134590413
1718022394246858
1735471021924123
1776308758674583
1858377871412038
1860213884792590
1864150409549062
1864663487211406
1867850054514726
1868063390423785
1965186302473119
2013225130508591
2026316673819761
2042375264960561
2056608306187561
2096608880523989
2111464444306753
2161588408939646
2197401395424752
2242897085991083
2243835918073895
2252691820597023
2267691619941231
2274629978371290
2276970389259378
2322759077948720
2348621264396031
2369221874918277
2375779377102834
2414486264159128
2418396872646515
2460590663045424
2464122517069206
2465413553367926
2515279821325588
2549835417569783
2601942153024130
2661216723926735
2675627676835440
2680367247095327
2710627964355489
2731389455250699
2752073109360363
2754803759361441
2768946933953336
2819741182652726
2832785274943970
2868981910823981
2875095212716393
2917860087419759
2917911246890095
3002335718634842
3055082813773706
3193175260511473
3266559308040351
3267580548832989
3267657444900613
3292053735543815
3296808315646059
3356849021176601
3366878109724334
3368718075820864
3370661501025522
3408247798308354
3474855100727961
3481852492142548
3505310003467775
3515318687191549
3519987585824087
3520483184834271
3522899641958561
3598675958793263
3617831824153894
3625860643387562
3627496859841372
3635907926379396
3657364221283672
3705660684783788
3705913311023654
3706122136091028
3709161853552056
3756841338994743
3833424313081880
3847697329327336
3898054839532728
3910306399693878
3952744710413632
3953786471087712
3966929112570012
3978407341402840
4002643832676538
4022373502181570
4026948879551855
4113943729721834
4136982470181726
4167353311597534
4205664696001094
4254276194931770
4300614612631368
4376025090429808
4377671569349439
4379164377476124
4406990139699519
4462256844837035
4464906671146733
4474015541308047
4491637759378212
4505661915656375
4537476566070533
4539818662409434
4562626185516378
4564148675656397
4582366205340617
4624630546746541
4644620649583755
4661821870993409
4668084639772705
4693369924360355
4710086582922403
4712755900834353
4767905580150921
4790591765192877
4794259697478909
4802770813091076
4832931225834492
4885245557522367
4894387366700520
4939887564647512
4945825281938551
4954304513942103
4961926376511595
4966973264043995
4968556375395870
4989108508484638
4989241174447018
5007940471148755
5022918962315836
5051886883708439
5122496245946601
5124222995984445
5151517476545373
5160807266282905
5174016611918209
5187515766025135
5189255682351550
5199718613850556
5216957661124099
5235985802880491
5237763190469836
5254291024201919
5263144884166783
5282741083491202
5287209903006232
5288619007199129
5317500204007375
5321507193452531
5359041228607565
5370458319029287
5397175320056615
5398183039377878
5416891179948535
5419611296221480
5437667534197302
5442759677949398
5494090150001450
5533974035216113
5546624981614961
5580775813065592
5589487031497352
5596814184678214
5623030361776548
5625804634276282
5644872629129481
5677916756730191
5686515798624021
5722567121860373
5743298869937749
5763297247429674
5785517708482090
5820052190745917
5833475555108295
5903774268994431
5910298925086515
5917807818731838
5918326278739511
5966329615305751
5966883124358295
5968619069908207
5974271360491864
6004089522925934
6005519868200534
6040067821555310
6057115926622314
6069440699216818
6094514086969380
6106759206430668
6112958481958183
6115468740892615
6135791474860245
6139352663425579
6146696515879912
6161539406388369
6179846999823359
6192251885320325
6196377232990421
6225725855360096
6226333308430775
6236738900312135
6274712637017303
6306254592787597
6357137238586605
6358548853660045
6387492370347450
6387560361745134
6415643291156178
6443833130464382
6570311307473672
6589020487273628
6597881809453064
6713755765212591
6729234236057609
6734378986007030
6738683813748212
6795621509026552
6799103238531498
6831182563800319
6847786111585401
6907023996821713
6960789432855847
6987039815305859
6999829237376623
7012831903571434
7047421803177390
7048348422967350
7052844601376786
7053983446617338
7133174617542915
7159954186186624
7182385132399453
7200913823230560
7218298399491008
7218611242458848
7219730479978934
7224321361221974
7278749008229588
7286548970718428
7303025035017313
7305810782881945
7306139408286679
7338815204897278
7339408770675171
7391389401208225
7435861913190355
7442576000050174
7520414453727115
7544756669877447
7546172992595247
7565493536006725
7610748004408475
7612660104616529
7612754213713634
7615988836692651
7625012997992820
7652344098066018
7692946399957568
7714660265854448
7725662733860206
7726839474561958
7786520949865122
7790967662856180
7798940942078764
7873054885215095
7901624376253289
7933456545104980
8004268455084948
8037226631127626
8083283507277282
8128969772006658
8155346408813342
8157371491957804
8165056188265405
8207750595195319
8240631304855163
8318865119053821
8368602546208437
8399394674916055
8402026431524645
8402588367673294
8435265067936039
8435420457928234
8466482472616286
8566212237609832
8584176210549713
8588639419190315
8643508026980131
8652755751737641
8700926900783113
8719604785517758
8728198887016903
8758559715416122
8765397192562122
8772802760785454
8779951368787689
8840293517952206
8892906721140299
8923794233022397
8931247027311728
8934417769397732
8971953485017070
8981199409762966
8992314614051156
9022952732612326
9023154714916366
9058124055607821
9111651057157156
9118746852166285
9141849879420520
9175956598391321
9183649897102053
9229220562125558
9236208410953390
9243889312370286
9255330616275789
9316407164733969
9359287111248300
9385352240571398
9418693489455758
9433793375656518
9436639088130830
9440229153824405
9450335383777850
9452434425053405
9459633808683221
9459719895025401
9489004292714223
9545811613842195
9591912844932282
9595727931820304
9621522036598494
9695194505044729
9728300439062388
9729687520283718
9764509785060381
9890076705628312
9962155099488320
9974543602578810
9974596151357745
9990296445271062
10037456737539408
10057913390540296
10060030661937836
10120751180814579
10121205201492789
10122878438072059
10123407208136045
10123673139970586
10136913214012466
10149485138333452
10212513373221457
10255905372370207
10258271389278439
10259360167379459
10261121687606984
10291931592025226
10325968667629428
10334367089573241
10393579293543585
10406692208973289
10410696624666049
10416045462744049
10444456059529395
10552394716191925
10552770524800275
10569218785220811
10569769771968507
10594433087325309
10594474415448372
10643603832289317
10695130319062124
10714220539058528
10724309928099412
10747629086372225
10762962390530457
10922828925707224
10939078968404488
10946467540529030
10970858394827607
11084507539667511
11106518543094537
11194735991375138
11210838165497516
11222919480792168
11223130516173153
11229206495779234
11244410109553708
11253232035574441
11275622185424017
11286535709197577
11318794374006025
11332593009728315
11343875696556461
11356028506512670
11364740693384338
11395975770123748
11416094007273748
11419119409080220
11469901841485637
11506069955602345
11515352488203199
11519697784775537
11578591668359855
11610017085933327
11611685466006071
11652444627951354
11752022382337161
11822450391852888
11948508026688033
11980507442990439
11981236592562804
12050580674261638
12084846373663163
12154736506666020
12196555173641598
12196560717724873
12221509000380182
12256053146519611
12268673024922561
12307483386999843
12311560623125805
12331917128593905
12332491481226730
12364880775949966
12365489026352652
12370584181795352
12460917961878967
12484544724718465
12527545451169345
12623585137171656
12672224759370996
12680234677635370
12685811486145634
12700411510063204
12743472302240419
12751650998735313
12840645877337468
12904143504189424
12948711329592084
12987540789347688
12990787520574414
13029328396778929
13084609707174898
13094455622064540
13217938557288092
13238113661814551
13276797000573716
13277100107756612
13310827705008092
13345958841831382
13368947099655286
13424578734757694
13475496658701055
13503878135994188
13591959129233080
13593036434557617
13593228195132441
13651032961936294
13718961603853333
13719648019704727
13746386552895466
13757453392638106
13757464514285138
13793787868783355
13818482820094965
13840313189053085
13873949451387665
13877220174479841
13932713930021123
13939090320472178
13983322573436116
13983436322591845
13997582707329536
14010645050772256
14043718438147964
14058358377920219
14058401884815227
14094459306775710
14150673160610429
14163016118220063
14268287414993573
14303963822440733
14323080824890777
14324423262851675
14325744864816267
14348719428551997
14395326564335661
14416424964998466
14417459159616160
14427829912780400
14439082091386415
14439221353940783
14448829298210303
14513156204966038
14637438789643473
14679525212046006
14753959770994523
14773970197062032
14777689214527286
14778242692866224
14784805775620853
14792140386603233
14793902912285752
14803819285797973
14830484111535178
14838075046516523
14989594879436148
14997399413452708
15017141450353472
15036609758324976
15078888195206435
15079855783172637
15124992977541303
15201277129689527
15205428805438306
15207142843081218
15369634124103010
15369647781851506
15389930707067982
15412077735433020
15417589325361557
15430941574631213
15433127018689028
15453222555614576
15562440490213885
15563079934562434
15567235609669284
15579188322768597
15579216449114681
15711334681778969
15751322867628959
15775911669921676
15803776373311173
15816377375415451
15859530286291866
15865420826726814
15868340449210602
15969648056569755
15990879749195675
16017963690155685
16031960376766525
16076020257066489
16114426624685890
16127905445696667
16129666044119867
16147102058687442
16296875947467021
16320870259569208
16341452290275016
16380112749321736
16462617726784134
16473951527958826
16506906345805876
16516085007860746
16516625745323878
16593208305683209
16597888327855712
16651570082677664
16654345105495080
16707590471666757
16728125560123152
16768254001025058
16772306265169267
16784280115018567
16794343870513927
16801555865538577
16805536989590827
16809772848808548
16814579345533538
16835451929605116
16853289341001950
16854489578043614
16864327768683360
16874852580270650
16939676362801841
16951121641012120
16961975300744527
16990786486299219
17052005991567279
17132839775400871
17133081991070203
17133533358942441
17148742446670075
17204027959883635
17265330700563024
17265605074905220
17285204689036720
17303186822135765
17303806372193033
17304774527171271
17332946039833334
17359372628193357
17389702327242347
17393110333017367
17395011199082256
17403296552893767
17422717386391667
17426759148442430
17486171035305698
17497264702115532
17533814967693452
17534012571188882
17585302054078813
17609779002194683
17614160525102623
17617583645429661
17620780826236411
17634880240445243
17635188456535328
17636381121885963
17641724557370877
17691659478753847
17697158406281976
17700754221063876
17740409986621511
17748010522020695
17770900497844802
17806424557740368
17851947362907281
17856198577661353
17856613694145914
17857853929130300
17865053751897427
17865151456146520
17883366700179876
17905172410955576
17925655477462803
17960227891597105
17960627112146705
18074829958259770
18085294991210877
18100814804719797
18113045301943625
18122358742375333
18132987595049803
18138449452825058
18218215586722787
18251286295456845
18322724016784246
18331838920757057
18335151572746319
18364953006108815
18377971701701797
18380907614359997
18553620068169824
18574082395156891
18576630819194771
18578899976367875
18717122395166748
18723699362010724
18794643773786463
18795393918729223
18861458823023336
18874156934718946
18947329919443805
18948967845664567
18977919542139677
19023664073512044
19027466488225764
19092434305751416
19092519060763712
19110003550407940
19139805711938900
19198646033141336
19325826550582432
19366199870620300
19399833223754662
19415795356935952
19437179413820134
19523753971769136
19524682093678977
19546499729516048
19547617565767206
19664543095514820
19705271125997490
19854597294383696
19956192867838964
19970714235928287
20031218872096545
20034744395935194
20106205630818260
20209252123940113
20221738289936548
20246309969027673
20246621961591803
20260669763326184
20279306262414132
20280805867772929
20309322885719626
20344002692807132
20344981371889460
20381505234579860
20429971504401282
20448176281773834
20459808939278214
20466262375176882
20467505697458737
20469341368375771
20473181943489374
20497963494743706
20596847628408162
20699223622908988
20759123484561536
20783701149220806
20800444170353616
20806119402993273
20815450573780148
20831756546452368
20837954640343138
20866832919765858
20943988477465936
20946667723247037
20954560728763446
21000634147198781
21048267956937041
21083100033759857
21088891983878441
21092083055561749
21095299260882743
21102688884842454
21105147932306808
21105159765973272
21126526934494187
21177364172484015
21180061895953455
21200839592228887
21200985846707735
21224481595632089
21226283527597573
21256138714399587
21262448599239139
21304457870192102
21314906346893050
21321862522949880
21322074083136058
21343247191823005
21375844061442141
21425604811928655
21430766850205727
21440490948972837
21480871336221615
21491108213364309
21491157044011221
21510647370918438
21542618565437430
21542707755782996
21643763386424394
21645636743354548
21667958781622708
21670020657812578
21717716479386074
21773866017335345
21808281930104063
21839935604573123
21841614679624819
21850043295283545
21897863652054927
21899001241524027
21900480747448951
21912329303259130
21934875997327934
21987214448467662
21987216609144505
21991054521804553
22062708637795537
22086629613496798
22112485602797175
22119683460348495
22129108022582619
22132196768079489
22224502477943018
22232203946083204
22262432503488292
22281174778945228
22310847468352321
22321246760091826
22343960979531553
22402654184086169
22402766669230913
22404378413245929
22408744102334069
22422466972913410
22488468300006394
22495029597254379
22505747981709040
22535288165852805
22563423050043719
22650864004641551
22676471990025683
22713637505600063
22728077804440134
22740482321569814
22835527273549042
22837740788830622
22847812263962237
22911621223661615
22952949618180359
22956064181314802
23031801745629362
23051769335469337
23067962271833371
23103124521176050
23106364722714844
23164102017946309
23218625169215911
23221018665523268
23274739136424822
23300164549695608
23333023320040350
23371853217684965
23402045772245771
23453657270921947
23462057980431009
23471514870663125
23482140408017365
23515616579821270
23520436175947685
23522181466925501
23522420218442105
23549826941261757
23550249555742169
23606002032067952
23622505839797646
23655204504463068
23683368513396648
23696874356334088
23730045893973371
23752892375748351
23815970194485103
23843573194407071
23897780196012566
23902564736639302
23928878772076007
23928904390387943
23935783430499187
23942049675197321
23951349973685541
23977858264743798
23983849542808362
23985174078816955
23986108808236548
23988567386019448
23990808939653533
23992543871935133
24032065875447387
24049462821881307
24058178891111496
24080745642920552
24132656359275655
24150420434711405
24195933332446168
24215069214520933
24215255123878545
24231501326172735
24271301630819833
24412682525266741
24413058831998388
24414877653449700
24448056562208884
24448744992050323
24451710819889009
24468700185919254
24487124951241582
24547759078333570
24548827681525324
24553205561467222
24566007744695641
24623776615980180
24651864210573681
24704757126008528
24706211808198659
24727323355798451
24788006535045477
24818713464248751
24825588955512051
24830145631874113
24830327277229741
24833387574557133
24882902323980942
24891592774509450
24892245620972050
24907455323026698
24916933849811355
24963571527907905
24974068494283177
24991769931442989
25004679900286935
25027727392403331
25031197068796685
25033877307270017
25068029506938097
25075568792096449
25089816051743979
25095141939338883
25119734464772251
25212708013093371
25226189463686552
25270217068996844
25322846423540965
25406670009104143
25479808595861275
25598958187216597
25616488300511859
25617466747181964
25626389093760605
25660095716067115
25686863397276827
25751301650310754
25792442306231538
25818635497041914
25820231230324097
25828890709303395
25877818800053908
25888613566683648
25939206042235280
25956266577217336
25997923110636821
26016350084607185
26025502877217755
26073267155523231
26090299201262493
26098613561935673
26099015821343763
26101305250069371
26113924633834019
26120999915117376
26140879369935678
26150523612757682
26178684723419181
26204125407216271
26211899466612225
26218635008940195
26228032341671355
26297937225592833
26299830035086445
26313472566672563
26321595020676505
26344868880813867
26379176989763385
26379194508473841
26384144275905433
26417171986859014
26441100999243988
26491261492619698
26575688186874779
26590750805199391
26591289478989283
26712419967442388
26715792917218848
26731992503228558
26783624014795050
26789767476586335
26812904016569175
26824412837242434
26824722022743694
26872168481067847
26887922894576735
26943122394390380
26944402703670861
26995864158751368
27000081794294860
27000131936305410
27039566566501352
27045912617319452
27048015878497780
27049650613448022
27065242860341262
27110869210742238
27199394886808783
27242221642018499
27244136960286187
27288168111005127
27288201103947669
27304805814530823
27304854119034543
27305436210844767
27305487755319705
27313952840831403
27314060648079483
27324872318904103
27398348171754874
27410418524038599
27422153732978662
27446929569932439
27561611387449361
27568339470395141
27582333221636002
27593853506560018
27633081105425480
27645155455892347
27652850747575222
27655796579957062
27702431528641835
27714722675121485
27732904019290787
27733045521188627
27762962453195387
27835722968775322
27870822475638352
27879696641599712
27912345679401882
27928547339057274
27932932185138846
27947210409730701
27951244797970869
27997820041157765
28004758384046705
28006697885381024
28051052264761256
28064942596441047
28073627067312247
28088830495510983
28127089228646053
28168812905944443
28169423168439252
28173182462845684
28219202745717754
28243281672077250
28258473309358473
28261621417541073
28271412284745103
28271755364233673
28285522467655710
28287124288047498
28293552324336074
28295405424132913
28306636054487389
28340193056880737
28435708382321843
28443501353117128
28485900344164365
28524026605393682
28564341873157107
28590482402245755
28598645186864108
28709365677029893
28713790195063821
28729693494038744
28735394782307224
28787398310321041
28803167118801037
28808023632361010
28838245423115421
28867109663972077
28885947964652353
28886125744281977
28991944357100008
29077987231787477
29105716010335320
29124957981175209
29125177239203289
29129709132906979
29152070764393395
29251507751407405
29257074669800259
29259781494960355
29264443716080339
29265576770670275
29273743390261223
29292792298817292
29397665182838212
29421020810190578
29425965118563394
29441999576609242
29451043580707420
29481804741976716
29501151381565572
29521840924893616
29566239220797085
29602909813775860
29608413441770620
29637084190686538
29640086398721224
29655181012907486
29657566412013772
29698601302518809
29705530812990254
29731014685631429
29738775880007769
29742472996553996
29798760741397376
29845856892088301
29867889294182043
29892516168803931
29907695188683810
29947371805740502
29960807302940872
29977730880832416
30011420704930620
30023695936692610
30079316219890784
30128140288746077
30135265454004899
30168098064436350
30173293230606901
30187797762752742
30188005349844287
30201212435761958
30204452749998558
30214168412837382
30214412663983901
30220873255427501
30271209053707977
30289728648242529
30289915957772037
30325023814290937
30331379246379213
30373329234831363
30381728682559455
30426521854617815
30430840800295700
30455670212636345
30465272672831088
30466309203391818
30491219191400520
30568801381678686
30568916570175978
30603656441193442
30632064709182572
30637472683623107
30643203594472711
30664687355651603
30680813103523270
30682579007392891
30682609491407739
30702874369678151
30702993149497829
30725439895072267
30727761331055071
30780491012089458
30800637371863410
30813400056347850
30829711854810729
30870721027530379
30921340867717009
30971130538543930
31020199059469968
31050831065388463
31051267787798825
31068588757588679
31149706072684032
31240222427822784
31258691555967166
31290086476779486
31336011701298835
31366647594754605
31403129816898765
31414777099743478
31435877856121495
31442956941551918
31474274245922683
31475413351036571
31485102260970232
31518394931642812
31519898665756474
31569539125113922
31639266933838854
31662996530819143
31672990737357325
31723208222059437
31795130978213053
31808599939265701
31820409986588721
31843131654840406
31932312185478830
31973092339502054
31975518912101274
32017055119783853
32038509902253467
32040721491207548
32051948407598768
32101747868689108
32104455658837588
32173551314731017
32180520057917413
32181554048446985
32182247326948160
32262402717548117
32416529524188486
32429474063560547
32452681604844947
32467198485146079
32538220988048280
32578550566291173
32633884944587487
32649824905344543
32652167767330449
32671241082943236
32675906190709582
32714772870445822
32749355971882201
32752580760808601
32806363403495141
32840282355960529
32872137012512497
32877723971095895
32936185411109909
32936459100396669
32958194332732914
32986803633884499
32989240419649221
32998376404057579
33031182988174188
33034966816055763
33125518905725640
33143868467180044
33180554865846927
33228515628416509
33235952466597484
33252659371613387
33255152301037295
33284182636577423
33304712683594612
33353208443549952
33382541623585411
33454646457451847
33468760855873895
33503897321774530
33513071079131636
33535262664883796
33556580993202413
33569734322241599
33571348777373204
33681836147529452
33686908469126072
33766413046954371
33782237688768149
33787797782124053
33838183239702148
33851780321507576
33877516757446309
33895030212156514
33901948923840370
33937108323200145
33944544214132886
34054671977666212
34072512608271358
34125194179021266
34147502251335982
34160630723127299
34163494405859165
34165769131720338
34166561862964412
34166717474196427
34167402858900847
34197573086691607
34233874679535877
34247360605779575
34249289477752135
34261362828264796
34275376403621648
34276888198753286
34351169670639080
34356632826295816
34357942259896553
34500743163389575
34561908268185839
34573630466985255
34574003832516871
34588079839765402
34754364762412014
34817290043055484
34818129559516750
34822600448121348
34829959201315584
34874810718539959
34896831570566368
34914659473377730
34933284556498325
35055772089135711
35063571949755966
35153097878639817
35154697878505188
35155722339847456
35164970379242611
35185024080526061
35245643109090416
35245811201183102
35279076062759660
35351113724283398
35359261412504522
35365771057056348
35374489800770766
35446861220200580
35505027429219116
35557465635564202
35584883035946046
35599315756796830
35622290733114185
35657326499279984
35664594935732668
35782467952602117
35833531006310735
35862421621147787
35862805282363337
35952047023306553
36005869763217207
36008580594836703
36066212491219146
36103765870696630
36108404087489562
36108499617774687
36110998387314193
36111435790011840
36133881508608364
36136072183406644
36141550040909956
36141916616490544
36194830981956559
36253859838453752
36283440690566900
36331708432824527
36379104940496337
36401973002925267
36443212669900891
36593711218424053
36628592982699311
36641663071017492
36641876542906995
36653597950490103
36655317556335717
36663282178981452
36663366298344617
36664149144428819
36695316905069476
36726915177589476
36743022760128083
36879409731266414
36892207574195993
36909640131086393
36931505070828801
37019834532145529
37051167736171235
37057440865828045
37126819884977669
37141721174754859
37161266794773509
37161267493710749
37167083158223330
37199029609937030
37215521952823206
37236455476576171
37258905769186748
37262853108962674
37286127666885868
37328866878326483
37330168218855779
37330358309874479
37332927040429541
37356592955446613
37357135468495405
37358012867596945
37358412937666701
37367869585573869
37433655047130644
37442572743664981
37463869699352746
37467380630315719
37480123069678171
37538965641221648
37562316909854768
37624613128855190
37671503006909964
37676666741273004
37730165682233866
37782687787749682
37788050270968114
37805310675349026
37810088072711154
37811954287819086
37877421368811963
37895805192905959
37896494685758323
37929362832073855
37936385282741663
37943284832842906
37998907596929457
38005742830453927
38008131753135800
38034005419319372
38044477025671248
38097238340625435
38104972553671881
38127660300960265
38129965591147785
38138067813056775
38165331680783391
38169138193532854
38171272709519121
38181657895696245
38242390470985548
38296941515314094
38340720696576174
38354187753313824
38447862327697106
38456152608288314
38456713572750501
38468255906642226
38468262409211391
38473778928885441
38495634632046229
38502006330232705
38530872189933559
38534292476074869
38537927185654355
38543649089901281
38622367118126799
38684479751732063
38686516636571447
38695767113079959
38735409802968655
38736303976631423
38745963875552793
38747186410717561
38759754333297847
38817395592647680
38824648872796966
38839432220228470
38866722768263822
38900294681120712
38905712134309552
38945100683422018
38945512290912884
39005818546087578
39010035111668898
39018699978398898
39100098029379852
39131293517623493
39177254935809293
39181255910489799
39217162351227798
39247072131091388
39263486254975221
39293462470288531
39303499682923673
39333440814440268
39341293650891568
39366447763208594
39367617045732252
39372484488034912
39373580685033732
39408924097388731
39436418744155785
39470759333102617
39535879123567310
39537505795152891
39539115681577975
39545003787844581
39555878484548945
39631794049078233
39754670591883538
39757346512603858
39761455582968184
39761789148069034
39764485696368100
39899563056183678
39911179975409954
39926247439266009
39929556626789037
39971325161109577
39973011566147590
39979816741917928
39981238600109260
40145857506292170
40177800916474044
40207788448917809
40239319084058569
40324517689970717
40386459476799348
40400995812955122
40429764842628982
40479233467214773
40483800383334864
40485166967409664
40520092656879832
40547893544544668
40617970522673298
40650206114625962
40659269130639234
40659966027308987
40660371208235571
40668620888343357
40678730006910093
40678942845168522
40723922531825179
40736479516070659
40742186071915347
40756739668898097
40808530915468509
40834133223770413
40846793494030691
40866352159832182
40875382637511832
40897432037737710
40898114568105255
40899826278509186
40908016654369886
40927541463054191
40931111621984573
40985182672406287
41001304745028670
41006486990603920
41007172230028592
41007987760092767
41010646734133590
41010935566208550
41015938750955418
41061373193956753
41075840253603850
41083087241876615
41138282596248993
41173177464296118
41185387536444678
41186000033524877
41205684990169589
41209784015320574
41261664961494488
41308065360556409
41315123557636869
41372081406649692
41382688747566892
41393206562933148
41395995777273814
41405336836056647
41409331242750585
41426107604164929
41452860219548181
41505484119535477
41554439939489721
41580082221285643
41616247682252397
41663169171393591
41670429187409851
41676151001878435
41707874234431173
41773431825950695
41792875898861111
41843738551058203
41844598977640879
41865225228718279
41876535087975625
41879271650061949
41894612755622541
41904143492087898
41904325953369134
41915825948800250
41934086289266457
41962755700294600
41964008895035954
41964801948548447
42037431639336404
42042422104140850
42121052992632193
42156788512165663
42165068216165923
42171727028878913
42183982460845383
42228108490944198
42231020139112710
42292092855713019
42295265005770843
42316245281545102
42325080616611177
42327005429716165
42327016483608197
42330292058299652
42343092604564680
42392441002817220
42399216240330143
42406889354454896
42442396898170928
42473022898990859
42506458973851339
42513079773848673
42580134847535073
42580351886331195
42583019278476728
42583197246878836
42639872693449535
42667751577092582
42671137752304404
42676644159528666
42727388974333374
42751704750707177
42772804213786224
42791828447932386
42832286434319035
42838784459768983
42854909712101011
42881244564156068
42954587112292477
42972763004645502
42987255322636677
43047785724170682
43064412626214057
43142509953608115
43151157865850090
43206547277249954
43221850084059450
43326978701097441
43334227566782808
43348736234467527
43364426001860023
43372768521783727
43429598580698651
43450534652370853
43454624438694646
43465951750297487
43467087590630618
43470966466395118
43471470056536102
43472697307077150
43500343203682868
43544639804460181
43552285842536185
43556256327901921
43567314332755921
43578482567350296
43590673538641048
43642980790962799
43727558644046310
43786133490400050
43797804370379146
43813568248675652
43874946693025899
43875856558106027
43890714285802727
43927887099779861
43928409541158177
43934641517159200
43945778852264523
43960086519858033
43969475484080927
43978763538028598
44011310175309025
44013593408268630
44019027133131112
44031453832275127
44044419401168482
44050002508266507
44101791462314233
44192178005796387
44194816890485399
44329525449010051
44330501620590150
44334019563719025
44376939069827493
44415794212017311
44484272031734816
44525781869147278
44601113946322588
44607432640185608
44658595071455558
44678544802268306
44731732072126840
44736763841395293
44737042011534961
44737384099334581
44737898059051193
44833845385990765
44903689341372077
44938576933390519
44938648860392552
44942300651269469
44963828776940829
44988898874573085
44988942188809420
45002823165945523
45011149915366243
45061979446720497
45062535308022849
45091810851766107
45157912508055495
45192684547411907
45231654977466747
45257893198834873
45260587475559628
45274438902326332
45281738312691736
45347983702746854
45348438353231429
45374362298197775
45374707960160771
45404252161714808
45426445276767969
45444321188115628
45446991654495486
45487932940613625
45489590814219255
45489591994330083
45592006625061051
45592016974664025
45619989871880280
45652629356105520
45796207237929443
45870463333337909
45888853019562913
45907047933088171
45924021665008428
45943219819876231
46000256547626994
46000607734097326
46040564740928990
46107410337201832
46134975762272279
46159278309854664
46198405006001614
46205588899613502
46212434343935316
46216921417650441
46286398538508079
46318465601291737
46341476788286008
46343671472902613
46353929188883149
46472876361718718
46473434174112974
46500490414777437
46537661547366363
46539891578873358
46540487409103590
46548693331651905
46620108473513773
46643009018195809
46648631171586984
46662348394951032
46679783875280047
46713992545163684
46794097134390649
46798344924574026
46803715791025550
46817581339360462
46827884231515892
46849689706733770
46877119395883390
46892689112988478
46956808793919324
46979849912386503
47032147769740213
47032187006641065
47065187165933892
47065979977687438
47128483897482059
47239909232863791
47250104290890562
47254498096322962
47309744464165040
47325298007774612
47410643106318436
47417552920368595
47420835172971265
47422811919021873
47434796342157661
47470321460632015
47478815004443631
47498779515271659
47525535513268717
47526611171824606
47533424997250309
47535488208282878
47537618856508760
47540721911516171
47550905020544954
47566154513697640
47600295030303181
47625824125208235
47705279946942608
47711675126150624
47758927238937896
47759693195833172
47785953676614890
47795947303201822
47801135608759866
47859043630413471
47908914852617725
47915229174311509
47934889973169988
47944214590348012
47979526678165004
47979887894055699
48006825061328853
48013488069996778
48072638399863722
48103682328147330
48126773353113982
48150844088372812
48182703418356959
48244659672972199
48289994433898765
48290943993756835
48290955268852585
48314696322492246
48375024072995739
48410725660220431
48427583585419887
48433486701817035
48495234775728165
48509238756393949
48554766522545739
48555556327066309
48602360887346559
48604281763532823
48624148171399306
48625399834812570
48627124996050671
48628239459983825
48722714627216294
48733447855558338
48744741531930498
48747390789844260
48748376119622180
48778344133680420
48779415356221216
48848841224697352
48849175667747032
48881419846502596
48919216927857196
48998808460166569
49003965075597298
49006091189440423
49006279915297813
49008054302359297
49030882301162515
49040331003015576
49150078207968047
49168738355593743
49175466076291608
49239746251029040
49312183003843459
49332953616967907
49369935156577103
49392350604472181
49396583139240922
49408361481911009
49417020205850468
49436360112185824
49477794114648168
49485499407988668
49491350287129995
49562070201681120
49646822562469097
49653011588552020
49660301439640588
49663496488889125
49666051918658466
49667339781464771
49670100475056453
49702719671755763
49705954946953635
49745782119315151
49751787382955767
49827488709226365
49863251244664371
49889383783847979
49937916557669305
49981966602720169
50004102984998142
50020860100072691
50101269826577481
50112791170479732
50116355582568892
50116402895721676
50181949641396300
50202914607240648
50208868457647179
50245623150041274
50269572862885032
50301806869697356
50313260282215799
50334601159641727
50368873307737019
50378501786131614
50396639900134755
50412650363020389
50414373255301713
50478060112044462
50484408576179462
50535321249806948
50536254513104525
50538599840666333
50541167925786564
50547963812808876
50551646508043986
50588208515607066
50589110000989966
50662080332532369
50717472876539539
50719547446014648
50761238744012238
50832294885362433
50838699699276411
50860863330294023
50876567154238469
50933936020629357
50941437178831456
50948600717962848
50988713981400006
51038771331254378
51050095868200181
51065066245971465
51085794916333923
51146378224039691
51146455116331960
51165136110283946
51188446820704363
51309369901504525
51338627344099838
51359000053749988
51369211123115804
51423521051667737
51477954122167022
51494095407269213
51496187411359841
51512372384923776
51512473722685356
51515631161071186
51515669129642925
51572466835916889
51621091602070030
51659810630401472
51663065554677472
51665424231738002
51673186102954221
51673609204235609
51683046975905582
51741167800757282
51762633030265953
51798303193227466
51822272538240124
51826015266087697
51861345151773787
51878450820452594
51883530532467354
51884192970432855
51892254607100808
51895073149684357
51895467761302693
51917358725913825
51929633486077393
51946829929952465
51949163287256553
52025738072918288
52038245052940608
52051409662720293
52053545750723793
52058616217822912
52066501733498172
52068881271915127
52099113905144255
52180343074003490
52183889934642434
52259355101884649
52259409386527019
52289823083954275
52310803054477784
52337134706188693
52337357840051949
52358387286009500
52423175819488813
52432097709255974
52465008507166819
52497373844756919
52510870468858359
52541988024607699
52544737855998835
52545128904057397
52546776118509804
52697095270771278
52698238885157418
52717058899708442
52733849781002246
52765999637911880
52771604142537280
52780261755568880
52791535555787243
52798058364155479
52799571745401859
52830971794010095
52843379738603011
52876378402493546
52964543727004547
52966996975636743
52980999305922498
52982640193698372
52993501441447884
53043786431381136
53114801358985448
53151619680253336
53160271901668041
53188396103482561
53235690994761953
53258483502950506
53276035838022771
53310828094122838
53369289659055706
53420305677266035
53477124440513130
53507247920234665
53510725751188143
53537252002698319
53538341800643115
53574608284631913
53579122457586313
53585707429908297
53612031683382313
53646952126214528
53695572630915551
53697038133575043
53708244158952193
53798207517888590
53828709644141008
53829197014961968
53833740634376500
53842910738035444
53860890785798767
53968110306833459
53981191614510791
54020622896692454
54022459184999471
54037649602038176
54038334602074026
54102270182978740
54102383041111265
54110952544413676
54141142216840616
54164902658433167
54224992775484364
54227340402836786
54264837194104942
54282304965542868
54295178587864555
54307025829676858
54339006128302600
54363844743669081
54452483146647025
54515362041564446
54551986111653788
54552164824335348
54557730642462212
54564144771493532
54565098100032968
54659428185871461
54664541226629349
54737039185955569
54746311384687519
54770694957708175
54789963136013999
54799801265675933
54815593076825856
54817240239618900
54824260454829060
54826260878473902
54838257397896524
54858417030116804
54859326144847269
54861783746367685
54890603043784722
54943321327283042
54951593639076477
54963690947882768
54965791782237566
54967411828880483
54991679706455783
54992666488241014
55001528710567135
55026010040609516
55026737778050219
55033038649120304
55033144350553768
55044637746440034
55045437719576433
55048939840621401
55109331252404380
55126450076456186
55156550242011646
55235474881857631
55285050614940605
55288774843879165
55297468263709065
55321767598310438
55350968680067405
55355964710731007
55392182714436863
55400636606750168
55451945471314857
55548213610024766
55558795925920516
55559520173913652
55590038377623112
55590321927001288
55590957379799184
55602562775993196
55611853505179263
55628818787096867
55660569943533284
55668642347977076
55679798983437940
55688074661913428
55688845483116737
55717318466665847
55726911958372523
55744075785790481
55851603362601609
55851927045432663
55945065484287936
55972022438265246
56061274922754700
56089963142849559
56092171964624691
56175737031930171
56238666252360144
56242497804832760
56244654490888689
56266393555957757
56268669807074521
56290987946689601
56323681746911145
56341051863155885
56382441793269931
56470005825812394
56541629551067194
56610551007393774
56662255826956235
56668829080704203
56708247782645337
56709683146823173
56713611437974533
56776686681418178
56784441456893229
56817668645946754
56844102572902258
56844972452034040
56876066514629923
56897056040464330
56897743355046934
56933965013592930
56965157337533357
56976089386273727
57015438197481583
57064443548564128
57068969333088568
57100458109509865
57152656030331455
57179772669192030
57238006074672428
57268285747030894
57287243631463884
57301940470129144
57302257270273039
57305630419593899
57307358733814805
57393397998170411
57394935937614221
57403755323335402
57403932368020222
57429265697880145
57442412955244647
57462935033229423
57533637177851861
57548466969216163
57557079455226090
57580406553243525
57580524283987824
57590504466567770
57610289893870478
57658336537202102
57739041844164466
57740774077756891
57762437466534235
57802002469317399
57859251793127376
57916245835401792
57917180800469400
57969781205681204
58067593845985048
58117754081073164
58140011504408660
58141502411297150
58148411218125646
58225456977993786
58249561583752845
58380505642560436
58380588820031787
58382940540537915
58432935733663625
58438169976836564
58440647244716468
58552526605744580
58624640671717451
58672378437594997
58677871781965015
58708772020343220
58795087026911734
58795827643802792
58859784070853570
58909742990026350
58912227443204825
58913381368115043
58919022377884128
59007480088855994
59071242250556472
59123186185535625
59125060493870088
59158770611839688
59169224122827378
59170249492561312
59173488977285788
59180235999650478
59190746745987757
59195019335754515
59207795534746659
59354724980237274
59367141652316475
59381520365147365
59382106010129661
59406691030186134
59411209508533342
59453005353288466
59454026850288225
59484405617494246
59498717309500006
59512487368177180
59523885026793091
59526962794795053
59536715725696126
59568536767462196
59578089858686789
59664511276451722
59747903548307608
59757908470911822
59800742503912932
59803682612676132
59837534034651920
59852468534379708
59874866093854559
59875054725366551
59892429807059663
59899293300834405
59928825055090042
59989331791146201
60015034737451766
60015380995860626
60032892875289313
60035111295174825
60037575295165907
60039608307789397
60087363238263593
60103772852151487
60114846343315327
60118034311084588
60129213514275133
60142051667560195
60176333229282207
60198468096612078
60214592501194381
60243251578114575
60269643625014255
60272113350489871
60345500031950144
60368578366861256
60381353956883991
60423383282460417
60457677775085065
60460365525939423
60512290127167789
60514783761797509
60516957321735709
60611361200187863
60619572173642826
60694195612801920
60734914694107932
60767897869419579
60820222440654872
60895575024277729
60916288987441222
60922465494420067
60926314986055987
60933345787474654
61028606288170218
61037915287581302
61092022342839363
61124823994375341
61150968678755051
61152705591818773
61214729904080487
61217624530386707
61236260273707039
61275547063373958
61295510434711738
61310976425136748
61317458056441657
61335010302548515
61357494183938764
61361086095965356
61389698906282958
61395756627943026
61415919069850633
61418615143653673
61422801875572415
61469964010878774
61490948890745740
61511640633790373
61518522812304958
61519714245110843
61617397843812234
61631323563826236
61632118869889928
61660203252139763
61662503665639675
61688354639429270
61781941684787076
61786243779828300
61873820971589204
61873895960903261
61881864889105251
61888300732158803
61903278322390703
61946358221112762
61951993512008346
61954270976127986
62048305779596448
62077303846787621
62145629169991116
62150420919370596
62150565951522888
62162257052524794
62189255155635234
62200427897254021
62259684561898371
62266800704930215
62274722587046351
62356224053741518
62402340667361824
62423677158620696
62428349333737606
62433309430048802
62488126038207444
62490727873375503
62558800857489904
62582849760621283
62601613900019683
62603668194216739
62606881442578531
62614828912299568
62659677921033748
62666216989872429
62679533835769321
62680038635128182
62687242580061745
62778305128597647
62783620211964399
62840801005743057
62858673417227268
62897826616874033
62905450664921621
62906229469157060
62943028007183533
62964315005740865
62972809486731619
63013483095432949
63024830418834709
63037416071118373
63085765718210533
63085859827599045
63165410950928797
63180263137136821
63180740468465617
63199758967369315
63205325747113915
63228870172227853
63238797286205974
63241995661321807
63279543653412352
63293067681263989
63293922058806293
63298173498772376
63309726842809844
63477593177007227
63586399488490739
63589975106019284
63685497522256016
63687740677957583
63691161275815020
63763485861789253
63830421166550704
63838367804498913
63842488614728289
63856769383490193
63888602647399752
63902768823162850
63906909783175084
63908876771298920
63941801279146715
63977362150785848
63991746847882248
63992685396240108
64059916461993890
64089653014454287
64106671185926485
64107604983440125
64109290859606341
64162821120493645
64165667406830497
64166017911275627
64222732541265633
64223198366875585
64318521679983844
64327528612505616
64332652916969982
64333314360588618
64333345729587458
64334314616244196
64362272615268597
64385251928553435
64400137748891819
64429645179663824
64433115852830960
64471295574420926
64511361647697509
64528684498792149
64552550487703126
64578451916712946
64589212516111719
64590272634414885
64599534268518160
64603867002261572
64643327906415384
64644371528510811
64656013468660299
64693969652259563
64694059389993411
64784120545363885
64813374846766404
64818739457634470
64819857822184805
64999199195929962
65000484515453202
65010626436091338
65089208456548764
65120373928281924
65170675878159750
65178363607294236
65217884574417233
65232037714370627
65237003609123996
65261934205488188
65263445329833739
65351164602966309
65353265980142886
65363072066423480
65363508299436740
65436277799994650
65478096956059325
65525686498503145
65560125006931185
65606993579938875
65619121925384000
65667237143886777
65669293335218377
65680712468412837
65774890984626241
65785929964613434
65792995353866247
65793594791168553
65908913153296347
65934311884031482
65939126680540552
65940140248294152
66046325977092970
66046906185667120
66052036189097759
66057309827349309
66059122001151929
66060664177966944
66076012842620560
66155900243937461
66195243530480388
66206147443106489
66213747534406189
66214469445172909
66231833367925009
66234193904380405
66237833340705889
66306244091801073
66368388782422538
66378893920603541
66401153485529326
66426191901823824
66426217871709872
66443947759134590
66447014040143580
66448055949282213
66527076946112356
66575210985119742
66575669937085182
66583118353220214
66587376765691890
66601741040127840
66613374755261286
66614782823993604
66653193896119508
66686821255825248
66793787908103148
66803002351327730
66840027138479822
66858733199510780
66860559102997670
66863105905672592
66895164176480750
66896423525227166
66915600640218078
66933883043278038
66978504232008044
67046333201758434
67097302667114629
67098811087470281
67101802880774640
67101850436165315
67105097982468815
67116311019825175
67118137001428579
67120030283444201
67133856038719613
67154474631410261
67161329700428641
67196206875365773
67284025217996753
67300174227302333
67366521332920883
67374090923575444
67429527507925180
67432201794023579
67436172048217591
67449243670891591
67510971203469216
67523590682231193
67539971571543414
67542353759258614
67543190084178457
67544788233818050
67579062394507140
67595348970947991
67601223264265093
67656768375890165
67691627778285621
67704242270067497
67716241964888975
67803998533818609
67817448770525404
67836637163885636
67892416384367874
67910365047850316
67930726398177709
67930804168483879
67950171909095690
67950867836751223
67981845601111818
67999239504862731
68031933987976955
68037949759160872
68038505619692422
68088681473398589
68103417900460389
68216246208353627
68237584262296486
68266834709267335
68271050304663235
68274860232125765
68274903430297297
68381777189940102
68405593452104715
68417932315801455
68421078822937095
68445835899083453
68447004238920041
68480853967768264
68527967520084601
68537327596896112
68544173123858437
68628881804651715
68643206075814595
68643911944200035
68644100911541897
68688896375368677
68715838413690463
68740776373924884
68764413147232512
68765842572984872
68793582174689809
68824413032210643
68862082681981638
68877899908478102
68905976830674664
68919870078014602
68920548393211084
68950072481766584
68986331302390054
68988197640556934
69013668321049326
69018113075514742
69077861361546990
69089175176254022
69092866303362800
69104895072158867
69107772856103125
69151075529008735
69247020489723754
69345992122164447
69374458231739008
69384352581758304
69399418359137760
69454020061936242
69501863315140420
69556005310109056
69566469010785804
69602861444923551
69602920255805751
69613268306767729
69643567765078478
69653985208988654
69667699880564046
69726026967504781
69738270800557351
69749455717653741
69756106170884143
69766474443037720
69777843133073849
69862045897289300
69868448593161355
69869083034223505
69951863351461271
69959523418843629
69967481690716605
69977534148527385
70017019712672309
70032904535886116
70038718592618814
70055660359522622
70143006097756530
70144635946449210
70149201283958660
70221283467670735
70321545669190249
70346170950891641
70352662790810647
70380885559691693
70396418838067066
70397278516410964
70402286215754480
70421610750983900
70452657407080254
70457248661412829
70610692824265682
70611983863385294
70638725188488701
70662556040478908
70662921490469688
70694892828107178
70708890600653614
70769801626094477
70780034165799211
70831244043201183
70831519417938435
70852610673040820
70853241863330513
70869086986750118
70870215063596518
70872453169836598
70874954939640898
70880532356093463
70880854990530002
70908381906826557
70911362623633887
70926756026838115
70929481478412805
70939704481649233
70985323416092293
71007151542767533
71072749705149292
71086503707822848
71120235648604584
71144947620127582
71198190304674553
71296550268522700
71409707597682561
71469168483829925
71482049926673700
71483666176273980
71535226871008028
71548740240468718
71551245170180596
71644044376559816
71653563162388790
71660456085860529
71763010555883683
71767031656578315
71845461241975405
71908813885654432
71914018311874802
71914168913588918
71916105820679743
71920444512610623
71979501201738735
71986565024181507
72018111143005540
72039386264681188
72048111907603294
72059815772206948
72078173973602376
72120540339955139
72123881429581042
72135379984727206
72152259544360926
72167621450765115
72187284714217866
72199529385351175
72283782738811232
72322514742916874
72322724956459463
72364271912516671
72416395394915056
72435445477424774
72435679041468890
72442035069942860
72490872149260924
72495645432911374
72497702682334368
72578832242837290
72588568020483454
72592421428985614
72614592616372969
72619696273689060
72621020750987182
72680094786970660
72722961693915855
72781788260257370
72823434646682195
72836941074316866
72869659250160960
72872043485233907
72873555265928146
72932627936429302
72948383167824892
72948867442826357
72957314407042135
72957831490033203
73027686709946447
73061686021678032
73083117766711044
73145842542415262
73164110449611932
73244654402004274
73468981197845657
73479539015555889
73581709254445548
73608672786847491
73702246068459491
73706113530988866
73723155451683721
73726379864777961
73789062249997996
73867955977887844
73872195792898972
73875740760299041
73880908455981665
73888002406766045
73888252534720495
73902770165707380
73958551819639270
74040383151200069
74050269008284131
74056690008763288
74057890867846244
74083897776516339
74125374115045890
74176482508559504
74180745390153665
74227388146417405
74250344777810977
74299588534271190
74319584990530105
74327097591766513
74444410357728535
74480779494501574
74660606933130510
74661451874239314
74662941053180329
74673524734474395
74676796676652709
74679244896430136
74685438168356034
74698332973727274
74762512980731976
74793845830914246
74814360022239188
74817880503304324
74861238843488811
74863319237945844
74907177866492764
74944050231858658
74947119521254446
74969647933398220
74979419005658629
75007574627099623
75008873193167863
75010754431043520
75070000405335292
75112265145916034
75136182237633266
75158225565148830
75164677403078145
75188276851001784
75203995519796113
75207991319274360
75252102085836720
75327149638520945
75355641354957108
75357296228716998
75357713122876615
75420660899454898
75442409072186897
75483512635726041
75538621673452827
75611065209757395
75696104269628397
75723074424069331
75728484933251592
75731848256623824
75734242375655784
75782422858562256
75799064265772476
75799077869188064
75843751923846188
75860852036971482
75865568917663002
75917516478801224
75918574805690100
75933331074630510
75942318120006358
75947311935328732
75951847584169532
75953502116134132
75957982655137575
75977911421111867
76006750033836592
76021076250971558
76021436567820435
76034380132627891
76037803416448688
76045076455260936
76083384399716424
76104524112956387
76109781090632711
76127838693029235
76131892094323542
76227676738239340
76231821496783498
76257760228359136
76300466103931666
76309250233177666
76324361222986686
76327643353454582
76327737401702698
76340205449664808
76393358655317561
76406206456585091
76411949060201771
76475964144240401
76477932961626541
76510844091663886
76518493784229358
76552149890478982
76569483283752037
76593665750093851
76630896925737427
76686277233667793
76686424017820451
76723888977813644
76748727834572382
76753410240597586
76837016223128592
76850843851969926
76893338654255451
76893408305204691
76916661097854135
76941198773726864
76990929655627739
77004788738078737
77006178522102577
77040315181721805
77055159365751590
77057172081394920
77058383767223240
77078729710098421
77084373430001001
77117496901945122
77124561471627948
77149695220406593
77190503352003273
77206265502692166
77223552815035470
77225448978517779
77258197986374456
77262985218382946
77266221946367431
77268929846353599
77317405869793359
77317622508899295
77364133646576057
77380964309502537
77395810006889297
77403152303933781
77407644856608921
77549663157696269
77549672548383357
77570653784425950
77595883862760525
77607090235642346
77612594055299715
77615421110371533
77616687198129089
77651019247832385
77689182607190091
77709160967417669
77786790408394802
77792188410225518
77821739606822856
77843549092788544
77888855239398730
77899636139438970
77933795130590974
77959126111739070
78001132590821332
78010583723586692
78089310002415072
78100084507088107
78157872730345869
78159302329766491
78179398461630997
78265118858357782
78277908531967790
78280041208723741
78320106869286857
78331465638474249
78414582449145993
78504199628228163
78504204725630847
78539954487867331
78540363690338844
78577834964838474
78622616126905394
78626130882850090
78704694074909640
78720105343853457
78726333406809714
78758231598543382
78758523234085030
78758866596620590
78768881385261094
78810066226229492
78814483599289475
78854467599238891
78909870139689454
78964667192447659
78982345299501625
78987126382202777
78987678219162077
79100857291232061
79147563310486156
79147610153767453
79156042006517235
79161299002778923
79172564907927175
79180856928230419
79249126400427854
79272967129751174
79295894282830554
79306829469957632
79309815556752524
79310200301352396
79327769075071871
79373667682579736
79374260207949077
79418939425339037
79456748018199798
79477985297935110
79531834643205850
79634175553511003
79647214247713355
79668313440161427
79675357700262727
79712262028041521
79712479171329092
79715513858493040
79740816158107429
79781767965362893
79832549241671146
79833500340052596
79906980514016673
79997835149390542
80009367220515622
80013490940076838
80054723269204112
80060739641968388
80075262711574092
80142211706297109
80151699245856631
80225983169812301
80232634127221511
80246892046079421
80257955298515509
80280752311179107
80309732180036738
80334454339198126
80335311510645583
80353358450827747
80374660345117049
80376554711792419
80416736900131164
80418632213025324
80446044099839229
80481727418264765
80502405743972062
80537096881220447
80552809016852794
80558418909620024
80560339506137244
80570381420363482
80594000185046750
80612599326563134
80619765902923519
80628758243235973
80711686585413419
80731586767080776
80753778368705201
80774191138641673
80774616030435521
80775956014532154
80780111019552254
80803056395848306
80813375390832106
80839738859841706
80846437791404786
80867100750271682
80896612036230536
80898539000473916
80903593804210334
80957998794264039
80959257841234615
80959404063009145
80980695211389217
80996073825759275
81025918804602639
81071816279868943
81080517180029743
81095801268904154
81102181075536681
81130929059829201
81155928310328555
81191749698428777
81196268859253655
81220018567035967
81292806063547091
81296154793720494
81297266801875665
81302752727163165
81305084063154351
81313795482160221
81334163180989353
81345992836856070
81346859497787046
81347968807096062
81362769390783648
81381931932334428
81422474215295682
81462520369734546
81466929399565730
81498401732603403
81533748683305359
81537700157739279
81613619888263534
81620065373054909
81695571528939082
81763695541971508
81785307338672117
81792656543863341
81822242794243383
81832482202791591
81844543351720601
81889341985914749
81913935436730635
81989135375254803
81990286129018314
81994629473076564
82012681936686224
82017918147785504
82037719123246148
82038760724303788
82040332438126104
82067474755579112
82077866670477802
82090092743996036
82148628447796717
82151235595308967
82155191398377069
82158612264089382
82234772230945090
82235606592365436
82238155634793660
82252719135136013
82258943199952940
82332951401553503
82385145382986503
82403164656172105
82427609000544039
82450979963757130
82477002790689454
82533409173464110
82573481378829496
82592248466661216
82626695605956115
82665596265860237
82717304358774930
82723678976133729
82724728142006161
82741940266078733
82802207196738968
82835577005294583
82909544516375938
82925076714116738
82934423468111470
83045393415500998
83100406500404165
83104143548007919
83142951976401439
83143079467402093
83155290161424433
83208787496469631
83250965108496188
83255575718584638
83264910727582902
83300079631804286
83323266283495148
83370983997911527
83402726798120522
83421741769231295
83490250572544455
83506842871195247
83508355044465602
83531146704928468
83549000755882289
83608128173737806
83624533296497531
83724799122686577
83748566657279506
83766906906087378
83785419789037503
83788693175281696
83832582970076365
83907298081493999
83965110811581063
83976226666141461
84000115760284155
84077271291755199
84080081851591159
84147179803526401
84148378644806116
84161958701624500
84175176091194104
84206284224528854
84270282082376918
84316312608319118
84322355363752151
84345558116601276
84346413641099832
84403271866523576
84430914190967289
84441111471308326
84467693838165216
84555501127801447
84558833385757371
84622267918629369
84696732364141774
84699082553542186
84699185633882861
84700807731236550
84707039287711226
84714076599806956
84731124030703728
84738098321933988
84754216880969109
84760047674502763
84859331568996776
84880943637942480
84903307616547816
84915044990153250
84921666993158860
84925993091842260
84929736087382201
84948420950966401
84957552983537161
84967965666578698
84973520882349215
84983157727261037
85014241394821656
85040710819244790
85061795963556205
85065262989961177
85067644228797229
85068640062280629
85074841564454589
85145677661021101
85166663512136120
85213774922913172
85242495439149048
85249425421721386
85337692166224796
85390802453446388
85392319858233598
85393318839625966
85442275713368032
85452697954791424
85534005964203632
85567369016524120
85568983810908670
85571183006733912
85686291486775183
85824706693859255
85849270219310111
85927601792995924
85977774388491957
86048965647747926
86050961561428214
86084938381695564
86172381407952263
86225475020307943
86226579367392751
86231653429719579
86308130553175331
86338939767147144
86346054843083344
86346940325976069
86368818195270053
86368859865471017
86404122806432599
86422865321513024
86448767077856774
86485113324827578
86494436495521732
86507719989967289
86548983594882176
86549697429346806

