2219711668
5029943032
5030749767
44756480689
44756548762
133510457489
145662210005
145869924976
145869931645
161681718571
162696078034
163110953446
163194310951
239070195514
245969081278
245994463789
257510258818
261354415438
275546428962
275551559664
275551609167
275765264208
276030818982
276563677158
308495677744
308496106054
308888958985
308889847207
308889910387
315962363530
315962396920
316275056380
328010690836
328011159826
335156570128
335156903794
335213918794
335214079903
335721350227
365122217902
473917378369
473918806966
473918824331
475908007994
485209848940
487313220478
487415491402
503917626748
503926257478
525317083494
540391434189
590477211759
590478829410
613193404665
614326791171
614327260404
614795748171
616516887510
618041158308
618090841845
618280345885
619500612810
619512344621
619586201798
712561174892
712662660440
741679353946
758506306744
759320120062
759320155513
775948775737
780762246826
780762339682
787664559796
789275554697
789330880451
793487542979
793556407100
913396400219
913403728856
913413867194
913419018227
914605297980
942450496665
942457714008
942865801647
942873644958
945608184465
1048193980832
1048193987043
1049122899984
1049266752096
1049449118007
1062242628420
1069461974469
1108002755421
1142776385395
1142821695661
1147240039363
1257650010816
1260066060615
1279120195326
1280038414494
1280038444958
1280038511261
1280449805518
1280864880833
1280865160013
1296481730945
1296648041819
1296648157415
1379221424627
1379275203404
1388465775317
1422065958959
1422108293423
1444834963328
1471539569099
1588598907962
1684806735074
1700389766174
1700418713512
1700421061216
1703191537183
1703366492809
1703366642443
1703371471825
1703438548573
1742023218095
1754518636034
1755155107709
1798701709841
1799378408465
1799426993507
1799427200417
1800531901211
1836842703506
1882983650907
1882984292589
1892002964457
1896344409045
1898477159952
1927326434637
1927646668344
1927647067323
1927859263185
1927869901239
1927876023435
1998305241960
2022283859880
2022284454780
2025039679662
2025043358628
2025047476020
2027371222002
2033988905375
2071043091584
2071098884141
2148341842070
2157692203128
2157979543521
2157979578333
2168101898124
2169799674972
2234211918495
2234212104435
2250631432779
2250631500942
2250658368237
2308934062533
2377957434042
2377957538748
2379547366410
2379550993668
2382702379749
2382718511061
2382718654528
2387946715873
2387946804082
2399893937665
2401861648060
2401878202921
2401996263742
2401996318903
2568618143020
2571145853563
2578662987091
2580725041594
2580915901084
2582215952677
2583323640799
2583324259738
2583329789932
2584253212750
2611971253333
2612184008494
2612195608342
2612195950000
2612265883699
2624257849864
2624925871201
2628335383546
2628846058981
2628847612525
2630043354775
2630044164451
2634027859957
2634036465073
2637318048145
2652280225417
2652341701797
2652893691849
2687208837219
2687341738077
2744203090725
2744290173711
2744296022793
2751071165427
2755209629415
2755210988136
2755211031255
2764993276596
2768985172704
2770484308716
2770521157479
2771584990755
2771585034726
2771591525809
2771592150373
2771592284716
2816074347211
2870010058105
2898471243889
2922148318006
2965019663476
2965019674699
2965020784966
2988276643126
2988286151878
2988304263300
2988385740471
3122886093213
3122886696195
3122886731263
3122890455724
3123749539942
3123753799894
3126673183012
3126686969131
3162138485866
3163192611118
3163195759156
3170597975314
3170598001108
3171665183074
3171694313914
3171694397859
3178546511784
3196403557206
3196543119244
3250332519838
3250332872206
3252923199520
3255410171959
3259182812569
3271697893825
3271697912449
3271698917263
3271700152621
3280553714092
3331634228689
3331634527885
3339078851096
3339092950685
3345015978728
3348385787060
3349933166105
3356638888643
3360922903477
3475384337513
3475384364546
3507211914542
3508376896607
3508889390897
3509963116286
3599460526448
3604643597181
3625999639194
3625999693788
3626000180517
3626000217353
3635151479939
3751868849351
3766981243424
3766981367798
3768123112944
3826842180806
3826842435695
3910123124462
3910333673513
3926634960681
3928205595231
3928206112659
3933907057413
3933907117983
3933908412201
3951288363420
3951964997622
3951968868612
3952048520448
3987995721129
3987998480421
4074567030675
4074574582629
4124676182904
4138378687791
4138378697589
4141582020648
4141783141542
4193590673988
4196085008940
4197095350961
4200998104949
4200998279045
4218408349628
4218408370108
4221525216169
4266422415061
4266782720719
4266795876496
4274092716703
4274099099233
4274104298573
4276213562756
4277495221301
4320306984191
4320468747875
4320469433378
4322928056591
4330765729199
4350123270524
4351766899439
4397969070821
4397969106768
4397983261971
4613037270180
4613040535371
4613095780755
4617407134140
4617407159548
4632875281294
4666051214800
4666053190012
4666053901238
4672619678657
4699035284708
4699035448193
4699717005005
4699985516654
4699988960312
4711267315036
4819456046017
4824321968287
4824333113239
4832485388392
4834410444841
4834422732757
4834422798424
4834433778865
4834433815288
4834433951341
4834456567108
4834589427358
4834589455231
4834600829089
4834703285665
4838272983961
4839907175521
4841391726430
4992145998253
5009075499092
5027343252438
5027401710948
5085373674198
5085947747487
5094227278398
5099198023218
5099198273778
5111950338354
5111950561671
5139717402027
5139717480921
5148805122021
5148880459797
5148881392469
5226292322888
5227219777037
5227219794182
5231757661415
5296441012019
5296796772038
5297228571131
5307240919571
5312078127530
5381087454530
5381589660938
5411779229825
5414184311633
5414186710772
5439990031892
5440050984797
5463171530603
5463175110674
5464024881152
5464171016492
5464359234086
5465675731541
5478890533478
5481769023350
5481783843434
5481793159992
5481900677133
5483482877268
5492702692799
5493444190303
5493444213771
5493570991974
5520132846252
5539224118839
5544027541149
5558812406916
5558812415583
5559358730370
5559366911613
5560561079835
5615972039274
5615972206679
5766765200192
5766768531590
5766838839752
5766840577375
5767095756211
5767195249980
5767195907781
5767204876668
5767233263928
5768322914808
5922388466253
5945649114495
5945649360411
5945649461328
5947805045207
5948399137196
5948448108500
5950414584542
5950415811179
5954825293245
6053527966623
6053561860749
6053600262282
6053601530742
6056598056307
6057281357430
6081664432160
6081684889844
6092327520629
6200627960999
6211440681107
6211952786356
6220619176033
6221593527535
6262245098623
6270605905582
6270606224641
6270689699253
6272459093477
6278128506065
6346530140258
6346541510714
6346930409615
6348017383607
6348076066325
6348700580612
6387018150551
6395189640827
6403886703410
6416309593091
6416309627768
6416353442342
6416355012608
6416355106997
6420858305318
6420858357122
6420858359940
6430618505682
6432829906527
6442809273913
6442923586921
6444163586923
6452693143396
6452698799383
6453632265658
6453804984222
6453949924990
6460246262350
6461136687799
6501253577271
6501276375358
6501298374391
6620816071966
6627545633791
6627546393112
6627558464722
6641116338564
6678138960849
6684720695065
6684729805864
6870274489945
6870275658856
6878623411969
6878624242426
6888547544974
6888547883557
6889933038556
7134713118280
7143670692457
7143670989349
7143672396751
7143672425911
7164517120180
7229623465015
7230489850685
7230491268185
7230505471391
7232101023566
7261568863920
7261570401381
7261951993092
7268839698249
7268842967085
7298140088097
7330347471555
7352072094360
7352293266669
7423534856874
7424149497915
7478772260322
7501513762326
7529012645430
7529012661603
7529190034431
7529218141755
7529218951767
7573625933550
7574510260446
7576813710177
7576816579197
7680982625058
7681062839844
7694429892402
7702921256700
7702922240391
7739026083864
7739038532364
7739038570014
7741545987384
7741546051410
7741546561395
7741546612344
7769302181939
7776771053753
7841343191762
7841387588591
7841398413755
7841451664046
7981602715067
8124747411299
8124942077852
8136772485953
8136773916548
8172692103677
8279438405819
8279438434178
8279785216049
8281041819503
8281202430596
8281209431099
8304281092829
8304288306527
8385485339837
8385486542687
8388056487037
8388278790223
8388313128310
8463123557542
8463146157271
8463623860036
8467631176681
8471360110825
8478435007711
8478580843432
8478581192569
8478592818336
8478599492088
8478604369827
8478604412572
8478673788586
8483708802082
8483708895472
8492895139033
8495994287404
8495996949091
8496594643069
8496595538254
8496607723345
8496608751964
8511089008243
8511089480950
8511093670268
8523983417429
8529096399248
8546828239780
8567050632712
8575136936044
8575155411820
8594691373996
8594699694073
8594707344199
8602134065736
8605069745820
8605411928214
8605487499999
8647834313202
8649311351766
8782538959482
8789109518859
8789708719029
8789708745259
8879441570553
8879441572858
8879441736721
8914327118284
8914327206338
8917550449328
8917550486434
8948725323364
8948725505275
9004430004907
9004430174080
9009953071124
9009953113144
9009953606839
9014474611633
9021207733150
9023936192500
9024047466691
9028388464672
9028389825715
9091419892366
9113656516186
9116963587507
9117417570313
9117519489130
9126513478516
9140918347669
9145997537800
9163708611928
9163708634872
9163709847118
9295058653471
9333055551630
9333222955545
9335515633049
9356277846107
9356278834415
9356279477366
9356279489262
9356500713060
9366174070425
9366182577639
9366589094796
9372870211284
9389707095411
9389707139991
9411955072932
9412571862273
9509870583040
9534355183633
9550339409797
9583602002368
9583673890880
9583774199822
9604236843896
9604377471836
9607213858742
9631911583002
9631923440835
9631923776634
9633150755805
9655856812614
9655856842017
9659459527374
9660196727301
9660197336664
9661258023618
9664049440659
9796681342821
9796719960867
9811759756545
9902966297576
9962439328445
9963806909362
9972406834299
9972519811688
9987872418719
10000951057070
10014174701297
10015778862152
10015809897140
10015817961941
10055052656648
10058865214382
10059233476236
10084274976156
10091306135229
10091306157610
10097932846342
10098537174949
10236631921969
10237016488423
10237596013480
10239740555062
10267574675134
10307796351770
10314129149255
10314139602629
10314965288684
10315164907109
10315199426717
10326597857222
10330855065338
10330905089318
10349191974128
10349620018385
10349633147061
10356308577462
10359753102531
10360420641999
10455463037223
10496648382840
10496765698874
10496765712383
10497030774596
10497037072630
10527145862485
10528057834924
10528681003807
10528711642192
10528758747985
10555365820543
10569525890263
10576554880561
10576570592698
10597406754949
10597407298207
10597450303375
10619426579599
10627646768974
10627906112182
10641185952922
10641223678672
10641846509785
10641846550857
10643599184226
10645675051821
10645676763027
10646979935793
10650967160185
10682516662728
10682533890978
10690675415466
10690681143219
10691639508489
10691640876093
10691643093711
10706531793452
10706532865811
10708362321929
10750986885417
10751039019123
10752889947374
10752971557046
10752972701522
10807432273490
10812070690538
10812406513136
10822822173293
10822979081174
10823272555394
10824093689116
10845691864699
10850594585071
10872523822153
10955999794138
10956838976615
10957341492353
10965375288434
10969594339484
10969668162155
10976137285880
10976386701602
10984154472865
10985208412084
11012352915001
11012352926893
11018151302497
11018745301606
11019015864997
11019015938356
11025612857644
11039956366507
11192684076475
11193607584568
11194914461560
11194914745834
11195055208900
11195390843416
11248441363873
11248449289030
11248545722582
11254919759516
11255158019450
11326268700401
11326269306857
11326269707573
11329038077702
11329038119228
11329197192522
11329311107376
11333368838988
11333428572139
11336184060055
11434848664381
11437803098103
11441238923217
11441238943703
11441253488711
11449626396914
11449628226704
11456390715854
11457901248323
11460843998372
11480036231765
11480120666489
11480993924654
11481057210857
11481404697455
11481450237437
11482021221584
11494995605321
11495734308311
11498105834249
11524370068373
11524580300864
11524581344801
11525455998287
11528813981861
11546556139646
11546620667081
11547146967575
11547480102350
11680175605640
11680175781026
11680184584673
11757492974078
11837869173800
11837872872989
11839141363607
11839143642218
11840122521311
11855314825178
11855417902376
11973026615801
11990171965343
12066081541241
12167508063353
12189392590055
12191601435998
12191601695441
12191601977555
12230992915916
12235744884191
12242029094699
12287760206054
12288778669382
12288812398754
12289086505616
12289086533468
12289145781485
12289145903108
12380964932978
12380964969578
12381556286264
12381666406088
12393176322245
12395055320474
12395055344720
12395057927243
12395158090663
12417252847006
12418670537167
12452253101851
12452253476368
12452403446212
12452410803037
12500983447555
12505030902211
12505128220039
12507018726721
12507019551409
12507682671679
12508632030883
12508632389524
12556524296434
12558165799585
12558281019493
12558281028068
12558281525453
12562332700196
12562334830470
12562334888877
12562335008244
12568243037841
12582533899482
12689482141989
12689511948612
12689512637274
12689512638003
12689560153566
12762781235865
12762784220208
12764322160077
12764387678223
12764438812470
12764438817363
12764560883067
12765663905265
12765676268619
12765676361384
12809595981638
12810538676149
12810553055674
12813808781338
12926185864900
12926199451136
12926341673933
12926344758413
12927046988804
12928725943544
12947481548489
12947554808615
12947554960970
12947564192297
12947644898969
12979141903004
12998865346700
12998866365248
12998866397918
13000141361057
13030266409988
13044099128612
13080862282712
13086067206389
13086074034446
13086109644314
13086157791119
13086170755655
13126856452448
13126856594981
13126951579367
13128028251860
13128071862827
13128111629048
13129707369224
13129727433851
13130562662462
13130593722236
13130713200125
13160441478224
13161418343010
13162518640851
13162569488601
13162742220048
13163302378032
13164304518294
13199533946520
13206486163506
13206491530080
13207626246957
13232466440778
13245723839568
13294130841391
13299342486448
13299357766288
13299357845149
13358061190528
13358436041994
13376119121862
13456613279643
13456662732087
13459590133753
13459592597160
13459594658691
13547208220536
13549803787006
13552470072793
13564349373466
13565588509441
13565598262489
13565667246478
13603639177546
13652573355975
13652595784146
13652679872304
13656112571466
13656116785249
13656131863156
13658601085786
13659836178178
13661001771742
13661500263400
13661855427727
13661855627635
13662874099945
13662919697194
13662919700578
13662920565037
13663674873136
13683220186933
13683220253304
13683225737733
13683225785567
13687418264567
13687418344410
13687486132662
13692501221094
13696537462893
13697838116031
13697840460447
13697961682410
13697966314233
13697966335536
13706541090873
13707677449518
13707677602410
13718480360285
13718480808026
13718490627449
13718502472241
13718502518232
13718620644663
13724103555435
13762442153865
13793018431815
13796870628396
13796981309238
13797208353557
13810508727464
13810547257139
13813448821917
13845524531301
13845524533956
13848248877669
13848248938076
13848248990640
13931668906602
13931669701509
14069213496195
14155206226116
14204818369230
14225744939056
14238988507825
14287642016668
14328076706017
14328076946509
14444285670988
14451911804581
14451912075901
14452378590865
14453800611070
14453823875647
14453823906661
14455122039877
14460379824064
14460398886070
14475623518994
14495712149825
14495781696713
14519002784744
14519028515933
14522209868479
14522236276504
14522604113623
14523250424611
14599300223947
14599487376391
14599793108785
14600191026926
14600363115395
14600363530439
14600371948688
14636772027902
14672526459842
14686755477446
14690732781890
14719792507211
14768479460667
14773246217760
14773251832356
14773267051689
14775349591821
14778648674769
14798722795662
14799720824391
14810497671405
14811247171371
14813950983786
15044841489699
15050359441602
15063179215698
15094142453331
15131063785365
15131433719709
15131733766353
15137180872173
15137699571711
15251983769109
15256447696362
15265114967631
15338620538432
15338624957387
15339235327217
15345835470143
15349370264682
15418187625563
15418489686671
15419306530442
15419306549577
15439081720812
15449592855228
15449609587479
15450365099751
15452888604315
15464018640345
15464407530147
15464473927467
15489841940412
15490247236341
15498396613617
15498396763251
15498549030939
15498875351724
15500502183541
15500539248817
15501008671600
15544503601736
15544678291277
15544799718917
15549571409558
15549696727514
15575215135814
15575215192571
15601449905331
15601464835251
15601799938326
15601821074952
15625755583269
15650226244833
15670262427005
15670574450669
15685308492905
15687757045712
15698768089160
15698772928958
15737335457448
15782394214074
15804692565651
15804692636826
15804697985742
15804949311408
15805048211760
15805990810947
15806033736405
15808067443014
15937903973801
15945927718520
15945985263791
15948312975371
16020303639982
16020672832777
16036663052659
16042345394344
16044024747904
16071283173880
16092996299155
16111108871317
16114039788115
16117531816051
16117537029859
16117540565914
16118267675617
16118270692219
16118278378505
16128441691203
16130598403072
16132898834014
16132898864983
16176299653753
16179505052173
16219319090497
16335985735906
16335987070030
16414204024969
16426523688148
16426532896066
16436644623973
16494413260020
16502822456541
16502823442716
16520894230752
16522587642348
16525840782978
16599384846000
16600598146169
16600598328518
16600611437396
16600616397188
16602533385794
16602890146825
16647415242349
16647418635844
16647434920246
16647438756973
16647923777378
16647940953833
16656965122715
16656966726497
16656985631191
16657001325832
16657894729993
16660471260937
16672129907161
16678846789960
16684109414716
16687646900311
16718769121566
16804345915920
16804374386286
16812658865967
16812712967973
16823768150301
16841847816186
16842153668136
16842153698326
16902231095710
16902851269603
16918764725299
16918764926341
16919097422998
16920493290054
16920493442226
16921751704245
16928794360377
16928909059779
16928909944650
16948309616451
17025127616745
17062278266259
17062278300909
17062765283601
17085369619011
17091163270695
17101339797321
17101344383622
17115997806315
17167661843130
17171014734639
17171068988376
17171201780829
17172012347910
17172012352396
17172456818593
17172456842686
17172457024207
17198761759384
17204007450001
17204732335525
17219649346393
17220319372723
17220352061812
17220353805585
17222908228146
17223100130835
17223107023773
17223375049371
17257998102714
17283914606637
17283917513280
17283950891274
17287536639306
17360146841289
17360146947318
17362282021377
17363495380722
17377910717847
17408427654390
17412716906943
17445177210151
17445177555634
17445177717793
17479232457073
17479233485854
17479239397072
17483212453390
17501668487314
17649049365368
17677612193354
17692357252721
17692365841070
17693813255990
17706259351010
17706259366001
17706259391067
17706259509813
17711087474151
17712547897455
17838925106654
17839972754012
17843567312294
17843568167492
17845443268487
17845443321175
17851896077797
17937584892015
17937677372955
17939249124440
17939321981648
17939329594838
17939352847022
17943136570772
17943315931016
17957211679316
17957345914538
17958857299208
17958857316908
17958919750331
17967205349852
17967502736242
17968783217938
17968784156053
18010049217820
18010064886460
18014248512322
18016940275731
18017204037263
18019043886005
18024609829310
18028044683396
18028048962653
18028931521319
18029019222206
18029291788664
18073787120549
18135203180633
18138210186126
18149881381605
18158457530358
18160966646325
18160989119937
18161257478688
18161344424037
18167068929342
18167069158806
18169771793790
18170984482860
18170984603529
18210120519792
18215490954171
18227692308090
18227693536563
18318961488360
18341426268282
18341426305974
18341562677088
18341566225455
18341566225536
18342153641451
18344356700592
18344357886216
18350119866525
18350120054343
18350339189262
18391926573276
18392801167698
18400273405305
18404357228070
18404363199309
18405720050235
18405832400361
18405832725279
18406450968309
18406538074825
18429107252164
18429671406310
18429759975988
18438479505622
18439928629498
18454558348849
18454568306989
18470049183319
18470353329431
18470353330763
18576483043247
18588518587574
18588552758882
18598433807402
18598537289810
18603292709252
18603292894805
18610388704739
18610389225488
18616429052453
18740884031597
18740962862012
18740983507697
18740985091085
18741683807966
18746689682873
18746912474750
18751328336705
18761740860218
18761746669376
18790298509780
18863062036471
18865492935085
18936128549839
18936221601775
18936223011256
18954447717469
18972723251722
18976052375293
18976873806694
18977689894669
19097660520253
19097967778444
19099085775112
19105629252139
19105761837880
19196810435764
19196815290175
19198175247694
19198175252461
19248028600321
19248031277976
19267366629356
19268135624483
19268853719372
19331341626698
19331350778564
19332986790158
19333595821544
19333605252317
19333608115262
19333612944158
19333771805651
19334751235008
19335907773339
19336922768034
19337396233392
19337401355346
19337408334639
19350130310343
19350570441663
19467207799173
19468755296316
19468755446892
19468756009356
19476998046026
19516191875674
19520849207842
19526267090678
19526267141731
19533215514015
19534991404266
19570243823686
19570254178672
19576015353406
19578542003264
19578692046323
19585706936303
19585708805459
19586922934616
19599686835884
19599725980174
19603841992825
19603857108154
19603863234049
19603986547198
19604004603070
19604015770837
19604019051823
19674653892817
19674653909368
19674796556884
19690374014779
19690451474062
19690609334719
19690609511758
19690914014329
19690914390223
19690962991060
19728906401448
19728906628032
19755963885024
19755967309299
19756294492748
19756294492889
19756894612007
19819362047795
19819388105900
19819389796298
19821034940372
19826460980573
19840428654629
19841002064159
19841285187104
19865990379336
19866217857882
19866286736718
19866286736928
19881154470312
19886671802646
19909025805429
19909422116073
19909422180876
19909621412202
20040853787601
20041372159089
20041704891488
20043148146623
20043336184883
20085084518261
20085084922127
20086575757502
20102486904212
20118411767273
20119493912369
20119493928053
20129775322726
20131219803421
20131567018210
20131568126884
20175969490993
20183988054322
20184038924779
20218423611448
20245223135413
20249071410103
20249072415112
20249081996116
20249093596824
20253634228728
20256422171382
20265786870390
20273520754116
20316894923934
20318486419143
20319009540561
20319010660386
20319544109733
20327175862746
20334227756703
20334240679686
20334244337565
20334376640670
20334542913906
20375582686242
20389078630437
20393541140514
20393567631645
20394784338819
20395225350042
20395226525505
20395227497937
20395228122474
20400330254964
20400775248228
20401724417132
20405305709768
20419939646291
20445322842821
20446575009386
20446617583715
20470474029254
20470536321701
20470546267199
20509179920360
20511369707424
20513016198156
20609256663606
20692761540168
20695634469876
20695755382545
20695814431545
20699485205097
20729068529079
20729070745599
20729070751838
20772807814697
20773144334948
20773156594730
20779091374928
20779280657591
20850457281584
20850457293486
20924168769711
20934260767557
20971937277252
21060538589331
21081470747598
21138582750129
21138595593651
21138595760565
21156120027540
21156120103842
21156142740246
21156142829227
21156171828847
21156173129383
21156173465092
21156173616940
21162600332953
21179605748029
21181674293548
21182575376104
21188644358695
21194756993077
21259500983659
21259506861595
21259506884976
21259527812379
21259606524696
21260736227540
21260736324864
21265129642257
21265134353118
21265970762520
21266001244197
21271647841962
21271648390770
21276469911153
21276497126181
21276661735353
21276663548619
21277824333861
21298779328476
21308425398075
21407559873436
21411531414001
21416431140370
21416431168603
21435046247269
21435916479797
21451268258501
21488478162998
21490686816485
21495829571042
21515327078450
21528578047298
21532276870435
21532528172044
21532528534690
21542147793937
21547375668326
21547376169122
21564042336029
21617483236199
21617946042578
21621179979161
21625763471162
21635033753708
21635107886447
21635409074984
21635411358212
21648795379205
21649545046196
21697403337899
21697403401218
21706854902256
21748981115951
21789378225377
21791577918725
21863248679192
21863249260629
21878539513908
21963185197735
21963904377311
21985678046522
21986340893228
21994464407915
21995322885194
21996994281974
21997890889838
22013549002631
22031496900875
22034256844574
22034376560954
22034376600276
22044873409395
22079797054710
22079804199639
22084041378732
22084057060162
22084057993306
22084058042026
22107131710207
22108183333531
22108432618726
22137972251308
22139540122786
22148345697910
22148351399176
22148779098085
22148804819266
22228557867512
22242891760649
22256169636887
22256718085970
22256719006049
22264483412438
22264489372742
22312454487038
22325738524055
22325741145876
22325753116893
22327520768391
22378829271177
22378831442868
22378832200974
22421030878800
22421030878821
22421033860334
22421133468238
22421188298515
22421833674952
22421834397079
22421836024002
22421846298528
22475914803679
22478008149778
22478692765342
22505104943026
22521398302951
22527059212483
22529715062857
22530488637886
22667481869686
22667483494149
22667483754069
22667483771187
22689098008098
22689120055245
22702278704046
22703042739057
22703043890877
22703044512255
22724231441502
22759863980385
22823984462799
22823984675283
22823984681076
22845443339355
22846014815577
22861877926038
22861877971051
22861885714084
22861886361355
22862750484421
22863392690410
22864148971320
22866309278985
22866309313279
22874590029382
22936216212187
22936216415116
22936271061685
22936310537188
22946403133219
22946676993524
22952855365238
22952868599990
22953245747094
22953345915339
22963863976182
22963864062207
22963982571363
23011462255656
23011676656014
23017063696284
23017270369971
23017924395789
23017924793823
23106846564825
23107017863956
23107018076725
23127802560013
23127802738255
23127802831048
23127802846749
23132741561226
23179493581542
23185712370048
23187139776510
23195913335979
23211997144845
23212059341667
23212568708757
23212569624030
23276487852279
23276867307858
23289201669366
23289260510601
23289518318535
23295733533050
23300398152860
23305038572966
23351488727432
23351519119442
23355679141175
23355680867933
23405509187735
23482021248411
23482025583531
23484535874619
23484631119927
23484638841009
23502381385893
23502406952826
23502408065766
23582864578446
23590852258701
23590889370012
23591104111293
23591104515726
23591140889910
23591140962495
23686518101154
23686518181263
23686596191310
23690812235475
23691385526778
23691385925136
23691452072087
23705073675470
23705428264715
23706019758548
23706497642105
23707921532924
23730546855818
23730572012987
23737507659484
23737507769401
23737562547190
23737566374998
23737566421564
23748576993349
23749271356129
23752292066773
23756072788348
23799555529351
23799684669514
23804319058570
23833642201480
23833642228912
23833674035911
23906715941945
23906716028675
23907656613206
23951511717203
23951512210250
23977838668520
23977838758565
23979955054352
23979955063525
23986880271196
23990748453088
23990753518787
24004341933716
24057087454316
24079766390624
24080170955006
24080581498472
24080768281457
24080924238614
24128991482741
24128991508133
24130801014203
24130801631963
24148055356103
24148055360269
24148055562246
24189813266175
24213514238289
24214397895882
24214408387893
24214440576915
24352129869651
24352129883667
24386112244406
24390817977314
24390831670850
24405918256679
24423096835769
24423120849940
24423121108735
24431010881821
24431010891848
24432120099692
24547006515341
24547025561195
24547139781644
24547680434288
24552653843342
24552653933765
24552762721706
24668162342249
24705165607460
24705236149064
24710192796077
24745360210838
24745473483911
24759262830923
24759361678949
24759361691729
24786498643829
24786796795352
24786929428376
24787007872564
24823907896184
24835834286489
24853607154387
24857365260669
24859018494888
24926691024456
24926691253104
25060056794388
25084453519323
25110649840536
25152941915316
25154238277062
25165859695452
25165867236957
25179646349619
25196289622362
25196432894919
25209173130012
25233996789207
25233996994749
25238036720367
25238037155094
25238043123417
25243190322396
25243192368051
25372244305041
25544821798176
25544862538935
25568318493801
25597032782472
25597032787449
25684373521476
25684418059974
25744953576156
25745073823248
25745080053525
25745153069031
25746148862589
25746148871247
25760733198632
25767374368121
25777071886976
25777089756953
25798308950333
25799638025225
25802628596372
25802653314828
25809967183017
25816455849950
25829122803178
25830682051072
25831865257519
25831899195385
25831965958987
25841898710014
25981878232693
26039598521626
26041199753359
26041346522227
26047287324019
26115130440586
26121277264339
26121634924132
26154372982249
26154380481320
26204897069444
26251111254026
26251111332194
26252299732685
26265851331511
26280086161027
26280087794905
26282514268222
26282652321775
26282656397755
26282674049032
26282749853152
26297239245007
26301176573278
26301182121535
26329376858467
26329702277506
26518360112419
26525504084809
26525504386993
26525611426711
26525614250128
26525769595651
26526810224440
26541503099272
26541567540280
26583702131377
26585381699534
26596075492928
26596159171922
26596238651876
26622232209029
26627458467404
26646177020330
26647108539480
26647110136341
26649462585078
26649463020345
26649463059541
26649463405816
26649463911805
26649466241265
26749644789290
26758088696579
26758258619189
26799326381752
26799326766178
26799614157661
26802048157441
26802211249564
26802231411517
26804493618073
26804494683142
26804894053399
26977247000225
26982262031795
26984091163968
27032426254359
27034212630222
27037531479267
27091051130907
27094087607634
27094543037991
27096615598842
27096706960678
27177101525755
27177147927064
27254771069168
27258322276028
27258330982103
27260645908481
27271352198748
27297475712544
27299471863989
27299471950986
27300751175400
27333642350388
27341198661783
27346212925716
27346212941223
27346280729475
27346494906787
27363033589090
27363033618322
27363033653314
27367317714151
27367536152197
27367536169093
27373432506988
27373432737181
27373462064851
27385845552124
27386954669491
27386971552753
27391373547082
27409217210098
27422745954964
27422764261126
27422764485451
27422789026708
27423399147220
27480664340181
27499503254269
27499505386189
27499506720583
27499512444691
27510954999277
27510997247743
27510997629964
27543219617704
27545010585457
27545011185820
27545068638310
27556063621159
27556063921237
27556063927635
27556064123331
27556066866522
27556313538495
27556339292121
27580629865908
27580629933957
27583070308527
27644179338840
27644944613880
27644956873336
27645008803003
27660092161465
27693810868988
27759549151091
27759549155408
27785080182851
27797209607258
27801304871921
27804207937274
27804381393050
27804417708527
27941376431519
27941376449296
27941377718188
27941380268311
27941822306938
27941823298864
27941823343713
27992306052957
27992306085992
27994348686186
27994349363427
27994371275223
28068127534566
28068244814982
28068244938102
28081656243210
28083756860448
28140454312755
28145556972499
28155452776465
28171265980567
28189525761886
28189832702323
28202131234897
28202146953577
28202156856273
28202157478861
28202472885814
28202477414605
28215606133069
28219668030166
28239802002661
28239809409787
28239814235200
28259032204642
28260262254466
28285796405134
28285799470822
28302366081115
28302366135220
28308964937302
28314335425222
28320508798022
28339736333402
28425544293656
28578290431724
28578290753969
28587968111825
28610840521979
28611389146238
28611389316527
28612727109566
28614294812747
28627137084512
28636388704685
28764868998887
28826823032540
28826866762884
28826868677400
28826869745007
28828323826632
28843660151010
28844255162700
28844265732471
28844265897063
28951074666677
29070842845043
29073152296631
29073203472431
29073206439947
29073206987363
29077143016556
29080171758452
29080171798925
29080171955318
29080516655975
29080516692815
29080524436982
29080649686049
29089215249992
29094113541689
29094116007329
29094140721674
29094144685490
29094144715838
29099631045750
29101392332565
29101656786900
29102508341152
29155173612811
29158532426280
29158532482419
29158540341444
29213536731258
29213546016045
29213996769426
29213999155551
29235113129334
29235250457625
29343852203045
29355006054434
29355014034464
29357777298029
29357777374250
29357897283554
29357919251709
29357919256077
29357997019290
29358003485682
29368847324574
29369661284500
29369911540723
29369911656877
29372660462185
29433734121311
29463764789339
29465112149738
29465112252680
29465232876041
29477429798612
29501675731355
29501676727889
29574139746166
29575625184961
29579190201916
29583357646435
29583430414486
29607115902964
29607345316996
29619470644882
29628070607556
29628393310341
29628954871920
29628986933763
29628986937948
29637949430646
29637973087425
29699778956472
29871618351827
29874274105947
29874274668183
29937636174522
29976521656940
29976884454725
29986314504002
29986317849869
29987219298464
29987219340476
30077788047137
30077803163681
30080719712483
30139980698393
30179374593111
30181792808931
30184979334243
30184979336973
30187262595237
30187263366114
30193386461131
30221688985816
30226410799735
30227143200574
30245908390702
30245908407280
30246045583807
30246109986583
30249002926612
30291228039826
30320448614623
30320466367960
30358584071845
30358598731306
30358608815563
30358716757135
30358716804223
30466666820658
30491048767638
30491064629949
30491163643051
30525844649464
30525881630905
30525881744539
30525881948236
30525883775920
30525883800631
30534839389105
30535425477423
30558533962665
30669475753848
30669866698323
30727466369484
30727472978598
30732009240876
30732687588917
30732831578081
30732887340020
30733759118300
30733759144205
30737380258520
30737397847800
30745299431082
30761263092036
30761263114402
30767695912057
30767801300127
30767801311554
30768251953316
30772825003121
30801880853267
30804885034587
30804885124695
30804885139336
30805012762261
30810619748968
30810655014262
30812264939320
30886906982263
30900684653287
30900685590025
30913096121074
31019375601010
31019375742632
31028356884495
31036550694022
31082101919308
31082463759187
31100513089870
31102714842643
31108944925486
31116325223800
31116812103217
31119619562722
31119660214678
31125751164955
31135534318711
31149213803008
31149672689878
31150177511613
31155536267412
31155537452793
31169658838002
31169658936903
31169676069129
31169692594101
31181272581021
31181279821935
31186962874842
31186985520012
31188224190885
31198037010297
31198043631075
31227739720736
31230704538221
31231173238337
31231211810456
31232956412432
31233046696958
31236982549004
31236982560020
31237266475890
31243870817985
31245522386115
31245529547811
31245650338737
31337919596793
31337919688710
31352311110990
31352311111508
31352322712085
31352413094234
31353194548700
31354817374871
31437291018467
31437291076145
31444763921843
31487507902751
31487507912904
31573075925586
31573263181538
31573263234619
31573268421454
31586357813284
31616283210850
31616283928057
31616286631647
31618709032824
31618710666999
31618711589022
31627003113360
31628094093801
31630741201422
31735553391153
31735553429601
31735553510412
31791959698293
31791963356982
31792500171441
31825680185691
31970696977494
31970841667227
31971149784909
31977944611497
32010065081955
32010065452062
32015434182945
32015484166749
32015527086624
32022956043501
32022970438947
32028083905200
32128038850632
32129008264215
32157455986017
32157455987592
32157504041085
32157504444816
32157504482507
32158993482635
32159973768911
32159973812705
32160292461035
32160400428851
32160506625845
32164719688610
32164733700719
32209798301738
32209798308456
32210558013207
32294557008930
32298803844987
32399767641531
32399817833181
32399824219707
32400248762334
32407999448637
32413558961802
32413559179170
32428173550224
32428667143819
32428703718145
32481480297298
32514211737531
32660862855696
32692702423681
32692706957413
32692822717834
32692904089543
32692910989987
32692974464962
32970896543321

