18526099
64468371
64495347
132615411
138377536
138510756
141863540
142776100
142840660
148942776
149010528
153185408
184822400
184850942
186785790
214111184
235974096
235994063
237969183
238147007
261295423
339794239
354936111
355260071
402701507
403643331
405491731
408655475
408691045
420689765
498304181
498447459
502665523
502815219
503037587
522948979
542865319
546682791
546967367
546982883
547432419
548217891
552547619
554173358
555357758
556066242
556067730
558088154
573479694
577496546
580444130
582931178
583297174
584044502
584216130
589001602
591455394
598636450
600120140
600257917
601403069
601412969
601541317
601658249
601835753
603771631
603884379
604014859
604106895
609321561
621169515
670740641
672025377
685459937
692605281
693399937
693423235
699494019
718458499
719657489
729786833
729799117
737408077
767901773
769367069
798521712
799659568
799851433
841415386
841433914
889111088
889180460
894106540
911603256
917199114
917409002
917535178
921873866
922198346
922667866
924747258
925213878
942430910
959523354
966670362
976966426
979846250
984063914
984775146
986462738
989938066
995614386
1011770034
1011988642
1012120750
1018913454
1019167054
1019699022
1051483982
1070151502
1093521230
1110464119
1110636147
1115524723
1125337459
1126590599
1128412023
1128802351
1128823845
1140556149
1153509247
1153788339
1163384755
1163945119
1166400223
1169077983
1190506847
1194228644
1198451364
1201475952
1202180422
1202192014
1210051310
1213803710
1214881256
1215240760
1215399252
1222279708
1225414236
1228315260
1262167548
1304358192
1304386160
1305672930
1351284306
1352263448
1354041376
1358250920
1358313672
1363269190
1364673670
1364798204
1364874716
1371217372
1384295604
1384978116
1390229136
1390366352
1410230096
1410520720
1412644048
1430984144
1436188112
1437275374
1483717358
1493118190
1495815150
1515317486
1516531102
1518838494
1518894582
1520759478
1521190646
1521194156
1521503144
1536164008
1568946152
1663659576
1668796472
1668805375
1669277066
1686123146
1686559690
1721382858
1763301322
1764086406
1764943301
1765371021
1768466317
1769458909
1769490213
1779485861
1797469605
1804421337
1804422777
1804664985
1850517913
1851542105
1852131113
1862523977
1866227659
1867408779
1876385289
1894250753
1898674269
1929043933
1929374013
1929549629
2010342741
2010482253
2010607695
2014576207
2014838607
2024335951
2065738319
2073145683
2073254947
2073273379
2089788963
2106671651
2106749539
2108180091
2117190267
2117196693
2131889813
2148204043
2148829163
2153590475
2153606111
2158684575
2167648863
2176491639
2182153847
2183779831
2189198583
2207314327
2207989223
2209280093
2209567989
2211772853
2215095733
2215107597
2232569869
2238020621
2240877581
2241320426
2248339932
2248358840
2248455400
2332796136
2353075405
2359989629
2361393533
2364056189
2418592712
2418640048
2474128848
2474921008
2478365008
2479661328
2479744014
2480423670
2482577654
2483015174
2492072198
2531787014
2534321796
2563483108
2564975140
2566432768
2571140092
2573204860
2595920444
2621293211
2624648475
2656672027
2661763355
2661861019
2661931991
2680152023
2690209395
2690299113
2690538473
2694136617
2695589993
2696326517
2753665707
2767994289
2768037438
2768083566
2771043870
2771569458
2771636190
2798209646
2807713390
2817680494
2817693991
2822538811
2823002939
2823008643
2823020555
2825400075
2827579211
2850937739
2868565949
2869398781
2906092173
2911145853
2924998625
2926708385
2927505457
2927588445
2928104509
2935376921
2937327049
2941972425
2941973121
2948562101
2949455925
2951316789
2951627669
2954032533
2954226069
2954437981
2955358093
2956772503
3010554513
3017505795
3018478019
3019198979
3020847747
3048296679
3068972775
3069051135
3070336591
3070361781
3146711119
3176305103
3187910268
3195255132
3196196444
3200782668
3218953804
3220417196
3234643948
3240489132
3250462956
3250652716
3250676948
3254856500
3254857626
3287920538
3287929599
3289489807
3305497967
3306659183
3306713293
3323996633
3324025155
3412251971
3508565315
3541295979
3541509771
3546907819
3555854763
3556310691
3565251107
3565421991
3569042567
3569442239
3570164767
3575414761
3590769755
3591741693
3668813693
3669276285
3690255683
3694728051
3694799897
3694904217
3698063833
3698069345
3698328751
3698567591
3700265959
3770818535
3797730279
3801979495
3898262703
3906597551
3907462159
3915109583
3915759759
3926356510
3926451752
3933359198
3934200862
3951411742
3951649072
4004885872
4004945523
4010928115
4061974003
4062023551
4065511039
4065511919
4066356334
4066424202
4066493362
4066511840
4084800992
4184716616
4248826776
4330792890
4335427262
4336057776
4336502976
4336508728
4340858808
4353420841
4365849129
4365924345
4366312081
4376582545
4382635409
4384900497
4385018433
4385730369
4385750760
4386321864
4420710920
4421314056
4512111255
4529540032
4581302784
4581371436
4582297388
4611778252
4633972428
4635314124
4641722572
4660080732
4669211892
4671900404
4679137268
4679139396
4682664230
4706818194
4707537586
4713025714
4713239762
4719471498
4719496264
4720328292
4720992196
4741376964
4756222020
4756328372
4756579180
4757278972
4767998678
4771758806
4777500374
4777634966
4777668220
4777838829
4784006047
4784145137
4809517297
4815309697
4816632641
4817467281
4835642257
4835643132
4835667040
4836738224
4841195728
4841221660
4841233932
4844017124
4854111332
4857144004
4857160392
4878621424
4889346600
4893542952
4910293992
4913889882
4914133210
4939146970
4945037418
4991402046
4991671630
5006026062
5006288430
5006308131
5007703843
5021558819
5021690485
5146211945
5147159897
5147163295
5147941807
5147952493
5149361597
5173397709
5174485917
5175838557
5184823965
5184832150
5185973334
5189488278
5189797142
5225360278
5274339972
5275715168
5278697638
5279305510
5283792166
5289774374
5291891674
5292977626
5293128980
5300317460
5300460305
5300668065
5308883137
5392695008
5400948768
5403011936
5405916226
5408798274
5409026002
5412208654
5412257038
5416004674
5416068166
5428577286
5431623430
5431972294
5444121742
5487825230
5487931492
5487968444
5489262524
5489332082
5497624946
5507333891
5512032467
5514080979
5514648371
5538652211
5539100979
5575033139
5612066483
5615017395
5621200363
5653463779
5653505706
5659603130
5659690346
5689739178
5689941610
5690217178
5690279444
5694538784
5696263224
5708374029
5708456859
5719307755
5719372971
5719533435
5721479771
5721935787
5722066283
5724966059
5725958699
5730225025
5731090113
5732850625
5754980913
5755812817
5756072665
5758535705
5758660129
5766640213
5772485845
5803713757
5805299293
5805330810
5805579375
5805590697
5805595089
5806493137
5852765009
5852936977
5854621137
5855236339
5855466483
5855515751
5855554593
5855561333
5859074981
5866543397
5885869285
5886043529
5887329288
5889441676
5894276879
5910631679
5913361931
5913596639
5914518015
5916519039
5916526055
5916969095
5917817775
5928268463
5930322095
5933257007
5946972383
5947004059
5948867995
5952723483
5952745431
5952847879
5953331207
5953338327
5955731159
5956844247
5956863987
5976088425
5978649217
5978659520
5978705994
6014463024
6014526000
6015297328
6015588528
6043274174
6043811806
6043833498
6044859162
6044963130
6051407930
6051449622
6057833750
6059154086
6102014776
6102025184
6102225631
6200178783
6200808499
6202160307
6202171083
6202183211
6202953899
6245099691
6275027467
6275100355
6275278237
6275528089
6277925255
6278715271
6278768603
6280160603
6304243067
6304329123
6320432419
6338276819
6424362491
6424587671
6424669563
6424906715
6429740139
6429803371
6470207339
6472232811
6488259169
6494883761
6502474673
6502555084
6502886543
6507593039
6507757025
6507843505
6512593137
6519026537
6521724045
6522042213
6522391831
6533075223
6535207639
6536758359
6539530423
6540101911
6583651190
6594953846
6595304342
6600318422
6600997238
6605177974
6607353590
6608287990
6608400443
6616347707
6622492696
6622743356
6630059858
6630081096
6630554536
6636198688
6647299104
6647320192
6648267872
6705172548
6750714248
6794424200
6794746376
6794948776
6798082856
6798145772
6874944327
6894514599
6936806119
6970295350
6971717270
6983158652
6990692412
6992301316
7000364660
7000414675
7044328915
7044330883
7049872771
7050078867
7050286675
7053236747
7093752619
7096858313
7102965569
7106212913
7106590001
7106804481
7112798727
7119425031
7119515719
7134821920
7135116124
7136432378
7137782746
7143471030
7149346236
7149887420
7172753672
7194217864
7199818632
7200693896
7201331685
7244116965
7248118231
7284729439
7284856852
7288168084
7316307604
7316470660
7328040324
7328107652
7347960361
7392158225
7395789841
7395952209
7398522449
7407912829
7412479485
7412499589
7464852017
7464876409
7469705593
7488527033
7515872245
7516022277
7527694085
7527702277
7528040381
7528194269
7528361149
7538871613
7548343101
7569782177
7571270969
7619917481
7635926185
7636377321
7636647269
7662684005
7678908421
7742472533
7745990101
7773321685
7777434069
7779197141
7783559957
7785087125
7805797261
7806611853
7807717405
7807745847
7817053495
7830405309
7834788533
7852867181
7871264749
7876791077
7877321125
7878709189
7885253573
7885913841
7886839665
7888646769
7888663581
7888698885
7907077662
8009078212
8009482180
8020689092
8021296244
8023250036
8070157940
8070174614
8070552166
8071647334
8071924126
8095126678
8165878934
8165923691
8221734368
8226655304
8226690120
8254301448
8254426576
8257014736
8298100688
8306442312
8353080392
8355105864
8360640503
8379563383
8380301239
8384274871
8419975499
8473551851
8478448171
8530621423
8673792813
8675046889
8700527225
8704583289
8704658111
8723428031
8723503949
8723964493
8724694957
8732253133
8732312737
8774550177
8774696641
8791327553
8793697917
8794113515
8840479723
8869440839
8901499044
8924566948
8925869604
8926124772
8945171807
8945286887
8948310039
8948570039
8985950135
8986040759
8987754679
8988091831
8992807991
8993169463
8993257783
8996817103
8996929499
8999466153
9008776361
9010601897
9011395929
9015178649
9022169721
9024925305
9024941977
9097411537
9097453865
9098774756
9125212388
9127652772
9130200836
9148181252
9155175684
9155240716
9186576336
9216360232
9217851504
9225958000
9227422483
9228509843
9232726675
9262415507
9267143543
9267337967
9267587087
9286635919
9305055631
9313849357
9314495421
9314994685
9315127677
9316422639
9317036175
9341845157
9349702281
9354868097
9355069833
9355403913
9355407849
9355572418
9359318882
9364763234
9429638650
9480005885
9480923005
9481158597
9493653789
9533835188
9565813684
9573964724
9585727732
9586367640
9593091480
9596952984
9596961080
9597606936
9598531344
9633496848
9691203400
9730323762
9730928442
9731645010
9735091538
9748389293
9751497435
9751845147
9752414555
9752492027
9752678619
9752766499
9756675231
9763582495
9764734783
9765208735
9765304857
9765596953
9765663737
9765855441
9817480797
9817751513
9823720213
9841985301
9853010709
9857748341
9857760539
9865755163
9866356603
9866529657
9931149283
9959304163
9991016419
9991320787
10065531219
10075978899
10079665139
10080251827
10084508475
10085204759
10085319279
10085334927
10085398928
10094137479
10094191027
10094598459
10094817440
10098904736
10099763616
10099778933
10101043449
10102943741
10108632379
10108638543
10109297119
10110268023
10126951599
10126968447
10162231935
10201128403
10202426195
10203051603
10261160531
10269635155
10280963393
10287561955
10293103623
10294957895
10294962596
10295041931
10307622237
10307739253
10308682741
10318554301
10322277789
10322416669
10322448878
10322594382
10322602826
10326581834
10332611386
10332632390
10332677666
10333412642
10336439074
10339850170
10347997626
10369545533
10373959485
10376892501
10381405269
10421032341
10421078165
10421081373
10470156349
10470183303
10487236095
10487237911
10521387998
10533725662
10534882142
10536283887
10536524719
10537798127
10537840948
10548163892
10553500836
10557588196
10630547449
10630938469
10634072997
10634328773
10637495160
10637899708
10708719320
10708723810
10708726352
10708754224
10708808050
10709261202
10724256618
10744755870
10747073310
10747095947
10747852176
10747856796
10760723612
10760913032
10760993602
10768081612
10796872396
10798816972
10809454910
10809530956
10818959048
10819226120
10846193160
10852725256
10859644720
10880216868
10880217560
10880405838
10880432750
10881972686
10891076838
10891417286
10898668429
10898848045
10899185241
10905169615
10905265379
10905383783
10906416359
10906595111
10910899047
10912812071
10912813815
10914213649
10941150285
10941398893
10958022703
10969353805
10969435805
10970471387
10970573711
10972750095
10980147351
11023638277
11023695207
11085516671
11086275071
11105162751
11128631295
11128672551
11131389735
11189437216
11190164128
11194386976
11200162476
11281187926
11287872342
11300043764
11301213796
11314153804
11357736652
11358122268
11392551638
11397649238
11405296742
11405458022
11405489641
11466056985
11470748121
11494483705
11524730617
11558069497
11564351097
11564808561
11589951987
11604040179
11604060275
11614769763
11615639473
11617142545
11622151567
11632764687
11651730799
11676560067
11745067203
11749500483
11749607131
11749724635
11749736827
11749855355
11749862963
11750598487
11773540375
11780056599
11790482287
11797691247
11800159855
11874881385
11883503273
11888279041
11891309313
11925316353
11925342929
11927469457
11929804177
11932285713
11954415377
11964828801
11964987485
11965020853
11966126693
11990974053
12014305655
12017325845
12018332662
12025516790
12025518954
12025572295
12084259783
12102576848
12107018736
12107040225
12108947681
12109207553
12109222415
12109813263
12175297169
12177799767
12178118219
12184270371
12209874793
12210008201
12211135621
12212491333
12222397265
12222570127
12222689471
12222717239
12240563223
12278982785
12281195077
12311467862
12315105609
12331465481
12334722201
12335489609
12339761529
12346222201
12346409977
12379450617
12382064809
12382248249
12382380025
12382530425
12458653225
12459064497
12460636600
12466591160
12469134776
12489859603
12509525939
12525668499
12531556283
12546613043
12546872561
12553740529
12555010944
12559880576
12559933778
12562518866
12562616684
12564173436
12565809596
12566519996
12566617556
12566621596
12566787800
12569572824
12570018549
12570441773
12603946528
12604200648
12609403208
12609434088
12609434154
12609534938
12609935242
12624216434
12624584434
12646046450
12656881366
12713516316
12713577069
12720432301
12724360557
12725430515
12734351439
12751327110
12751832950
12756385323
12756796875
12770588107
12770599715
12771857547
12778875611
12781437484
12860586844
12863956388
12863976796
12899425532
12918436828
12926357084
12927192460
12927382356
12929819668
12929832272
12929866480
12930876720
12944761392
12944851660
12945126348
12945134120
12948152040
12948214984
13040714040
13042880236
13050509548
13058688812
13059820332
13067682716
13067779087
13072999951
13076772361
13076955069
13082997724
13084033312
13098640096
13098668304
13116027408
13117070080
13117237792
13122111520
13124118581
13124477697
13126332801
13160619393
13165523073
13176969345
13176990385
13181938897
13190348113
13191285167
13192926922
13220799178
13221944886
13225089622
13225387110
13225437714
13225452672
13229254592
13229314344
13229337967
13229437407
13233780527
13245474871
13245586147
13245680171
13274030635
13277598008
13292221752
13293387318
13293411162
13293649754
13325196186
13326778266
13327877402
13327910380
13343663596
13371866504
13373280552
13376677032
13376925656
13393073624
13393312862
13393837278
13398645470
13400643806
13401164262
13403929847
13404072399
13406392015
13413702351
13414079983
13463214575
13483474927
13523754991
13535981759
13537529651
13538422067
13539264963
13562829507
13571178213
13571195665
13584046865
13584790481
13650658257
13660428241
13663163833
13663243996
13666742621
13668369729
13735370049
13735412091
13787153771
13851478665
13851488041
13851488446
13853000686
13857200126
13858351764
13858412892
13858863388
13865199339
13865907179
13943453611
14007301915
14019065131
14019727787
14019762003
14019875979
14021401755
14022104571
14022591691
14022648267
14046680011
14046720107
14047216987
14060703316
14088225556
14093374228
14093472970
14125914314
14138466506
14139079770
14139186042
14143852063
14153120913
14158046863
14159651983
14160526095
14164200719
14164422031
14173236277
14174102229
14175788629
14176209989
14176997685
14177036829
14177540867
14214390396
14221871100
14224105852
14224312720
14257130660
14258749188
14258776132
14258796238
14291259598
14291428134
14291596774
14332500457
14333875390
14336950462
14352869086
14372103646
14372885598
14372885641
14405393338
14408593338
14408880058
14433016762
14439064472
14445949266
14446152204
14447059128
14481209112
14482925880
14482938413
14496348373
14512940285
14515108612
14517098532
14562864036
14562952066
14566970566
14581493626
14581902486
14583998102
14631487126
14633333670
14633363972
14635542308
14727089956
14730588964
14730619118
14730636590
14731614536
14797214024
14797292784
14864318525
14868827245
14886253803
14889093867
14909311467
14918867237
14918906013
14919575946
14921116554
14921199018
14949391564
14949427520
14949582024
14979172552
15020906696
15026184228
15030085796
15072260236
15073624652
15087533577
15094930697
15095374738
15102675154
15103381778
15104018626
15105612226
15105996834
15109052386
15109891906
15109938434
15110898042
15111436218
15111457258
15111640458
15112811402
15123482812
15155117948
15156377148
15156462812
15160910513
15160964433
15161200129
15181496833
15187225410
15214475138
15218145402
15218512946
15219042650
15219250282
15234804842
15254446138
15255491946
15283335658
15284405186
15293644957
15301127325
15301267632
15304277366
15313481078
15313963714
15313989277
15315041941
15317327509
15334378057
15360246501
15360411013
15360473477
15361078469
15361770885
15363273605
15371353717
15373707589
15374079429
15377593637
15378075365
15380425445
15424420581
15425562709
15442232149
15442817621
15448556341
15514983461
15515009261
15515037833
15542662014
15549130622
15553963174
15567808678
15601310078
15609404198
15609742406
15649864774
15651566310
15677063910
15677086138
15679859731
15682105559
15682859671
15687017815
15691248887
15691415367
15693918711
15696049143
15706380427
15706578891
15744289971
15745650011
15764023713
15765176417
15765247101
15765530857
15766722601
15766785353
15767351369
15771826505
15771827840
15774604928
15774867072
15777894588
15871618986
15872567105
15873385409
15873426369
15876596833
15876622732
15928828300
15938386892
15938964716
16025233260
16033105952
16033834347
16062426475
16063436491
16063456253
16065587037
16067854001
16068519953
16159038777
16195761721
16198815953
16199442513
16199491193
16200979385
16219525569
16223294799
16270253683
16287231121
16287603361
16296155537
16296198885
16314233829
16314461669
16389826021
16443827685
16448033461
16448122149
16448257710
16448346254
16469308302
16478084494
16484670862
16484718208
16489457664
16492493760
16535476006
16535722534
16537347270
16586076503
16586092763
16587386075
16587395678
16589441322
16593138578
16604384572
16625790058
16647989162
16666637184
16666889456
16666957164
16666967918
16669544174
16679573358
16700091250
16792300146
16792358472
16804928838
16805139459
16822661259
16824492787
16846774611
16847046803
16854179547
16922706683
16935856001
16950365569
16955499545
16960546329
16962313490
16962350694
16962527846
16962693118
16963329022
16969190544
16969301168
16971150170
17083594884
17084882494
17089268542
17089376716
17118498252
17118745224
17124011586
17124028686
17129153038
17129404942
17130768255
17131248871
17133492259
17133533371
17134778811
17162356155
17163630843
17177514235
17181816059
17183598363
17183617321
17243112361
17243263913
17254782121
17259481769
17294194857
17296184844
17298090252
17316488564
17334939060
17339085760
17348963264
17392271296
17392314460
17413237852
17413387682
17431635279
17431656015
17431675911
17432135815
17445059719
17445231550
17445377038
17448407310
17450816552
17452746600
17469472616
17470635264
17470693656
17476224088
17499331044
17534180408
17535296192
17547343684
17550812328
17550853238
17561035766
17599821401
17600946585
17601766263
17602109879
17618734017
17646052289
17646073621
17647098309
17647723404
17649174208
17649177152
17650976496
17678008560
17678010647
17706267031
17706553569
17706556548
17707181444
17736881284
17740548548
17760957380
17763610484
17763719188
17765227120
17770116720
17773544588
17786211660
17786227196
17862269644
17869573836
17870073820
17942407132
17951481292
17953745804
17954393900
17954701826
17960998914
17961579890
17994724166
17994736492
17994768860
18013854184
18022089164
18022293628
18022386153
18023626653
18027208221
18054619677
18106651933
18123381533
18125617121
18126488069
18126494368
18128399776
18144416448
18234113808
18234238696
18238723176
18257667176
18259298408
18259301756
18259556284
18263810106
18264702906
18264720378
18287103794
18287218646
18288064367
18290000847
18290824655
18290874279
18311412703
18328441141
18328538937
18328603707
18335141179
18335211147
18343184971
18343263806
18344703038
18352319038
18352982794
18357607178
18461711594
18465882176
18467746752
18468326928
18476134928
18484286960
18493050352
18494614288
18494615487
18494628267
18495152363
18500455467
18501636177
18501656497
18527271729
18535569515
18538028907
18541861915
18561552559
18587466664
18678696708
18691782148
18691806836
18705295742
18705324942
18715502478
18767810278
18767969126
18767975384
18768317462
18768452454
18768681254
18771394342
18837517026
18879646354
18887751252
18887785243
18899891867
18899933591
18899960703
18901400447
18901420319
18910399711
18921498335
18973039071
18998945853
18998990693
18999668869
18999693425
18999707095
19098651437
19098683693
19102391341
19106338861
19148718106
19235808282
19237624026
19237670746
19241440346
19259642330
19262359130
19262985890
19269570138
19271440438
19279028278
19288484406
19288791358
19292060826
19292217026
19292929474
19376095682
19376457666
19376895698
19376911514
19387460634
19402557364
19403345396
19405245940
19408764020
19409112252
19409149210
19423319322
19471542954
19534197482
19573293754
19607833786
19608025642
19621478964
19659439364
19660906244
19660913732
19692888595
19693670867
19693697535
19693727910
19709779110
19710048418
19711267124
19745731792
19745745870
19748605774
19758611773
19770404061
19770404477
19779617093
19782755781
19822984165
19831127781
19849641701
19883097733
19883422427
19909769947
19982135539
19982609907
19987473139
19988753664
19989703232
20029447744
20029493808
20031549968
20036026512
20087481616
20098140432
20105850384
20106112973
20106320445
20106329317
20107911069
20107965017
20123751705
20125714521
20134382681
20135597771
20135632034
20135699936
20135708144
20136070736
20147226352
20155140336
20163766000
20164240496
20165981040
20168251164
20172567548
20224119616
20243078432
20243132404
20243631540
20250217908
20253821052
20254028092
20284571964
20296142016
20297865306
20297951058
20363710730
20395040890
20395145770
20395147828
20395372836
20421087720
20421098091
20430003751
20430120349
20432828317
20434062973
20448147069
20458666698
20492931219
20492954599
20493377510
20494500725
20495867880
20499159270
20499405222
20502321606
20502393018
20503260026
20503290060
20503330384
20511606184
20518185996
20518359550
20520487678
20521383564
20521393724
20522570556
20536524716
20536624776
20536635560
20536795980
20536934484
20536942079
20546447103
20609820159
20617196795
20617252625
20623456017
20624297361
20657811857
20657870433
20658486881
20666502241
20722058217
20722110904
20723568312
20733986971
20734582339
20734936883
20739589683
20745963731
20746831575
20753936923
20777229851
20777243779
20781736067
20789058570
20790009354
20793416741
20793551717
20794304613
20794957541
20802863589
20803686021
20806667643
20812719011
20825123299
20826104003
20826620703
20938704511
20939634623
20940799523
20948666147
20959459204
20959563740
20959929692
20959976089
20982296377
20982394631
21038172519
21039084839
21039733959
21063082439
21063332891
21075192603
21075242623
21077858047
21118499711
21123065487
21125244617
21125618268
21138893916
21147800160
21148410848
21207207904
21207956512
21208062384
21213526384
21213798894
21213841574
21215028134
21223206562
21249605538
21260668706
21264513284
21265791932
21267784636
21281708522
21281735037
21285334909
21307947448
21313158404
21313470212
21313699124
21369133650
21371260530
21388555890
21388565626
21388646502
21415558646
21430051342
21431304702
21457049086
21459644650
21460923914
21460952662
21461309782
21461401138
21465623090
21477866546
21478237554
21485926258
21489816114
21490080670
21540258034
21556625650
21556805490
21597265778
21616661362
21619902770
21619902789
21620310349
21620381665
21650543897
21665419033
21673070861
21679191181
21679259357
21679610317
21679757427
21708120369
21716606507
21787604523
21796168235
21796194269
21796220685
21796258463
21824194335
21824695823
21824856223
21836483087
21839473423
21850384267
21853905707
21854840011
21854969115
21889982211
21889996975
21894920175
21895665935
21896395151
21896706415
21896814255
21897347973
21897387083
21897475179
21899108571
21924411099
21947704435
21970992463
21974229839
21974426147
21976933667
21988941939
21988949625
21989749848
21990511292
22048998980
22055255738
22055321194
22059500522
22059533458
22066441362
22066447269
22066910097
22067667537
22075417943
22084522326
22084626166
22084674062
22095997038
22136320110
22136409446
22140902694
22141087094
22145418396
22172497884
22174070946
22174113032
22182713096
22182787400
22185845422
22185893230
22185942447
22186244447
22225757535
22341445359
22351728367
22362518063
22375063935
22396369343
22396640815
22396648077
22404775615
22406021117
22406043773
22406064911
22416933647
22417120633
22421722617
22442002937
22442628153
22442670137
22449000505
22449215433
22456157537
22464872393
22475692175
22503199375
22509878927
22556829455
22565566223
22620808591
22626436111
22646755311
22745740015
22746167983
22746969135
22775984207
22800825423
22801177765
22813565925
22818776549
22819704197
22825767621
22835577109
22875975957
22888769253
22892260197
22895455589
22938361765
22966896317
23035083453
23036376125
23036482661
23036927269
23036943245
23037580941
23040908453
23042229957
23046898885
23046918853
23046996309
23048305113
23059060697
23059064297
23059066681
23059075033
23063029765
23113015301
23113795437
23120410989
23121299847
23126189703
23137676979
23147365359
23148416751
23148908063
23149017469
23149036108
23149169900
23155391468
23155479124
23156616204
23177010060
23177815146
23224112100
23225504096
23226065872
23226224566
23232790454
23232892466
23233437682
23233503434
23235352394
23235490762
23235532554
23264218382
23264259430
23264315902
23269197444
23287746024
23287787944
23290013932
23312542508
23316041787
23318660171
23318729083
23318734575
23323960431
23324091314
23324160342
23324211766
23324436926
23324598034
23324817074
23324875784
23325829648
23389715083
23391855979
23391868455
23455387783
23455397227
23505228907
23555031499
23560811899
23563245179
23564664827
23570250145
23570459681
23570594917
23572435559
23574341501
23580610259
23643034499
23662234552
23711495096
23712898808
23722520692
23722684476
23724631356
23724900640
23744656788
23745175884
23756502636
23832717322
23835024746
23848795818
23849351530
23849472418
23850671620
23850681225
23852480393
23865764233
23867850121
23867899781
23868237289
23870806857
23870933145
23871356185
23873540057
23873554608
23996602186
23996713866
24005490010
24005540838
24013855462
24031776258
24032201258
24060228604
24060549116
24060731028
24062529421
24113079181
24139792909
24140169949
24140995421
24140998877
24142041693
24151985821
24152620983
24176296759
24184515935
24184529354
24190912970
24210064842
24216802186
24216853234
24217014978
24218076334
24245692604
24245872540
24251336380
24251357251
24271565539
24296006243
24296376929
24296420193
24307633249
24315653007
24316876293
24317037221
24420268453
24434866853
24435676173
24435701333
24450032597
24450035237
24493657413
24529773893
24532289881
24532713958
24535209894
24541189386
24541921290
24571248556
24571324100
24590824980
24590831892
24591397852
24602209244
24609988572
24610127548
24632613820
24632655740
24632663877
24632796469
24632921013
24632957153
24637537505
24637718641
24637807711
24658200671
24667744735
24675803103
24678563923
24678756657
24678776101
24684613097
24684974131
24685761879
24686600535
24687858711
24702508615
24702866139
24703686906
24703732174
24703783143
24729585263
24736987215
24755857714
24757354322
24758446610
24783941042
24800360192
24801371600
24820869584
24823558280
24829465764
24830734564
24830945608
24892420744
24892427782
24898332466
24947351910
24965275042
25024672318
25026926890
25088210762
25090614260
25090717936
25091312176
25116662320
25117155632
25127348784
25127351055
25138380931
25148939907
25168018563
25168186915
25170425251
25183283619
25190424451
25191586781
25198573661
25208834909
25209919581
25210012044
25238051212
25238329132
25238359148
25245759684
25251302852
25275685378
25276072914
25276074414
25327375790
25347053612
25413052832
25413112936
25425199210
25426077522
25426144954
25426505962
25428666070
25431148374
25432062550
25434613042
25456117042
25456138352
25533715270
25533740966
25534294694
25534908989
25569150337
25616612897
25626427993
25637850311
25639961561
25641449433
25643367385
25643875129
25643917760
25649457848
25649474702
25660692888
25660765476
25663467940
25678101930
25696604074
25709836458
25709879177
25709975513
25718994105
25719096317
25752234811
25753317194
25753459322
25770524538
25770554976
25810715232
25814560224
25814844216
25831645240
25835430232
25835454858
25835712542
25862216222
25862229275
25873360155
25888261603
25889235971
25889249139
25899304195
25899784771
25899879663
25901883119
25912054671
25912089359
25917595763
25919412123
25927325363
25936644019
25938131411
25940537219
25940931715
25951987907
25954398909
25961865579
25963079375
25963144933
25963144945
25970607657
25970654313
25971481441
25971868737
25985812461
25987698069
25989736853
25989841685
25997417109
25998928917
26017383725
26017424561
26023340739
26024617603
26114734979
26115715971
26120087252
26120112940
26125040556
26126923436
26155128596
26155474276
26155682180
26212243844
26212329476
26213773188
26214222306
26214746238
26215495758
26215878887
26215970055
26225572615
26249570055
26257022727
26259349431
26259495415
26276615031
26276652899
26277751651
26277768259
26302708787
26370523187
26445499347
26445760995
26447471940
26464461636
26494571764
26494640378
26494924786
26503223154
26505564637
26514577245
26514659881
26515854889
26515900401
26544457649
26544518449
26546643249
26546779673
26557642821
26557662965
26575014197
26582256533
26600079253
26600088557
26605039101
26606926653
26670081595
26713941043
26720906382
26725703542
26738747610
26753843290
26828497498
26828972666
26873451702
26942625839
26942635503
26943244527
26951005167
26962182539
26992187797
26993083157
27054380053
27054543925
27100892141
27111913069
27115542845
27116918781
27117345709
27117681669
27121512709
27123783461
27127345701
27127565649
27133673809
27134416721
27140954273
27171461793
27173266785
27201414497
27209698625
27210614945
27216503201
27275339217
27275395399
27283211207
27283561415
27283567552
27299543689
27300254261
27302421077
27302482037
27305925037
27342581677
27347717965
27347730384
27410341072
27474725864
27520059304
27520818648
27521046088
27573893248
27573993260
27574002602
27574016016
27574068873
27574214320
27583093862
27585159430
27589756166
27607496454
27612533702
27615804224
27654270688
27684587744
27684598432
27684619168
27684826932
27684872056
27686878104
27699051416
27708186008
27711687576
27711996312
27766908248
27767037744
27774392112
27794517232
27794533456
27795749040
27868257123
27875126115
27875563787
27877245707
27899860570
27900891914
27906731018
27908109002
27910686995
27915678861
27915707367
27920534375
27926429481
27931323177
27943244093
27945101341
27946184121
27947073977
27970348289
27970719913
27982892134
27982995030
27983287686
27983750014
27983989662
27993176603
28027209051
28040762651
28040811603
28042057235
28104824595
28111461835
28111652267
28140312651
28141718639
28170188863
28202611511
28202723523
28202757447
28259970687
28260394495
28261650323
28272965007
28272998483
28330883155
28344490773
28351110677
28381649685
28437111938
28437407427
28475807403
28478962043
28500030539
28520505675
28524210643
28524213355
28524566259
28525328979
28525362995
28530631449
28535183577
28535385992
28541072056
28541818056
28542222536
28569315440
28573865104
28589704336
28598034320
28615677626
28615914682
28616058582
28645924566
28645935210
28650582378
28651196674
28651224834
28652333214
28679882270
28679900330
28680770090
28681939370
28689148586
28689175998
28691485246
28700915262
28787150430
28787298910
28801434046
28802944766
28802976743
28803568407
28815594135
28823379607
28829693335
28852739503
28853505520
28899492696
28899670520
28902314616
28902389820
28909049916
29020007176
29020339464
29020594008
29024008316
29029536552
29029921192
29029922119
29033223903
29040357727
29044730111
29059277257
29059573089
29064204640
29064277214
29071186494
29101648446
29104929854
29105146150
29105203622
29105832622
29106595502
29106690269
29109560253
29109574729
29110957481
29132741577
29134165641
29134936121
29139948065
29139975955
29140088443
29140088605
29186678621
29186745595
29191805555
29273858067
29273887535
29273989813
29274385717
29274482093
29275350333
29278620125
29313871623
29314989479
29315000893
29353735741
29358951485
29358959477
29358978969
29366736281
29419075337
29422661137
29422858641
29435048593
29435055129
29437790561
29447446881
29448911969
29467879521
29467961641
29470580387
29471654435
29471726025
29471770794
29472162938
29472242180
29481256772
29481272323
29485939683
29486215043
29486611075
29488355023
29493878559
29577765203
29592370723
29592458261
29593200661
29605601553
29615506780
29631950684
29638463324
29638514160
29638557376
29640407804
29674239228
29674314380
29674372940
29719191884
29721880204
29731392652
29733494204
29733562812
29747428564
29747701620
29748924788
29749959156
29781854688
29795220636
29844685852
29845825564
29846102758
29856756454
29967431910
29969407990
29980917682
30035578290
30036649714
30038345682
30040345570
30052878306
30052892482
30052909802
30053382378
30079388394
30095984874
30097866706
30114615762
30114866866
30114873023
30142548386
30185987650
30193526850
30193554434
30193764000
30239023520
30239255324
30243129616
30247492112
30247610256
30247669410
30248472402
30264376786
30264387452
30264486280
30268146560
30286508000
30353996768
30364777879
30365399415
30375473783
30405140299
30405371315
30414068855
30423606979
30510496195
30516443137
30516519722
30527582506
30528391690
30570217902
30578907006
30583834494
30592019454
30678641862
30678673118
30678675506
30678760594
30682029382
30687868230
30711064416
30711144776
30712379270
30712438528
30733888184
30733942102
30733979622
30734113786
30745579802
30768126618
30782795838
30823690686
30830797710
30831500430
30831669598
30835213598
30835545726
30836890102
30859654134
30859875510
30859907572
30866712118
30866897222
30867243474
30868450242
30872081362
30886041554
30888905583
30942025263
30969092135
30979401575
30979888487
30979925975
30981806391
30981954247
30982671391
30983333743
30984503087
30986497071
30988316975
30988359796
31040789172
31074384246
31157667338
31157744652
31158848236
31169841388
31169951404
31173291332
31173354948
31175176828
31175178988
31175490732
31176430956
31177649348
31177709495
31193248695
31193314393
31211459825
31211523947
31214408673
31214549009
31219019665
31219317313
31223424065
31245519833
31252577241
31253329561
31254247017
31256021616
31256100447
31311721007
31312287023
31314861059
31316429919
31316627151
31346131663
31346178535
31346213351
31347177031
31348142983
31348173819
31357422331
31357536987
31358661339
31358662291
31416722625
31426838313
31426912424
31427758856
31427773163
31435344107
31436442435
31437100195
31444293795
31445895523
31446005149
31446110697
31449204536
31489827512
31499657912
31499784160
31499790819
31499801779
31499935166
31499943534
31502473006
31502594202
31503007754
31532771242
31533090282
31541772722
31541784044
31545286268
31548923772
31551213223
31576301223
31577023603
31598582131
31666864037
31666931669
31666940741
31666965809
31693631925
31725127093
31727442201
31727605597
31727637965
31743601389
31762993229
31763337985
31763341901
31763501389
31763530417
31809638818
31819685922
31829287458
31829376546
31829757010
31830124370
31832748370
31883076928
31884940400
31895881744
31906342416
31906951168
31906998448
31907583136
31907636998
31907639494
31925073792
31926692992
31928422088
31990713757
31997649677
31999461485
32002641925
32002643557
32002836909
32003151317
32004208853
32007513301
32007643473
32008436049
32011429201
32012572209
32016328609
32016371653
32017815763
32086009999
32088551375
32091110735
32106187566
32122796650
32123627626
32123946186
32136424586
32136465488
32138971184
32140331184
32149915056
32151184968
32151361772
32158847878
32158872257
32159613913
32159664663
32161641335
32168548215
32169573063
32170439335
32213409415
32217775303
32231582663
32234819527
32242600782
32242858718
32243071630
32244580750
32245026958
32250321926
32250494974
32291376141
32292542861
32292688545
32309718561
32310122785
32398605634
32441192514
32457218428
32457393218
32465263616
32465669362
32481488626
32485015538
32485251914
32491000138
32517642986
32517853946
32518325622
32567994742
32569405698
32569484888
32580757080
32581864312
32583223152
32583295410
32585498095
32586475199
32614786751
32614826917
32615115941
32620169893
32620519819
32650514443
32655386891
32748899709
32793350108
32793360344
32794044440
32817345899
32819547067
32822207289
32864433209
32874973725
32880283165
32882378109
32884001533
32921360125
32927861245
32927925833
32940083785
32948666761
32949126601
32956937929
32969111241
32983251641
32984019641
32984859065
32985819752
32987846017
33014919161
33015210617
33016524281
33089403591
33089506439
33089512011
33090733771
33091023415
33091192007
33091293415
33091318366
33102479482
33102878682
33102990170
33103651210
33103761946
33113523482
33114077082
33114782842
33114928990
33114966558
33115553278
33115575920
33125478056
33158609032
33160023544
33160084224
33161536896
33188497792
33188612691
33215015127
33218478063
33218485915
33218510827
33247761715
33247802887
33247922183
33262783495
33262833631

