118327976
794282664
796189448
1069686140
1125219708
1132998268
1229006716
1234274690
1572635010
1715433326
1801721710
1812504430
1828843374
1829708228
1831063236
1891160052
1891170036
1891356148
1930610164
1948283380
1984168948
1984288014
1984330342
2033552546
2034452666
2131339962
2242985658
2243902842
2243907173
2500951653
2500952645
2502059589
2566391365
2637194181
2649332823
2990496855
2991133498
2992002106
3003088538
3003339354
3011022838
3018687478
3018722294
3018939590
3019104966
3456897734
3509749046
3510097346
3533055426
3582137574
3792539998
4106891614
4107024638
4168902338
4200795890
4309552882
4315035378
4548351730
4644392690
4644638802
4644672370
4651411414
4651532836
4676469284
4731791972
4872303348
4895671924
4907767924
4907839602
4918863986
4918867444
4918869588
4919597652
4992211540
4999948884
5026764047
5163450335
5163596847
5169290991
5169438183
5176915687
5236917991
5236922574
5289142478
5289265254
5295592230
5295732774
5302099494
5347833382
5351113254
5393245107
5393406491
5395940507
5404736091
5514068571
5514068795
5808461051
5809720571
5809744904
5811024272
5811662888
5811687588
5827412204
5828019036
6131087900
6131807196
6134363852
6435368771
6438388931
6438655987
6441534259
6446136115
6529091955
6733295731
7379655283
7380172963
7380196235
7380230875
7384423131
7384478371
7384930363
7392449467
7392512764
7393110030
7417893774
7678615950
7727566470
7729374854
7729711958
7755295262
7758009602
7760107522
8025509368
8032213521
8032725521
8032994059
8033395163
8034803123
8051850675
8052252651
8055614443
8059510587
8059586755
8059609579
8069820507
8460382299
8460402391
8460759287
8460865119
8461901103
8462044959
8850181919
8851192767
8856188607
8918853311
8927232901
8927278226
8927604338
8983170674
8983171206
9028473814
9030202582
9031037302
9216527418
9326297698
9326654923
9326656715
9327230379
9327304159
9345115615
9345194527
9345777771
9353105131
9354350731
9375177567
9394621535
9399251807
9481444687
9484992847
9635959119
9636003983
9639443855
9639620419
9743535939
9744572673
9744612829
10350771677
10350832841
10382281259
10382314983
10382716999
10397592327
10400575623
10416787591
10416973207
10419328279
10419375359
10428526879
10428696475
10459589547
10601647019
10601654739
10613475821
10637568493
10653948107
10654007103
10680502399
10730055417
10730208579
11048768707
11052628555
11122087033
11122145477
11122686661
11436778741
11443524613
11551876285
11552637373
11552946885
11958992581
11969126085
11978588537
11981693305
11981819108
11984659492
11986463652
11986471436
12045349388
12045356060
12047248412
12092001308
12097610780
12127212572
12154602844
12154643484
12254917660
12254982400
12425238116
12427176548
12647923944
12706070760
12735246568
12736568296
12739419112
12754098664
12831115752
12831167747
13021976963
13119431043
13272020483
13281755819
13437458967
13491937815
13665436260
13667034212
13667342212
13667362724
13831259044
13841136548
13841240772
13841706076
13850459492
13850773236
13852161780
13855746256
13856051824
13856057966
13912418734
13913823726
13923466990
14043112094
14100063822
14100116582
14183569151
14221745495
14351754583
14448112983
14448541343
14452493983
14464942953
14465176041
14473589385
14852273369
15117636825
15131354329
15140693721
15388387518
15388408150
15388978854
15427732078
15640228462
15672709742
15672739274
15691892170
15849678019
15853126723
15855105731
15954184691
15963239411
16390225395
16477457467
16477592635
16477649787
16758411683
16759259976
16988463944
17270661960
17289593724
17290044028
17322293884
17322330203
17322865595
17323095809
17515190705
17515202001
17515402161
17516107441
17801057969
17801251889
17806841521
17808984945
17848056689
18002722517
18004845369
18014265401
18192355913
18420585851
18435957887
18436759167
18437139055
18557131375
18557146599
18559354343
18559383523
18588890829
19116151501
19302855373
19352462529
19399447275
19401624779
19414534859
19414594071
19417162327
19849802291
19849804875
19853720651
19854308467
19856126387
19884218191
19891703119
19891705972
19892942644
19893396628
19894347476
19904407364
19906822276
19951368324
19954851076
19971410396
19971429184
19971443584
19972656000
20355950904
20364578076
20364611526
20367097798
20549415076
20775017104
20808331408
20939405200
20940164432
20944054224
20945866512
20946314624
20953274956
20953309925
20953559453
20980919533
20988511469
20990116749
21571779469
21619708813
21619809660
21767974376
21768047736
21768515000
21793803024
21866584848
21908647696
22000272511
22041664837
22044733509
22061389893
22061746582
22282635670
22347399434
22347443895
22427995831
22428334455
22660511823
22660644415
22674116415
22683218367
22685200799
22764695039
22800099123
22841055527
22908595783
22916459847
22970399303
22970505927
22970515779
22980669683
22983396275
22983433341
22983487373
23007202189
23009054477
23518617357
23518653610
23527771306
23532332202
23552018090
23579384704
23605422976
23726252320
23781921459
23782749611
23783282357
23784141173
23793580981
23793613525
23793630455
23799604295
23812347815
23825663015
23828003431
23845589095
23845833583
24233028365
24236846208
24248979344
24276801808
24286164240
24345724176
24353395804
24353397694
24527528266
24575020314
24631480986
24952640154
24965753770
25034494890
25082925994
25083022002
25083031227
25239984195
25241229635
25669957239
25680689063
25683574838
25688384518
25698438150
25708864518
25724956786
25747187314
25749456498
25750405774
26088218051
26213463491
26214920363
26222948523
26222960451
26222975403
26223014401
26234402300
26234431292
26247719740
26291637764
26293717508
26757756548
26772715691
26776082843
26788726171
26891673737
27076441993
27091417371
27091445615
27098847983
27099503983
27099602347
27102725419
27109246347
27257660262
27321431526
27431171558
27709303298
27721870850
27757964312
27772620304
27923310480
28159885200
28329563024
28666467216
28712076176
28761897184
28789358976
28791395584
28792003328
28830621086
28946082204
28986007964
29078649244
29552040428
29557344044
29598939052
29632860844
29640800940
29641461564
29684235080
29699160904
29716349256
29730406728
29750610776
29874655114
29875000038
29948658406
29948997078
30083772219
30185059131
30404729195
30461720939
30730722843
30733067099
30733600963
30759270275
30866616055
30872700791
30874318807
30874341291
30880026859
30899577835
31276140437
31277804201
31348505257
31348659618
31354779874
31365066978
31390892470
31434689470
31434758529
31450438017
31473736081
31490819857
31507003921
31843811723
31941329291
32044765207
32044792759
32045433639
32050838823
32065721127
32065724557
32065725940
32071345652
32075283688
32076117608
32076120048
32129398896
32129547104
32287564280
32457835300
32461603764
32507952204
32563419724
33172280076
33472250878
33472252670
33479099646
33482039446
33483419542
34030459286
34031122006
34031428950
34033789609
34034180513
34040784673
34086097697
34593272609
34593832609
34596947105
34596958205
34597161789
34597193805
34597233069
34597248360
34652590562
34652592146
34655211079
34664409270
34688809542
34702416307
34702431491
34708425411
35043748547
35046619203
35394423235
35404565905
35406304849
35408831057
35520299601
35525304401
35660828753
35693170159
35698191180
35718242892
35718272668
35771690268
35851586844
35851926620
36863908956
36864741248
36870410112
36872478720
36873517952
36931898240
37027177714
37027429522
37078058002
37099997458
37139806098
37261670658
37432365186
37452261950
37797742766
37805207980
37873960972
37894055893
37969448405
37969619749
38031989541
38081179606
38190841814
38216891206
38219958086
38231337798
38417389382
38510289734
38510761366
38510761776
38650399024
38667286774
38686005494
38686042686
38694777790
38694787688
38695931944
38825049673
38828111625
39033887540
39148974900
39148975356
39151336700
39151375798
39153781526
39154794790
39154877594
39158406189
39160322161
39195345009
39617904753
39761185265
39770843633
39773150577
39785565553
39785565902
39786847406
39787167326
39787326830
39787733678
40036749150
40036753866
40238958266
40263599802
40267458490
40278103490
40281445570
40287512258
40503018576
40503096005
41169621957
41217036357
41217338373
41524735477
41550919157
41553584289
41554184609
41554957335
41557658519
41650994071
41935509591
42154379351
42186992551
42187493731
42205548803
42218524783
42218706681
42223996409
42253704729
42263080473
42266012209
42594200061
42597155421
42597178247
42733499527
42734510983
42772284295
42772313383
43024484903
43024585047
43336290647
43346477399
43423689303
43470762631
43572651767
43573177207
43762451911
43763872871
43768452711
43800579687
43817078955
44179728123
44190938363
44193097915
44279130299
44283388635
44382061275
44422980531
44429562859
44474712647
44509143623
44509197091
44509320995
44517189007
44518675215
44521746191
44522022815
44948534089
45006586140
45310869788
45767819548
45788516092
45789020833
45840794273
45843817121
45859087009
45952460630
45966351190
46118726486
46197421654
46197670002
46256762994
46361830194
46608945970
46649956386
46654046178
46860315714
46873433410
46874839690
46909078730
46910519802
46917413554
46926818014
46934082270
46993361630
47026993886
47091686110
47091944635
47092041533
47117686589
47118034685
47118291829
47122077357
47405909677
47872443253
47880130165
47989574649
48051431207
48051537019
48052140267
48195752512
48390454432
48398547360
48411193708
48679309598
48679458994
48705033394
48784263394
48786367202
48786417466
48827225914
48873391014
48874107174
48879412518
48879890941
48879949933
48886152661
48889065753
48893370777
48894960665
49364380561
49424002637
49440693197
49448725837
49449153821
49449197551
49449677551
49536430831
49612138223
49612942447
49679723631
49697076847
49697492207
49998524747
49998546675
50060654835
50061577331
50062874479
50080067937
50095651653
50101298629
50102336181
50109006581
50110200693
50110236717
50115479597
50115479757
50115484783
50132746991
50138208239
50185598911
50233969343
50235389727
50235425917
50244824389
50315897289
50316059205
50320955717
50577247000
50577351740
50577929708
50830124310
50834603286
50834887342
51306834222
51311928953
51311935342
51325881198
51326285998
51326474302
51646003262
51678695998
51678789950
51686192446
51686207772
51686938908
51689594268
51689654038
51694704086
51702595030
51757204102
51757266422
51757795158
51760772950
51985173102
51988998766
52059432734
52059471806
52144898353
52145535281
52148080145
52148181137
52160473417
52162729417
52188747209
52337531769
52337597073
52364208785
52374366297
52394582105
52582961241
52585241945
52586271577
52703352857
52704417257
52704524017
52707997425
52709069041
52727591665
52728087937
52731709313
52735244485
53033275360
53034247671
53034271223
53034360110
53112000246
53402705654
53402771854
53403543950
53403620273
53413634209
53421774849
53480552065
53893846657
53910599373
53941004109
54063017165
54676494789
54681481157
54696480294
54696911886
54700171502
54707510254
55180790668
55182067548
55194508508
55196205678
55202141362
55202937609
55213186057
55222792969
55257909129
55264067849
55307662921
55810543369
55866960201
55893403977
55909856649
55915396914
55915406986
55915420338
55921714074
55923199834
55923434702
56059032284
56092021468
56093725084
56093803392
56639464320
56644364661
56689658229
56690235973
57082507141
57116147061
57210066433
57231023617
57791986813
58171105581
58171308469
58181882067
58182000531
58186492659
58244540147
58254097843
58260172211
58623790407
58623852900
58632362980
58632406684
58643557020
58644404892
58646743836
59013557756
59034958332
59046790780
59099064956
59099646524
59099659071
59111954762
59111971728
59402108064
59402176803
59502993091
59513653179
59526678459
59526989675
59527036859
59543129273
59547721913
59547781330
59638048978
59638749234
59639029774
59639232386
59640163855
59640202046
59646802750
59655864894
59822299710
60353215214
60353283230
60358130206
60479338142
60501548190
60504187806
61193368773
61195554277
61242373276
61242856860
61247403164
61327053980
61330770844
61333579412
61391450356
61452116212
61463406324
61463475907
62014797507
62044116675
62296624723
62362807955
62401675095
62459005271
62482962263
62881412824
62906255064
62906321120
62906348916
62914084228
62930107736
62930818232
62937734314
62937779334
63063940230
63064087184
63068244880
63082642487
63083936631
63089477663
63089939823
63089956455
63129852285
63130151921
63238243313
63399666385
63399745765
63399804133
63473191725
63593962285
63594556269
63594599058
64316551202
64319937570
64437188578
64444145762
64445980258
64456304482
64602811032
64608309912
64610763416
64611702680
64620940376
64672886184
64672946312
64819249800
64832369288
64903083200
64909091872
64925741600
64926269984
64955438624
64956186336
64990176592
65010954574
65019582798
65022026203
65022586219
65023140895
65179542559
65179549669
65340089552
65535661904
65627220112
65777576868
65789042020
65789096382
66234301070
66431654542
66435529830
66491488774
66491497498
66508106426
66527692730
66527923982
66648375054
66765339896
66801067256
66801087872
66811769456
66812693688
67123269276
67131679900
67132420476
67153838460
67165680508
67193859964
67268527484
67268942252
67269041014
67912581366
67914165366
67922871414
67930453110
67975936630
67989996566
68418341670
68487617318
68487808726
68493767766
68497380566
68506168534
68506214062
68555375172
68579512510
68587934398
68591863486
69215753864
69366236616
69368048488
69847841676
69881247788
69882581772
69889848930
69901645703
69955848071
69956251527
69956737831
70324856615
70346795375
70375653743
70440933767
70500465969
70502121927
70502243979
70507039883
70507052671
70507173351
70544518631
70587500215
70611738199
70629731927
70643777359
70648434511
70942300947
70995916691
71043762067
71044083827
71045558451
71045583567
71071619511
71159774518
71175634230
71175736630
71198405430
71198406314
71210673538
71210766002
71213361714
71620266546
71635891758
72136044334
72136227674
72136359804
72251763580
72254083036
72291967964
72372428192
72374632480
72526320928
72531474720
72532033312
72534369824
72534411596
72545876239
72546353263
72548057135
72639674415
73060398127
73062771951
73062855711
73062898894
73062982318
73216569006
73217470899
73218801331
73267924659
73269561376
73435485556
73435489282
73435495366
73435498602
73699100542
73699262936
73699274004
73912488212
73913076899
74132373587
74136319763
74139630447
74407192139
74421672923
74422203611
74422586067
74468161747
74485429459
74485453583
74500810799
74500830677
74500849295
74501089263
74764290031
74770639050
74779243722
74840691914
75100056906
75160959306
75181387594
75181793098
75205452378
75212900056
75215576024
75215886456
75543404312
75543440896
75561161822
75633208428
75635550744
75650028056
75663835032
75696901280
75712793808
75713390864
75713415504
75715003984
76024923728
76029308496
76097304144
76097396516
76377214756
76584264740
76673339172
76676762628
76831481552
76893609168
76909801360
76912411280
76930241144
76932240312
76936455396
76941263076
76942362628
76988916740
76989053064
77032960136
77060777584
77061250352
77121393968
77133500732
77149362492
77150868012
77229698604
77280601004
77390325196
77390450981
77390464473
77393050132
77393051780
77397011588
77397054032
77403088464
77408873357
77410912269
77417537650
77419462674
77598781490
77608752214
77808727290
77816577274
77818954490
77825409786
77830655098
77830677380
77845233288
77845235026
77845459538
77852313426
77852649010
77883998730
78045703178
78058416658
78327141266
78786671506
78787008250
78870909582
78879749806
78884349742
78887260446
78952551892
79072638728
79091590920
79158109960
79158518392
79367021176
79367084478
79367537118
79379468014
79393572206
79400404974
79612295150
79615678226
79615987394
79972093634
79975610690
80006400322
80133826882
80135540034
80201966020
80205364676
80215798724
80227941412
80235580452
80266011684
80305034276
80307522444
80686869812
80784481588
80804211840
80893772948
80901851947
80943957383
80996538099
81014282675
81698369971
81771458995
82493182995
82493485459
82493487859
82493541757
82493589373
82904764029
83011186657
83011422307
83012943547
83636435987
83672721475
83672879819
83680837963
83680942063
83681249967
83893537740
83954045882
83964662714
83964917130
84037743242
84283675074
84330377666
84351763906
84351801006
84354105974
84406128437
84406134409
84410384969
84488338175
84642432607
85063993951
85131334591
85735666623
85737837503
85739023007
85808556517
85830848997
85830980789
85895787701
85908609885
85908626906
85921899994
85991708303
86125390991
86125682351
86125692075
86129669035
86189026155
86189138827
86213279787
86213327659
86275576619
86313999773
86316334685
86317392663
86908389243
86908521811
87707433707
88196025387
88196040647
88196491351
88197524055
88200637591
88202616535
88398214727
88399099227
88399203339
88795890051
88969441667
89108105307
89114269451
89115005879
89828817125
89834383181
89838190413
89838219607
89845371223
89850050839
89850344279
89851558487
89910520407
89956430199
89971421773
89971972685
89972033892
89972193604
89973022788
89979470156
89983797104
89986052336
90135790832
90136555248
90136632274
90137070894
90391172446
90392655390
90440619422
91056420942
91058217529
91081394745
91101674865
91101821349
91123150245
91135848586
91157534816
91167332448
91167402264
91169231796
91169243658
91227823694
91228603598
91308742990
91711837838
91725140249
91725388289
91876571097
91888048089
92456916953
92707893497
92724125945
92724175203
92724180363
92726411787
93028647503
93038452863
93043474079
93043542479
93043981935
93187410575
93198666075
93198744155
93221528155
93221531446
93273273755
93331491931
93577475535
93577598665
93594711753
93615456585
93615518042
93616865162
93617649012
93617744542
93627293726
93627530318
93627665606
93651620062
93651691670
93696670358
93800534883
93831198369
93831351409
93958134961
93959099593
93959392289
93978868769
93983638113
93984346513
93985407185
93986467281
93986491237
93989023589
93989147589
93989169398
93993760502
93995169806
94012618766
94024492046
94029928462
94085271566
94096217998
94096460510
94096464354
94103589346
94103661214
94180811422
94182869022
94182921642
94183073130
94184342122
94188260386
94194210146
94194257190
94419430182
94425220502
94427445654
94508044810
94508321434
94528597344
94800933490
94800982666
94896309386
94961865922
94963171266
95134692290
95138267842
95369454274
95627806914
95652963522
95717127874
95995359995
96001828027
96002852475
96002852669
96003384661
96608144929
96666498593
96729132481
96732399361
96732403592
96741288616
96744838312
96779291560
96959603524
96979048860
97174351662
97226874670
97301369262
97302101334
97304228182
97435254998
97435300257
97776161265
98192770929
98193978513
98772592465
98772684729
99216948021
99229786069
99238280459
99238299257
99301140089
99371050617
99372820345
99399350537
99404359897
99404380745
99404479492
99826025369
99828553577
99829159311
99875546511
99875599088
99938861808
100004359664
100004845584
100004900304
100018610128
100149210111
100159170175
100159242901
100293022357
100511623181
100534700045
100536173453
100537024525
101328211469
101328225549
101372475661
101372544953
101373947193
101399264569
101400047873
101471620785
101472643217
101530212497
101530384559
101974132271
101974902015
102025463923
102029347379
102032484915
102330997587
102332713171
102333119891
102335058931
102343657739
102343664599
102344758656
102424754056
102436566920
102457391496
102463056776
102464323576
102476882936
102479154680
102479704312
102480720888
102480807672
102480812056
102667590001
102667879793
102720252273
102721198297
102998093672
103072387280
103125438672
103138873040
103140736976
103142789448
103145340488
103146475112
103149754204
103158038908
103158239068
103171665900
103172009276
103545880044
103546067660
103824983448
103826088840
103835388314
103977679258
104173874650
104189654066
104189654136
104208415352
104398297720
104422819632
104423510272
104436269312
104436307740
104452273948
104452291652
104479870500
104479895940
104481122010
104481194050
104482678018
104610842882
104656769282
104660926850
104661413058
104661504864
104661589480
104662234856
104664326040
104664571832
104664584572
104667550844
105010343036
105011537660
105012421372
105013447820
105030113420
105142014092
105199149930
105209316162
105211599618
105296952886
105297006406
105676210694
105724832262
106095498750
106098492878
106362924494
106365712462
106392820302
106392908210
106392912642
106701728602
106701756510
106742683742
106748178298
106752182794
106799487498
106859385098
106894770954
106895310602
106895445962
106969325783
106989001943
106989035355
106989112151
107134843323
107468119799
107468365903
107472819279
107473056719
107522807154
107622823282
107622864965
107626148504
107626438456
107628606264
107629353728
107702288128
107770513920
107871283712
107880804379
107881677427
107882090819
107882724233
107882973057
107884517133
107884608285
107895719645
107897891549
107983236829
107983299215
107983643279
108052095631
108299215503
108299247887
108299271791
108350581103
108358306671
108358430314
108361828138
108362048490
108599570489
108600408761
108603704377
108606597502
108606609414
108668153436
108780178940
108819883516
108820067666
108908794306
108909410754
108911307202
108964256610
109495116386
109495176612
110031809956
110032180644
110135604644
110148879780
110152960148
110213289058
110226452706
110340857879
110453588029
110691457085
110694550589
111241974415
111245714302
111249630016
111269873984
111272142592
111272162129
111272612073
111370048421
111382125093
111385905957
111408848005
111408906085
111408930373
111675141573
111676300037
111685322757
111694579162
111712837594
111713560932
111714227652
111720166340
111720513696
111720781184
111720941184
111722208896
111758122112
111758303300
111758495328
111759697120
111765505376
111765505772
111767331772
111767947004
111779199740
111779277175
111779316369
111779343377
111779541357
111780947901
111782458797
111799317933
111861652389
111942141542
112020469350
112020783718
112303226038
112356579702
112398002550
112407575174
112829652558
112855323486
112855328564
113634207540
113634269566
113634323208
113640381192
113760110728
113789840520
113789850116
113811230212
113812082884
113813436196
113813826724
113882336420
113893191004
113895108770
113957152930
113959339920
114050674656
114097604064
114106983912
114141941224
114141951568
114142027708
114346686280
114513262408
114521113160
114719867464
114995561032
114995710420
114995724989
115388734754
115487794070
115719917894
115719942164
115722287636
115722288745
116063526505
116188192361
116189941201
116245380561
116245399442
116512188306
116749063294
116754719870
116862911614
116863949438
116863984230
116866297522
116967209778
116967231293
116967272814
116995777534
117018042122
117019373066
117019819501
117024732013
117038948829
117084514509
117084669901
117118255053
117124080077
117124091261
117124129413
117202424625
117202442315
117202719451
117203210059
117990208099
117990319619
117990376365
118008091181
118008222267
118008292667
118088713531
118336714043
118339266107
118434267707
118436007931
118508363627
118652503067
118652605111
118652979119
118656987055
118658610551
118658610581
118827849109
118888160629
118893135221
118984287989
119024609013
119027193077
119028220341
119037908917
119044812725
119076323253
119079868387
119396952035
119397835619
119560279907
119560529923
119669267235
120019983779
120022512827
120061041371
120080091611
120103511515
120103698119
120109470151
120109933545
120110815625
120114304385
120232613249
120232619725
120404743885
120415539661
120416631245
120418229739
120419461803
120473996487
120475806919
120599179463
120606906327
120701510551
120912528279
120912571507
120912594301
120922572223
120964775359
120964990023
121097487431
121115662583
121120611063
121120627049
121120741517
121136420237
121140108685
121140412029
121173433981
121188486525
121227441533
121231013757
121231014061
121231826345
121241957289
121262509481
121321698729
121322273649
121324617783
121575563184
121575566710
121690156674
121702747202
121703924996
121704854560
121719647697
122291162065
122574725772
122897007244
122949661836
122996980364
123039902348
123044873612
123048111500
123048322900
123049788244
123072981676
123075909260
123245166452
123245209326
123253229110
123380500022
123387074102
123393647670
123394115990
123394128214
123407799150
123835283070
124469850782
124675723010
124732360218
125017677594
125027295774
125038433790
125040048658
125044592914
125067766034
125068092458
125068108888
125070573336
125276045048
125376256248
125465565432
125696385032
126061922824
126062172980
126177123124
126179612182
126179913046
126187711206
126187825130
126188454538
126190982922
126191031046
126194021126
126194026491
126195390139
126238305075
126244367419
126244532235
126245311083
126245363051
126250022347
126250038695
126250039291
126268692475
126274839315
126426940179
126427193931
126479747147
126575102027
126603233355
126607741259
126607959539
126618272755
126672220723
126674371659
126674416843
126674603455
126674614737
126700019153
126764658193
126766267409
126771918225
126814573969
126815108177
126822473297
126841577041
126841597787
126843018691
126976826819
126980550019
127011651459
127023742595
127024103363
127264692611
127268716067
127275809353
127278392329
127295449097
127295916329
127299699177
127406503913
127445730125
127464266061
127480024461
127487032749
127487037405
127531827533
127531948509
127555141085
127785979357
127797563197
127799016253
127799258551
127807903159
127808489911
127816916575
127816990495
128038599775
128073293607
128073608871
128081600935
128417494495
128545226207
128658140767
129087344223
129093490927
129148115951
130055055407
130753107615
130833305247
130963635871
131069479071
131094225055
131177209019
131225797016
131279569304
131321684376
131321776078
131767789518
131783357294
131936973678
131939435888
131939668336
131939854439
131976402439
131978486087
131978512407
132345674279
132416465447
132452714279
132714417047
132718756631
132753038872
132835594188
132851132958
132851134142
132853081790
132859090878
132929890238
132930891886
132978911350
133113992446
133114563114
133313322670
133314332782
133314440222
133314603226
133314767490
133314930354
133384873650
133429765810
133468554930
133820645138
134398402642
134536901250
134542489766
134568603814
134573574007
134780176247
134780537063
135114322151
135135541736
135157961752
135291781400
135330424408
135611328776
135644549832
135660808648
135780485576
136214858184
136558725576
136677229000
136679410856
136679815368
136881424584
136881535240
136924630024
136924949640
136948280224
136980781216
136990242976
137029236896
137029770784
137031311072
137034641578
137035916330
137036137446
137046849510
137059679746
137119819706
137119849836
137135144300
137140590440
137140610084
137380070596
137400234180
137409673924
137409999743
137707141407
137707995263
137770229295
137771725871
137771800901
137809995965
137810194461
137851639837
137866574669
137866864145
137948412729
138000804665
138000867033
138034574489
138309284897
138568774305
138575782113
138909383593
139478072233
139519034281
139572351913
139775684041
139778513481
139905318486
139905390424
139946500152
140231626650
140235517082
140237569594
140269429794
140269451522
140330150146
140330991362
140334343954
140581986444
140909285516
141002230776
141002398504
141002556232
141039096648
141039524472
141091263160
141103796456
141138912104
141605020376
141627890296
141843120760
142213743224
142217402380
142222579980
142222607475
142222744555
142557248491
142629026279
142642126823
142643415015
142960377463
142960394762
143005955306
143154146298
143260058618
143467701242
143470145018
143470196528
143522741936
143621614992
143622254364
143624542364
143625122812
143628786684
143628791464
143629271544
143629297020
143682497906
143744989554
143758244210
143766505842
144234326642
144235031922
144242317394
144245252370
144249258258
144265189572
144265500644
144265523280
144267332416
144382537280
144382538308
144382568074
144382569048
144573327960
144574098008
144574594952
144595500936
144695279496
144695319670
144695369958
144823478182
144837404886
144839215542
144840313846
144841320630
144841668190
144887969342
145500245566
145500725214
145502021598
145502067198
145610672638
145794288126
145845833726
145846144590
145890719310
145890899666
145895667618
145921210274
146307592218
146312520448
146317256960
146324164352
146329734624
146329802990
146348595150
146355833294
146379111726
146451296432
146462916328
146938216488
146939949608
147417856936
147735460776
147739665224
147740659816
147757420104
147757425345
147839435329
147862203448
147869294648
147899511992
147982980610
148115564034
148138279146
148138312862
148140750366
148140769747
148934164947
148967118099
148971680710
148971754438
148972582007
148983789175
149007144567
149237395589
149251420421
149288105649
149289359761
149294705489
149300041321
149330160233
149364694217
149367296713
149369392117
149389067403
149592741583
149592804341
149668293941
149892001747
149991141873
149991194097
150076426609
150076855201
150110614433
150162064289
150162091613
150162153053
150266157213
150272546973
150300416237
150301442221
150355218605
150368250445
150371317613
150385862381
150386031935
150386905111
150392469015
150398295063
150673845271
150676341495
150681930279
150681933367
150747091079
150747118207
150950886495
150950935191
150953578679
150960988192
150961005560
150964717160
150992594536
150999791282
151182237378
151272821490
151294577906
151402431730
151492029682
151493066834
151585865554
151624384338
151624398498
151628251618
151629273762
151630764558
151644111954
151644166506
151689252068
151972114568
151983069630
151983090166
151998438812
151999585126
151999738854
152023271398
152023286736
152176539088
152283127844
152486502436
152490612388
152492802468
152521049994
152565221954
152570513986
152570933186
152624399682
152624697666
152624698076
152629320432
152679994086
152679994806
152680048376
152681429032
152722838458
152743822414
152743886334
152744105406
152746226366
152747663454
152747856350
152749864752
152756155248
152758201456
152793842141
152882905565
152886906557
152907985945
152908047774
152908376676
152969262084
152970868548
153041487044
153164715231
153164779021
153255896333
153256028317
153256035165
153317909437
153334314001
153452008390
153452051974
153455086850
153570942210
153571049618
153602020498
153602535434
153602580568
153603947352
153604180184
153626549816
153627065088
153627123728
153644622096
153644742098
153644755490
153733978114
153734018302
153969962532
154056031780
154116235009
154118343681
154120423489
154198481111
154271697367
154425043415
154517641693
154518351269
154913445367
154915743223
154956151702
154956226217
154972650565
154988358853
154988368963
154994137267
155187189939
155295911951
155296333647
155433876431
155660287183
155859123219
156116862611
156129189403
156130335803
156158925883
156165615419
156256553211
156268666811
156297820091
156298459003
156307824251
156418162299
156426113659
156426224083
156448014995
156461115027
156461209779
156533119767
156643678999
156788674491
156827955835
156939733208
156940030680
157018452696
157019658200
157023099480
157048864088
157185345288
157188021413
157211092341
157296154889
157671717129
157823787273
157854964105
157949179895
157953376587
157954927531
157955541008
157964060176
157966654992
157966678916
158184476868
158454969120
158455387760
158455485488
158456734960
158463495307
158463518457
158525294329
158537660249
158537689971
158537891787
158589357515
158590562459
158612242043
158666268283
158725937219
158761326659
158765711683
158765937793
158772969601
158773722737
158775427185
158806712433
158806737265
158811191409
158812587729
158822514129
158823010385
158823035053
158823051029
158824724245
158984189717
159341532949
159341545077
159350014581
159350053649
159765503761
159800982801
159801028737
159868494977
159913770113
159918282985
159918306001
160136877777
160172619985
160199039617
160199122517
160202548565
160202628931
160230721827
160250464547
160318070860
160319329612
160352067788
160382869708
160477856624
160478670704
160626941760
160641609536
160649182528
160649315600
160649331069
160649859197
160650829181
160660203853
160701362013
160705308901
160707885397
160708913701
160715479205
160877323483
160892011843
160892445971
160901622195
160929858431
160933378303
161064782075
161065238091
161065243808
161066020384
161382753504
161384432064
161456634240
161456670392
161456691659
161551833931
161624789835
162294936395
162480442187
162482777483
162482948531
162510823115
162512152011
162536650271
162537639967
162545318943
162596403231
162600286495
162600440379
162602813563
162627715483
162627841263
162662478731
162815185811
162844681107
162933450472
162937505512
162937773352
162938061787
162938684563
162959946899
162960473571
162986886555
162997877499
163007885595
163072749036
163074854700
163074917232
163081442160
163081551824
163299344336
163299364420
163299499556
163400614708
163430592308
163434063310
163561715150
163561724154
163561760774
163778799430
163779248902
163851998534
163855825990
163857480774
163858705926
164143990150
164144253110
164146834846
164148907264
164149100318
164330000226
164499781986
164510117218
164510120190
164541879038
164620686078
164625797758
164644434686
164648226463
164651772259
164720149731
164741096731
164774056867
164774058040
164774059802
164970929166
164972509710
164978336750
164978447470
165008902766
165009013390
165145076974
165145471894
165145473920
165188159984
165193927969
165196554977
165300142717
165654202302
165656221374
165722080756
166653677024
166654821316
166667993540
166668404148
167059072436
167059258585
167066373849
167079517401
167986035129
168054424861
168055267005
168057044669
168189888727
168193562269
168236913309
168237045133
168324731277
168330130021
168336873183
168338560607
168383642207
168584112735
168584116857
168593327225
168677106809
168745861241
168762075627
168918471159
168919536695
168919677527
168920031467
169049456875
169378676971
169457022187
169457735131
169717442859
169722210642
169799120146
169883500946
169908816690
170616608490
170647285482
170647287065
170682459041
170683330465
170683432833
170697318273
170756817793
170864057889
170978109473
170998075385
170998128633
171087781257
171088771977
171160281993
171188751241
171188968495
171193405071
171197245839
171198311151
171465403119
171538900563
171539095891
171539102940
171540234268
171543123292
171543133220
171545764900
171546235284
171583881620
171589169556
171623391636
171657646804
171843879636
172067770764
172067902876
172115890524
172116513820
172177224732
172177297196
172395915052
172481373332
172676685996
172767664108
173039937772
173040020132
173214393508
173219581258
173219592944
173235377876
173235577596
173252304124
173252320634
173255150970
173257578810
173262434234
173829270458
173957442714
173962112154
174073578586
174082155242
174082663154
174082665890
174114678178
174124346354
174126715890
174154331122
174154810610
174285331826
174285618557
174291142307
174295707299
174313186507
174313335517
174316961773
174318672941
174318687755
174319616907
174321537007
174337391267
174344688687
174345053055
174392769471
174410332031
174410335347
174425171059
174426445171
174782156024
174782595704
174782784005
174782785836
174802010412
174802028832
174802116728
174805103480
174838240366
174971861517
174977665549
174987643405
174988307573
175248048117
175305035351
175461498583
175461690687
175566669679
175566745455
175569392175
175569766703
175768054063
176363994847
176369218479
176383843231
176453532639
176464301023
176531350495
176531589215
176558802003
176573149779
176573249269
176573804277
176588472107
176628625067
176631186827
176767571339
176767621911
176775822103
176802972383
176810527455
176813777119
176818311838
176823837598
176823885950
176865117916
176874380732
176885613660
176886642844
177211492888
177214450450
177262658322
177263283506
177263299142
177263402038
177437076534
177559142796
177559430456
177559698232
177559713865
177563715817
177829752351
177831388703
177954416159
178132555295
178207260703
178422060471
178747869367
178747891580
178801765076
178862451112
178921916984
178943654456
179370210872
179371657016
179371711600
179472476400
179472587312
179552519443
179552546562
179552665612
179693465188
179693743152
179701605424
179701624708
179874025348
179874052916
180005727784
180146343464
180147923048
180160440424
180160508790
180221271441
180222652497
180232388023
180235257559
180284692439
180292889175
180415775129
180723552665
180723614361
180727964955
180742796119
180760832855
180762313015
180762341895
180861720839
180908706187
180910972587
180966975867
180967355259
180967542226
180972774030
180973843790
181352701154
181414164034
181414214604
181924277196
181925733164
181982376492
182016542126
182095291566
182227586222
182228228806
182228500035
182309357545
182309383961
182543619601
182572672913
182572843393
182575676519
182578041575
182648639079
182648869071
182648882614
182649077246
182700423436
182701107148
182714562508
182733678092
183010950700
183069445676
183070200876
183071273644
183073900204
183074002166
183191241974
183555992158
183557796062
183561556741
183561760638
183562847998
183610207850
183610235806
183612816918
183615586582
183960812566
184135789134
184135842058
184257001738
184324934922
184671108362
184671507002
184671578554
184671661978
185042274394
185250474562
185263289602
185285238018
185524065160
185528967356
185529101524
185542767316
186059151436
186065887052
186065966572
186073964012
186101774792
186101806952
186141611880
186141613828
186142025476
186327453284
186327457568
186414331968
186415894592
186416789888
186428405200
186565948880
186567127764
186576385572
186576638212
186599830204
186599888587
186631278923
186632026159
186632037071
186783666523
186783803359
186784942623
187446995487
187467732233
187499309129
187516441707
187522202763
187522434187
187524179703
187624453367
187631434583
187699657559
187700461015
187700462807
187700812055
187700970623
187711446584
187722417720
187725914379
187775631627
187776249437
187776387117
187921095149
188072401389
188072511567
188077070927
188077316543
188481574335
188482094271
188519087295
188520050695
188520423943
188550272263
188559787141
188569136709
188572734693
188606798549
188912205738
188918926858
188918944594
188974045010
188990883666
189003415378
189466429746
189484962750
189489446718
189489750414
189489796186
189547538874
189554236714
189589295402
189589982218
189615249610
189630181322
189795409866
189933840330
189936856652
190151839308
190164493572
190276969872
190378126736
190378828432
190447788336
190448907921
191027599426
191044345510
191058129630
191062826771
191063018731
191063141115
191063178981
191063518037
191063769186
191069854818
191071457874
191216243282
191216623592
191290138600
191481889704
191482347376
191533309808
191533933680
192278461552
192342599792
192538569136
192539546756
192540508612
192676498616
192695942195
192712374323
192726618531
192748402835
192782930315
192805929019
192813039135
192877874719
193065312236
193065368727
193069396119
193096752419
193634772259
193634779456
193719816576
193918308736
193919096096
193921700640
193922011968
193922047897
193922750489
194124781593
194154733215
194160157791
194191804127
194191852991
194194889151
194256673215
194257429503
194257521579
194319887275
194376337219
194417283235
194417363635
194422295539
194422723123
194564682291
194702843932
194702930988
194703718732
194703875504
194778215998
194867487614
194908324734
194925243262
195027394486
195028069046
195028072882
195028167100
195028981404
195332258350
195332272302
195338584750
195400389294
195407766190
195444226622
195449193867
195478878187
195601215688
195602280312
195602449848
195629068728
195633425320
195673271144
195679957864
195694398568
195954206075
195984284451
196374869411
196580619619
196710052707
196715475193
196716278969
196719503545
196719508513
196762144801
196769844133
196808532737
196859696097
196860785131
197035652075
197052917739
197057267051
197058642667
197142774531
197143266179
197213531340
197257800908
197286085914
197623166526
197643510974
197643760294
197647440038
197724190886
198130218751
198139322815
198151164149
198151165335
198151174083
198534945731
198615564803
198888862211
198889642621
199014275709
199054006909
199054711357
199054745653
199420062773
199420162901
199581981929
199897329641
199918851017
200510976969
200511337193
200624545641
200646195081
200647227429
200659519525
200753497964
200893190764
200956877117
200983293505
201011147841
201011863841
201011871357
201063838465
201063953769
201064872265
201080164521
201113490117
201113610517
201119920523
201213731083
201213871563
201215541835
201517122123
201520991307
201643699615
201647362463
201777541671
201780687399
201783659803
202018748639
202023347763
202132026931
202132027105
202207945569
202210154081

