34071184
36401296
48899688
53804904
65938280
82461608
137908447
138355519
141925710
183542094
525612544
546869784
687749454
747059524
749791044
772233652
794070140
1015810348
1015965484
1201262082
1204925300
1215211284
1480812717
1511149741
1551884369
1590335273
2029328169
2051842378
2051857544
2105611400
2399721009
2399786457
2399795607
2407325599
2418513219
2435032420
2437230564
2438723010
2471441018
2732584192
2733153664
2857319390
2857831132
2860375788
2861378796
2866782989
3900135799
4107347319
4107434755
4392544899
4394643241
4471727401
4581971337
5001322745
5098396825
5101958946
5119428386
5141933794
5143669858
5143849058
5657364578
5670602940
5692266654
5700550430
5700768022
5708362998
6230322724
6233771556
6233772388
6237579620
6237599812
6251001141
6251092881
6252061413
6259433221
6259855589
6268871097
6297151929
6306834361
6308825865
6310203785
6310381681
6314852721
6315430353
6655763514
6677847994
6944743738
6978937008
6981719246
6983788126
6983837950
6986739470
6987006774
6988680282
7009191594
7365012701
7373437789
7615885981
7622992797
7623990173
7624179869
7641303197
7736217451
7758515051
7826943445
8004156885
8004171940
8020361892
8036440897
8077222827
8168586043
8248250171
8248368563
8323839923
8335325107
8456305165
8465914045
8519863984
8520328288
8521064032
8588542399
8605203967
8611639039
8631261323
8681183371
8681811931
8690576347
8787078107
8921922859
9028192555
9031011367
9115281603
9119645699
9150409987
9153342851
9157878851
9157905855
9230017735
9230629943
9230774615
9233900439
9292499863
9335198615
9335338625
9362160577
9832987841
10336911824
10454003184
10455021936
10457107571
10531644531
10531652185
10532439705
10532447065
10533907001
10533957190
10534144563
10534905075
10539007219
10572896251
10580592635
10580699803
10583966811
10624094811
10633585859
10641203139
10661132227
10665380035
10777770443
10872378539
10886517931
10886971419
10887124019
10890070613
11250219605
11250866645
11264369461
11264730293
11264737021
11264898468
11265444644
11265463554
11546803388
11547329818
11549030938
11615982490
11627187832
11635887864
11757324536
11757461784
11757688248
11757688360
11945387304
12062468040
12179107720
12265582275
12265623446
12265624676
12316144721
12411636625
12411649441
12414215361
12418538537
12419666186
12419684085
12492855029
12494251278
12594333474
12770510626
12793411874
12793541880
12835507372
12836276620
13116320140
13116328572
13163629948
13185027515
13188116958
13213381137
13213594921
13214318498
13238638498
13564495454
13565098442
13567769606
13567850738
13571276274
13600443914
13600540986
13614205703
13642107243
13644000810
13659536618
13665198570
13666890474
13686056170
13686171342
13841831640
13963302616
13973636824
14027893404
14037662364
14064926236
14064975820
14265863396
14653445860
14655440292
14999044885
14999117969
14999408017
15094353649
15094364289
15102972114
15104125378
15105572802
15105798394
15117433228
15125286252
15148651372
15164622188
15164626260
15399531860
15840388180
15917686670
15920691918
15922076451
15929981411
15933007753
15934122243
16450007989
16450074157
16452159277
16537513773
16767713829
17144596213
17458394565
17533872581
17534678007
17536905207
17537130156
17538257676
17545526028
17547660684
17654555532
17754033421
17850125197
17889036749
17890610637
18198071753
18718423558
18732276742
18734599302
18784313183
18791616063
18813125487
19648773911
19830881091
20470514641
20892112607
20913600223
20919947999
20920800223
20960308319
20970077279
20973142111
21160164727
21175306583
21260884183
21261163091
21328869825
21582895681
22288865229
22354230477
22354425885
22354912021
22355222053
22367813413
22832576885
22855445157
23027424493
23027477073
23200068623
23200099363
23210781987
23210787101
23340068317
23640965174
24280645942
24417175926
24417214198
24460833526
24461381110
24463136822
24482317462
24483559584
24484585712
24484658186
24500890914
24501628354
24528627130
24529835066
24812758298
25027642650
25038407442
25046433554
25046574186
25046734604
25048808884
25071006132
25234064457
25248478311
25339450983
25343469159
25347632901
25357263201
25508140437
25553405749
25553754517
25557192149
25557720460
25830546828
25982249228
25988189494
26022089014
26026418358
26141335334
26144060078
26158147494
26624660390
26629195686
26629624886
26642966582
26910648374
26911981814
27329963622
27451923574
27453224706
27457209794
27641709208
27712590488
27718216792
27721699248
27721704538
27908814258
27909122222
27909158472
27914643528
27917880776
27918807344
27920210480
27920568464
27920570825
27920596501
28005711381
28143894629
28600627454
28880405769
28913567491
29086543459
29086600503
29144458903
29151904923
29153145051
29488342387
29489530127
30062116735
30584572295
30585232775
30591409159
30597421683
30597468107
30597597059
30943481219
30944200291
30945795181
30949169896
31049102432
31052270448
31062927312
31431894992
31750504592
31750657880
31764627448
31809057374
31810179198
31826921396
31991874484
32036628752
32036629869
32063676579
32454300503
32455132119
32774396459
32774861079
32785793959
32786489671
32786659371
32787603619
32825893491
32831923955
32833055667
32834886739
32843501267
32847424211
33348438126
33371969070
33383950186
33401042218
33574805550
33575374574
33575375781
33596981697
33734966225
33742390257
33760566753
33760834041
34496571909
34502189653
34509747413
34513528031
34513640735
34513737983
34624166003
34863098515
34863920771
34866708349
34867173437
34867520775
34868774023
34868805806
34868849668
34889709060
35625784036
35716050533
35743837797
35796394917
36014294341
36016801189
36017555909
36017750701
36023560049
36104955073
36109024449
36113263809
36142645173
36143534077
36168009917
36168295373
36268967885
36318146047
36318165383
36318246529
36379744385
36389902977
36399653504
36399789210
36425012378
36851921340
36851937404
36852019532
36889071098
37122097146
37124554426
37124989562
37125007507
37127547795
37161764243
37188732307
37227692451
37232290723
37232453187
37232547305
37247563095
37273815159
37405691255
37733105015
37733114085
37746314032
37746823374
37765288910
37786119438
37787072358
38367551334
38368131430
38368549242
38498548658
38510026418
38554350500
38560000804
38561557540
38595548900
38602354148
38622023348
38746926772
38752909620
38752916102
38788329606
38788385346
39203399558
39572389626
39575453754
39795516440
39845154660
40092931349
40092969699
40235199203
40235200701
40239927805
40252445181
40280674173
40358829101
40525073731
40559742518
40560866198
40582754002
40720715474
40815101889
40816687681
40849427009
40903029993
40903084433
41061233809
41061608721
41061768225
41499595086
41571027278
41641242454
41641483836
41705110563
41726884899
41736961723
41868974303
41925489678
41926277707
42669823244
42672168716
42679343712
42679758277
42702287773
42705480467
42754867987
42823954222
42865347822
42893064942
42896850814
42939982362
43420269208
43448540216
43448550692
43450994435
43455678211
43510726083
43534201539
43534338887
43540746995
43553802227
43902746907
43910200085
43910799009
44058329357
44102241341
44270772073
44315610989
44361810237
44362973661
44398574371
44514548515
44514564851
44843311231
44851426486
44984243926
45626606634
45639147771
45675575611
45675896611
45858265891
45866220163
45868001667
45936259235
46224339327
46269556879
46273278287
46571683439
46571813839
46738660303
46738971864
46815685048
46833817016
46833818240
46908209280
47020028672
47024580184
47101054816
47216987940
47228069156
47296522276
47301489636
47301516689
47386471264
47395099995
47404764827
47408683521
47409748993
47491268284
48447151258
48835678364
49583027084
49701105099
49701347343
49969205215
49969395913
49970592745
49992205489
49995425009
49996668529
50082006065
50095522793
50102035433
50126404613
50128859009
50129449489
50129845515
50266359107
50266487363
50279741786
50280044826
50329118490
50548597946
50861417530
50861426915
50863623443
51021322839
51021333279
51021355591
51022009831
51029696551
51105252391
51105298463
51106970719
51333616234
51471784554
51486016851
51486035970
51552223234
51565868802
51566284930
51567890052
51859707858
52031173614
52060613366
52080260854
52080268022
52362426795
52375382187
52376035047
52376064871
52409109895
52409145625
52409155353
52409639953
52417004009
52516615657
52519285609
52693414761
52733895417
52788711161
52903894777
52904654409
52904664144
52907614544
52907974570
52908056001
52912390529
52912418153
53095544912
53354051664
53423124560
53955402832
54007053864
54224792264
54235972004
54238389780
54308725668
54309239212
54320396068
54326637332
54553453386
54553587042
54553756188
54773813788
54773908044
54864897859
54865317219
54884550499
54885753507
54931434147
54931967843
54937425462
55057332790
55058143361
55148923547
55303480751
55304595999
56343355549
56343672549
56368493729
56379083289
56379171241
56382737339
56457745801
56459604681
56958865759
57256603967
57734000959
57735474861
57747843933
57755438493
57773240989
57800075037
57800265375
58015357665
58032703577
58178752137
58180402464
58181954848
58182308320
58425291232
58552695552
58890337986
59415908034
59415937410
59813028226
59823140738
59838183218
59838218098
59932689047
59985261207
60461689457
60463138545
60472898545
60595614057
60851145279
61098743163
61212420443
61694113915
61789026427
61926747771
61940327275
61944928822
62008552710
62058286342
62058364018
62058725938
62059261586
62121624206
62706032270
62740193950
62839880409
62853542873
63223608090
63249246477
63250768525
63250773184
63253091776
63256719538
63256727674
63257275514
63417691002
63417698250
63512415446
63513277046
63516930062
64344936965
64345506309
64345618757
64353845061
64552075077
64639738909
64647946013
64647992765
64652957117
64653036723
64653051544
64657133963
64658776459
64669489547
64669573665
64676862753
64676864037
64677912229
64879731333
64900435709
64900494209
64907529089
64931967615
64943488355
64954239683
64955809283
65102271531
65103161467
65114804011
65116696107
65120161323
65151593679
65152266831
65260382223
65326450191
65327645359
65330588207
65332126263
65571911831
65745262039
65747254851
65867025713
65878718513
66195167281
66197813641
66198811247
66441374947
66506443891
66577609203
66590489543
66634289095
67172668607
67384406556
67384444349
67453414957
67492181549
67493552409
67510497561
67510574361
67511057469
67607810083
67647858550
67647871140
67650133156
67686863012
67736157348
67817233012
67892031648
67892293084
68120641685
68131809429
68149865085
68149900883
68268188923
68343825347
68389401539
68389919291
68390094435
68408539107
68437087605
68445868737
68445946099
68445946191
68739803055
68849196052
68918383524
68929875844
69043149205
69133122709
70106394645
70167683093
70224530453
70224561227
70226022187
70309154603
70454607979
70455150539
70527589323
70613452235
71023864379
71024964539
71033666491
71180507843
71196185571
71244167683
71244352605
71244412015
71244528063
71344633333
71520691189
71520702425
71521230809
71521883780
71525146252
71530383244
71533800332
71539404396
71661199404
71665610460
71678751682
71681773540
71846616782
71846676825
71846797721
71854204537
71854372512
72225955744
72228103317
72309492085
72311100789
72318916401
72396840339
72401903411
72621932533
72751128565
72910595915
72911585387
72915843733
72945868749
72947243965
73101002927
73178867087
73187018127
73188065807
73220812668
73230402588
73244654308
73264077686
73265720182
73303113398
73305202934
73309290358
73310553334
73328823071
73328947391
73341710527
73360940015
73427346415
73428702511
73429342543
73429686991
73446366799
73455952463
73460276559
73476494947
73478467171
73481521251
73485328483
73500650419
73644680984
73649346493
73821014395
73821016675
73821146723
73966438635
74045169940
74250092820
74251935508
74255363956
74257306630
74270086618
74270470444
74270484996
74271665476
74591842503
74698054299
74700824927
74700932015
74849800495
74856568723
74925296076
74930156620
74972126236
75016518684
75040593212
75157508796
75249603424
75310415219
75311559724
75566003244
75581082314
75581499082
76228170994
76228547928
76331763032
76405342296
76489912348
76490697756
76490787802
76491264218
76512570074
76531031827
76531049601
76636646069
76712798037
76714831189
76717078357
77232504057
77232716745
77258739769
77258878393
77258931385
77260947321
77319968505
77404986081
77407927019
77410775787
77618018575
78016739079
78546325319
78586303647
78586381727
78589854815
78590829151
78593518943
78783637831
79043346155
79087741675
79096687973
79260914333
79847036389
79859416833
80325584511
80333715071
80334428221
80338462541
80338483925
80427731925
80429350613
80523501269
80523578585
80526156262
80548728542
80549693630
80550615678
80561732837
80561823349
80678176757
80678242561
80679810897
80679940769
80713528257
80725204929
80726077405
80795244643
80796060731
80879379131
80880067803
80907473115
81006641371
81023309147
81062571645
81062661317
81083752666
81083853564
81083896924
81188727644
81296948788
81298476992
81319686352
81547480159
81551507623
81551527591
81624696381
81685568381
81753554706
81753888506
81754103444
81777151292
81845895484
81885805612
81885837052
81885857549
82001317693
82195925501
82196510397
82228970077
82244821597
82244900073
82509873699
82519050333
82519113045
82521605389
82601443085
82700853309
82700912043
82705946039
82707276919
82726820215
82732986721
82834284897
82845805463
82861912983
83107627688
83140298919
83323918103
83340142359
83929147159
84080942871
84151339003
84161029771
84165293707
84292182865
84749987390
84886112498
85160544501
85246458165
85249281865
85271126857
85331906377
85332375049
85454522313
85667399881
85738159939
85848104771
86006822723
86058901505
86059918937
86107613721
86107777735
86126923345
86172231249
86216679855
86232221304
86278848536
86289132056
86293126520
86294365688
86340795896
86452266488
86564981688
86565159382
86565488518
86939505174
86971226568
86976463992
86983213912
87070662933
87077604663
87077647511
87281851479
87400905361
87401204966
87405596675
87777538051
87995718545
88057143697
88061443849
88150387541
88151949397
88317568905
88322344201
88634357001
88636438075
88681834275
88682176323
88755068099
88755303979
88755399907
88755419971
88949189723
89067654683
89067696855
89072287099
89074139019
89075670627
89085228311
89324462719
89348104831
89584232575
89590167487
89599890959
90123064847
90161309157
90214934609
90215947797
90216724437
90745722069
90747206485
90764925507
90766134083
90787516695
90864369943
90919047979
90923952939
91041663787
91042107683
91042232259
91096001475
91124721411
91401078531
91569651907
91593187523
91686281411
91687949891
91688325475
91689325923
91689343884
91723935116
92389293452
92390083708
92390958428
92458974140
92459280796
92474309540
92474744992
92491174624
92519115812
92519331729
92519445009
92603060128
92603061674
92617771050
92629150250
92631552490
92665803242
92666886994
92667954066
92678199020
92678624996
92753540016
92991785506
93121308066
93121757570
93126423170
93131900994
93133629506
93152913118
93158456350
93161555022
93689745166
93957808090
93976399322
94163208666
94587002844
94622114268
94699845252
94699907660
94722601724
94753450748
94769430780
94770038252
94770154668
94770161460
95104415378
95107097504
95220015008
95220023361
95294130001
95294139039
95296399151
95296417327
95296591935
95413172470
95413242846
95698558622
95820502158
96001713710
96001758692
96012896578
96013792834
96067500533
96067511263
96078574815
96078847823
96104260431
96139741007
96267342727
96768839651
96942713351
96951526023
96951740479
97029717487
97032216051
97725593489
97767313741
97799940429
97799943067
97895616875
97897675755
97945449731
98077030275
98077291395
98078865347
98212341571
98232448735
98251243231
98252541871
98341183151
98342463791
98342651567
98465948579
98465999887
98466431271
98467430461
98580678627
98627936267
98701879307
98877831179
98981749451
99019871200
99541464032
99541843168
100573361380
100589324012
100735409828
100852639524
100855702052
100876893124
101245565892
101990681840
102074609264
102313698212
102332112044
102390071756
102538444396
103657251201
103738745576
103739269096
103744122856
103746447710
103747660254
104024762918
104062129198
104069375022
104104862126
104121476526
104131530026
104164991372
104166478476
104247347084
104250298228
104428892599
104429727719
104431392487
104431892439
104455553367
104477239639
104504917127
104505086195
104846589437
104846616445
104848937341
105074336125
105197114589
105205785293
105413274317
105515764246
105515787812
105525189604
105582157072
106014207256
106016536344
106016686536
106016729008
106029506720
106148775537
106151544657
106274661721
106277755285
106277877893
106277878428
106277887204
106306201828
106311748668
106345486620
106376243484
106376561212
106413224700
106413285264
106416482464
106420368949
106425930293
106558534540
106566904460
106799927948
106800500964
107300499684
107334354840
107372841976
107373105208
107373467708
107377206844
107464350980
107508712048
107526721308
107929880186
107932580218
107938360922
108165894746
108188456986
108260949916
108286687132
108485781404
108616386460
108625240476
108625353584
108688010509
108937385677
108966572749
108966610189
108967159357
108969100573
109003401853
109003429005
109003520877
109028785245
109095648349
109095856669
109095882435
109196136131
109230609343
109307503727
109307794007
109308019991
109335195383
109424521254
109424885542
109424999006
109425338758
109517428102
109912071244
109917847856
109921673520
109971577648
109972069042
110051621554
110051909242
110069445332
110070222951
110079525975
110121288281
110317235417
110431760141
110469862669
110539325981
110539453000
110596395592
110618070816
110618317188
110633549172
110650542572
110790796522
110790805420
110890960812
110891257968
110908690032
111041083930
111124168011
111124368843
111793151627
111793186931
111793370995
111796584771
111799647091
112076746675
112223901619
112278776755
112773895865
112782485689
112782489263
112817056431
112822684783
112906712806
113055445134
113056074064
113063232560
113063788312
113066019992
113087699224
113087992322
113124588034
113158227056
113172751688
113202033960
113202318544
113292997840
113397610704
113462686552
113763049048
113858350872
114014589400
114181793078
114267527798
114620237442
114687526786
114689100418
115091789054
115092084798
115092087273
115092097521
115093398689
115093423601
115093425327
115093471223
115095496439
115096421103
115378516719
115412789999
115422005999
115484286527
115601187727
115605793807
115913660047
115973238415
116135358095
116256904015
116256965463
116464286887
116469680511
116470379151
116587826716
116588505788
116770458150
116807113254
116813293734
116813398822
116907839734
116907902011
117018770515
117074746451
117096133587
117097532749
117157785933
117161219917
117161684517
117162052965
117177066725
117177360919
117178144151
117179364247
117456129836
117485979996
117486354676
117589396532
117591255572
117858617698
117859000935
117867524711
118400840463
118400976959
118400994687
118600740223
118604323199
119244648639
119245380327
119269667387
119916027451
120149292195
120149807802
120167084730
120193313466
120293930089
120483991074
120609070970
120618566040
120650312404
120746427535
120746578175
120890429695
120890457095
120898059719
120924900807
120926464951
120926543965
120930095453
120937461501
120947247869
121109969661
121110764287
121111265407
121111336727
121394982359
121408128343
121418102103
121418459479
121449982295
121678644823
121690176087
121719937475
121923153475
121923336683
121926282207
121926311620
121933826756
121963380420
121963516026
122005064332
122009796188
122597339361
122597342791
122605140083
122610554739
122634011319
122635546275
122635618247
122635636299
122636303723
122646901571
122670771907
122756495577
122774031457
122788167799
122793521015
123477147294
123539068368
123539233435
123710372079
123714123623
123811052628
124759557944
124865478280
124953223304
124960469581
124961546675
125086492318
125086638974
125094145138
125094147122
125095329202
125095991018
125102782360
125138446702
125145212190
125145432758
125171618742
125209807798
125218409594
125299006586
125302207082
125304221666
125662814754
125748661594
125757209434
125932539946
125937717546
126032806108
126857248316
126875801788
126923520188
126923645404
126924394588
126924408393
126946777289
126957844681
126957998897
127121567057
127182151416
127220860152
127220912754
127221008098
127271707874
127370681570
127434663138
127438624994
127461693282
127471900514
127471908582
127490652094
127491099790
127815382022
127889011206
127889199928
127890083128
127890423568
127959080720
127961682958
127963674126
128067193166
128075350350
128099003614
129063833506
129154367394
129319172578
129432607614
129440222078
129444459518
129761400350
130167037763
130167994179
130168311915
130253535281
130306444361
130409513105
130427994165
130432263221
130464478261
130472156024
130590900912
130652839763
130666704723
130666772379
130679532443
130829036443
131212583067
131212589017
131212794061
131217371341
131219150221
131221392365
131221424293
132114099581
132115510013
132776653053
133294692093
133332166741
133510014161
134007508785
134115670673
134115984545
134119102157
134119127117
134119134257
134120253093
134123227493
134276121309
134278759413
134342188405
135035120554
135097346286
135097349669
135197185317
135197608847
135200530367
135495146314
135495212042
135621067162
135622629786
135778723290
136226961882
136301672922
136306313142
136306391732
136385520308
136460869480
136460980864
136901346364
137117280316
137782788338
137787753731
137796580611
137796608232
137796745896
137796929364
137820407839
137820636411
137831028219
137878164283
137879829587
137898291513
137956067565
138361002989
138361439581
138617422357
138648183061
138648590101
138691981397
138692136365
138692158125
139101801805
139110121685
139110500309
139129634613
139129855825
139199565993
139207966697
139281517723
139281680699
139551589443
139633614059
139644331933
139790342045
139930752579
140007856803
140018043235
140071392931
140110085552
140480962750
140482482971
140557038363
140569844507
140670243279
140890495152
140890555723
140893028715
140893390927
140893406462
140899861534
140919955486
140920004140
141317119532
141318105196
141323235596
141326682508
141618042668
141651343876
141656492084
141688987700
142040212246
142049568534
142049921354
142383254058
142437691818
142437812026
142466322362
142481314102
142706456806
142990237082
143064543386
143136063834
143158054746
143158071748
143158333396
143227376596
143336215508
143376940468
143567137372
143567226260
143572191124
143601648628
143647205364
144105777140
144105782810
144106249754
144117334554
144117982018
144119540066
144128803938
144129044552
144129130800
144249316656
144249393748
144249396280
144251101976
144251318480
144256385613
144358187597
144369618477
144373167405
144377288941
144387097797
144539322565
144541573386
144737461092
144846436196
145047204036
145124274372
145198449605
145198499529
145211861638
145236382553
145241095257
145241124181
145241144321
145387037697
145448619083
145530366063
145819142591
145823071819
145830968017
145830970001
145960551057
145973175353
146066805777
146262733313
146263003477
146263050110
146506686078
146554408574
146554696942
146562566126
146581293454
146584802966
146895963806
147077241702
147077650750
147240747422
147241310894
147241708310
147294782458
147336234847
147372274911
147393451545
147393560379
147396293371
147396381689
148123724793
148163322447
148164742847
148221914815
148229627388
148229672220
148234514492
148481164920
148504243832
148526807592
148529670440
148970674472
148970976168
148970977080
149005919448
149013122776
149032834182
149044754310
149116050736
149270187662
149302009022
149304352222
149308850654
149308879582
149312191358
149427936126
149454048126
149475829470
149476024584
149476058696
149476092262
149518869414
149923878898
149923953330
149925159986
150136436466
150149659914
150149703994
150156054074
150156059194
150602360723
150603416851
150917726986
150919042810
150934806042
150939198602
150964301105
150964623345
150979836729
151105601145
151137375773
151137431925
151138616261
151154121029
151155021381
151179101955
151183537923
151241700484
151242348228
151265965336
151305744216
151321888600
151716768698
151883782008
152159630412
152159795336
152196488328
152262153352
152359736456
152366276056
152370030040
152412824266
152416428650
152827530554
152873026234
152969593466
153076453540
153223839140
153341517069
153389425357
153392208525
153394998669
154133265805
154144747801
154302269519
154497480783
154498997323
154500911947
154501540545
154523907265
154524026497
154616449682
154639335314
154659919190
154659953166
154673953294
154756807182
154757373555
154757376725
154831560472
154835356568
154893561252
155359908964
155360847804
155365476450
155366461282
155382085261
155562611891
155562697315
155580118627
155639274827
155667834187
155668417171
155702657437
155702826557
155724610622
155756435182
155756642798
155756657038
155761747148
156242026956
156253933776
156350436254
156437257758
156437602222
156438995420
157268087260
157396471665
157397333425
157402746289
157403436745
157471526537
157473143933
157486675515
157486684627
157491955155
157615767688
157624758812
157625008060
157631609574
157935196510
158048798338
158329531578
158329553094
158339594868
158340838461
158341693053
158342384637
158349023585
158376534881
158543024609
159391614313
159471799897
159577970265
159578138809
159619433809
159619593532
159631430076
159631442027
159972215009
159972290337
160365574333
160388879485
160388952893
160540151009
160570650982
160571026150
160572473502
160572913438
160770754334
160960104880
160972529312
161141544622
161153949726
161744047904
161805966368
161806107252
161811110644
162137859002
162138810986
162148940906
162154445802
162270268580
162368568405
162368606536
162456686084
162474172420
162500736516
162532370692
162691718457
162757492025
162793154233
163259550153
163627289033
163627395694
163665862510
163797843130
163798447126
163798512929
163907810593
163912954509
164018333325
164142215133
164160256605
164339726495
164339777951
164340901775
164452468079
164512680855
164512692823
164519839927
164536283135
164823000289
164831620577
164847089057
165657900397
165695624051
165704133235
165706448499
165710462579
165710589299
165710615591
166430508199
166430519647
166495552115
166496499503
166497312377
167020576920
167022710936
167024459460
167048621444
167624847676
167649099324
167673149116
167679252348
167798282108
168450931004
168451140252
168547419066
168548578590
168788532293
168792820773
168837955421
169546460531
169550902011
169551434819
169551552009
169555809831
169621142591
169703078975
169703123595
169705425291
169705625300
170061518548
170092676212
170124068240
170209412496
170230930892
170235889516
170363981984
170364315079
170366054215
170368751047
170702931399
171466246715
171466316099
171466836195
171469537635
171469560999
171689384999
171691744295
171697066535
171708866087
171710083767
171710561239
171711426089
171899643094
171925810758
171967530191
172014524667
172088402619
172436523037
172458473933
172506354348
172525064764
172834488404
173279727828
173339052244
173527746772
173528150332
173648652092
173648689295
173687536335
174267409682
174427292946
174449120530
174462169666
175012263898
175038579612
175121757076
175992552836
176050511364
176065237700
176112400068
176641083460
176749199428
176783990852
176790365668
176830395908
176920978084
176921830180
176921859172
176951217412
176963558516
177249819736
177254204248
177279418717
177313724637
177358312669
177388518301
177388558277
177530866745
177664870561
177794903092
177795303412
177813880820
177825220940
177834939724
177840768766
177845510104
177900806872
177901638456
177912038392
177926292472
178038696704
178060543069
178060926287
178090174949
178119636965
178586366427
178587714651
178888377435
178986136667
178986173708
179014401804
179030204172
179329667532
179494994380
179495013126
179734004990
179944703230
179984331542
180018783280
180018795018
180018937690
180019158170
180054891722
180148481226
180152593098
180283136714
180461083178
180601734734
180602406462
180606814078
180607083670
180608060990
180866601028
180912132132
180914015012
181560924274
181564744493
181765165809
182085241097
182087293945
182090009849
182213810121
182213853917
182215304125
182234456509
182916769613
182916803933
182925382797
182927352237
182961066626
182961658434
183350312129
183350957393
183443984945
183451640369
183452094842
183452385482
183493939545
183997543985
184006116743
184351395063
184392075503
184393060591
184393320719
184402547407
184402962831
184596810127
184596831017
184762222217
184770465353
184784108361
185015466825
185017364297
185018300739
185018474195
185049872117
185052532144
185060377648
185234847586
185257938978
185258169722
185295864542
185392695514
185393181722
185633375106
185635760098
185659158834
185670569266
186374667879
186374752039
186666645799
186682540315
186922087497
187331153705
187332096825
187332121978
187333027578
187367006622
187367018771
187367083755
187437765995
187467892075
187467957509
187474445992
187478466579
187567444965
187567763845
187568156909
187830204012
187902222956
187921813536
188238801456
188242118384
188280319488
188285354217
188285422517
188285597877
188312383669
188342780335
188343008111
188396748063
188494342414
188497194094
188519511150
188672838740
188691864464
188714058896
188828163944
188888377992
189397689966
189397755966
189421889142
189506661782
189529222550
189594426724
189594784676
189596519428
189825364216
190078764152
190078851100
190261573980
190277886684
190469659248
190473734000
190481837056
190537163072
190538190624
190539602976
190540320096
190595988372
190598199148
190600104540
190626173656
190630544282
190687286170
192077673434
192082565146
192082777170
192082956066
192147306402
192147986196
192464526979
192557616304
192677299376
192677341984
192727374876
192730086812
192794158940
192799281204
192816952628
192821125688
192821417512
192821774764
193508074172
193511617800
193511925984
193512151976
193539134888
193544619900
193545744252
193552075644
193561860176
193575880784
194132161460
194132210772
194362897492
194816042364
194848695626
194849980714
194850361846
195042310850
195050459586
195068792690
195134880822
195258741302
195264769334
195268558646
195289112374
195392765750
195978274984
196063828136
196227101886
196386430334
196833238030
196962781131
197173465552
197434775856
197436415280
197439602790
197439829058
197980708232
198046163592
198046821536
198051025056
198066739360
198145055808
198194375008
198194405823
198194499327
198194843519
198258026969
198290788825
198290921401
198450736400
198457569552
198457598800
198457678496
198490061472
198509960790
198516729430
198518755670
198562626958
198617892238
198618274238
198621040698
198626980874
198859926510
198863361518
198863394046
199219119358
199347988823
200036531791
200036606771
200045377587
200491465739
200540517003
200540833515
204433765238

