2206387440
2211086022
12669389735
36011450774
36174419453
43094610702
43235564610
43280204682
48754309873
141802358513
152848860521
176403504189
176454968349
221656852492
222144597232
246692621050
246693625369
246695226739
246695427370
247195572400
275503374028
275738441536
308088849529
308089151407
308158905124
308773118965
308863831351
384774142567
389067477259
389189815852
469739265340
481380675088
481380765866
508652307980
512792233370
512825017958
516106529567
516107008310
516158011337
563762900637
566993454536
640446740399
648037843643
648044987276
648045081935
648051213914
648051951026
661419101009
755347710425
816372925178
816387232370
816391319063
816531298025
816544151591
816731514068
816784238264
817834271042
817844539007
817844542330
817844904157
819127966270
819151646620
820648059678
820648103783
823160883677
823529769422
823545910019
857407873672
857430305002
881265821437
909153719353
910697723067
910920600237
910923661146
912714620928
913570438470
931117864705
931117954117
932088719677
940940118035
944344986164
944418121631
944467854011
944499432104
948133894085
948157545266
1056121910180
1059739626344
1060738125251
1060740616544
1061238812957
1084010167376
1089768340043
1151682791750
1151683080506
1156615561574
1163215220162
1163215453253
1164829719862
1164909613159
1164921525991
1165032272080
1165033754380
1165033826131
1165103471335
1167449335744
1185829754170
1185830314555
1245492568309
1256856078226
1276705202260
1281070517683
1281484313534
1282072149128
1282454609501
1317677444309
1317678179330
1321740495695
1321741144127
1321741308326
1321768236128
1325726502215
1394124832202
1399184980292
1422547126652
1550986287302
1557559437151
1557562304551
1582908484864
1582911129790
1613273882428
1613274167413
1613404528894
1613406716883
1730670767856
1731705571314
1751219356158
1751303052729
1751303064108
1871421488607
1873973822583
1874231898195
1874263690803
1874334624690
1878123698547
1878510764742
1878589837023
1878621934893
1967510336097
1967515459851
1982740181619
1982927298084
1982927775093
1982928884631
1982941351680
1982941380108
1982944505331
1990657840005
1990658380869
1990817162356
2001194265478
2024089806640
2024147887339
2024276176038
2024672276730
2024731513812
2038059615184
2039792358691
2039900402323
2039938023097
2039942285074
2042316450552
2046239955525
2048131356339
2048142337649
2054055506783
2054060630195
2171239124612
2171258039975
2171258794004
2171261123672
2171264819549
2198636933198
2233197080114
2263457082739
2264390111614
2264390155222
2346687433702
2349786974761
2362420390213
2374002363408
2374003661595
2374055867472
2376698618103
2386057354148
2422970288102
2422983544832
2423414549654
2423415688514
2423420199566
2423420206271
2508091028828
2508091033139
2510025576794
2522459063996
2522888537632
2535557559631
2535589211353
2566279397662
2567650838497
2567666451625
2567766415021
2567914453780
2581495418734
2591837732000
2594366507299
2598619810657
2626587424723
2628296361832
2628432945440
2634111392525
2634147976400
2647424837870
2650046814323
2651577975359
2651578409438
2748462246890
2748751192121
2748756970054
2748772532746
2760790539520
2760810468922
2781881159275
2801280291049
2802378779596
2802381924097
2804723328439
2807930479915
2808194184041
2808249125816
2829024109775
2831740881765
2831743206546
2831752365090
2831827278588
2831868206106
2867832944340
2867835614955
2867835636204
2867984338191
2867987900328
2868072732540
2870633482929
2879282429325
2881448903874
2892286506899
2894594162120
2894610948499
2895110564599
2896134269662
2896137072781
2970915101440
2971007739988
2971018111642
2975600950703
2975819913494
2979338989193
2979458817191
2979858460823
2979859635242
2980800399603
3066361692015
3072038911109
3072051460982
3072081811079
3089262238688
3089263817523
3089264219607
3089295141867
3116534110848
3116535927111
3116539274331
3143722481481
3143723624823
3154726202313
3246269223936
3248553366654
3248554134885
3256374749685
3269063823165
3269063848544
3307842219140
3353506801055
3353605533170
3353649830855
3353652654029
3360578791918
3366644474555
3366657232529
3367574919427
3367577638597
3530084790127
3546388939956
3548005052037
3548130058770
3630407299494
3677374444002
3678433195731
3707258132611
3707261858530
3756328065937
3756330398953
3758682785947
3768895023838
3770195826976
3803008804981
3812990706007
3824732894902
3852098416690
3853467425257
3857930198611
3860248240669
3947817378316
3948111442336
4076984296358
4076984398113
4195332164600
4195332413027
4208064719867
4208066061227
4208521427432
4209068823947
4225480083784
4225487110615
4225544516206
4225548385144
4226163833908
4229241822082
4250598605361
4334682732673
4334683961173
4336334583349
4372764863899
4389384913537
4393888950906
4394334763863
4396902450579
4396904230068
4399256597886
4399412362587
4399412450067
4399516195415
4402332669452
4405010849628
4414806399543
4415021026701
4415145604327
4417339235311
4417339305936
4441481678893
4442005078051
4442005177750
4444938791119
4447230809771
4447738686791
4447739971613
4514233234169
4514653795889
4514663262278
4515163450760
4523976453856
4544519673127
4596519023956
4596787566840
4602299071957
4602309228385
4602316940476
4602317381845
4700794982159
4701171773828
4701179853578
4701271477943
4701273107177
4702135125300
4702135750053
4728915593484
4737690215835
4738517982144
4738518036578
4741367999384
4741373061560
4745686492217
4745700683660
4757188299194
4795540216142
4812682751825
4816478413770
4844550242760
4849482672189
4849701778971
4849772283477
4850824538230
4851383181500
4851383390345
4851901991468
4884797883566
4888508025413
4889444515535
4890283731182
4891101457421
4891101967307
4899602835794
4902260453408
4903095347219
4915017694613
4915111027997
5018967142112
5042376736517
5042729426150
5062794138569
5120006015140
5120176786414
5127902275219
5127903030655
5127903230998
5140555212004
5142151749760
5142151781868
5205289175391
5207684456523
5218610352042
5219732103058
5272318808715
5287980374985
5288035292553
5288517804840
5288544338253
5288559502911
5288644236039
5288645976162
5288648241636
5298124087728
5309767428597
5312724353671
5397479402491
5397481036666
5400220531699
5400759596149
5411749535892
5411940854652
5470239324114
5470239336264
5489261322075
5489261602726
5489325339196
5499950734354
5500400746783
5595869549416
5598344343307
5602331678064
5616133915491
5623068157659
5623068265170
5623075334769
5623116314046
5623138275819
5623220257529
5626874767113
5647251943503
5666682521178
5666682835935
5675587129890
5682609683257
5702273000257
5702276241391
5702305958347
5702305983116
5702924968247
5713095922301
5713118957972
5713846031171
5717413691659
5717509528186
5717845352242
5717945189795
5760324267566
5760682780289
5786675969666
5874484732115
5874941365808
5874957735503
5917020405242
5917020643625
5920362622302
5920477295460
5920675011924
6023230235677
6034204783055
6034204963757
6034622631485
6034623406952
6042774117569
6042778056237
6045248859108
6045259361325
6049166692704
6049180263039
6049182989856
6049250226984
6051115297893
6052345075623
6064031194212
6064041311336
6080802077945
6081074166665
6083671356011
6083760360269
6083760481436
6083760528128
6083778157265
6083858915885
6124617783380
6124666614716
6143751251516
6282243713234
6506239480763
6506389520963
6507132251921
6521732530514
6686956082378
6706607364557
6706617245423
6767608556816
6787454710175
6822897899220
6934056680613
6992345129493
7049250022448
7049272280573
7049272303586
7052836688597
7058866078232
7064182194326
7078168130660
7078184085068
7079258170101
7079258190255
7136038788468
7225889378181
7291659968130
7292979339303
7302871079610
7320525092451
7320525340272
7320525773784
7323054547209
7403165500749
7403165756142
7403178943023
7406945247246
7409997673764
7410001396893
7412616851586
7412985361208
7429561619342
7429695915694
7434173863834
7438713915994
7443505033756
7443505640158
7443532094110
7445961956860
7453024276309
7453069045357
7521510166683
7587252656474
7587252658715
7593459358154
7593534293045
7600145958503
7607280427487
7613788985414
7613789028893
7613789161544
7613923804199
7613926485785
7647888595922
7651067966138
7651556519183
7651621663352
7651621721537
7651623499232
7652344159472
7652980578578
7654448731361
7782029945347
7782948217171
7782951001303
7877831524993
7893293905540
7899951126466
7899951148570
7903511260570
7911669132201
7977319125222
8029231876425
8034023507577
8043541615887
8044138424130
8044998080109
8050852079871
8050868672640
8051735259458
8051899196096
8052442532189
8052456612095
8052456810197
8052479227190
8052991188581
8052991242558
8053037731617
8053038212460
8059538505471
8059550680473
8060313768513
8152379723082
8154940224333
8154943192203
8159345583837
8186075314350
8192406071121
8196036247401
8196132449157
8196324686457
8197877084667
8202672416814
8256200550162
8294375996165
8347622557115
8359286269889
8359287272669
8367082980698
8389140970844
8389151893318
8394312778664
8396978365544
8428017301822
8496006010696
8519623271695
8520131640790
8520131834569
8521148461519
8522557429708
8522557647589
8522628387427
8522633082430
8522953724464
8524346329519
8524346332243
8524884977221
8528609965288
8592148348720
8618452107640
8633944014514
8643320995216
8643725579281
8653639869202
8669735701687
8669736615124
8669772987121
8686619155063
8778844599271
8863198280939
8864884271801
8864908257602
8864908274306
8864908284517
8901814357753
8937705237442
8950788320917
8950788471307
8950788924115
8953273808509
8975384531599
8977837064521
8977886573827
9018618627001
9019944572296
9019962354685
9019962356275
9020959896061
9024745452058
9024817654912
9024843783244
9024849609169
9046134884101
9046333573831
9046335972610
9046337883481
9093365215669
9093855158344
9094715982258
9102447335769
9102651297390
9117977524389
9199850689866
9200092063632
9200113081134
9200121110097
9200399005020
9200399338794
9203449260468
9210403549448
9210418719209
9211089841955
9211171765625
9211656358628
9295305542591
9295305567656
9295357791758
9295361662262
9372945096905
9412043211275
9427580943773
9435467465438
9445350684272
9449183788619
9449183832593
9450943706282
9452411026025
9612317263487
9612318731801
9669090786863
9708763277686
9708763350820
9776507972656
9776509677706
9789480169921
9793037104534
9793037179192
9793038579358
9798813217264
9799297045266
9823885200012
9865735440825
9899094343773
9910359113211
9911749332078
9911771922735
9911776642038
9911776642898
9916903322519
9916904084459
10043091532261
10046383089112
10046875754602
10073086542820
10073545583185
10077242325256
10084941221329
10085348782549
10085354150014
10195566933667
10195888524020
10334609033792
10343785269227
10432288191821
10433028930019
10433539554919
10473574197364
10489529692546
10489658303455
10489767463213
10489818339682
10489824228362
10499679669245
10499679868505
10503479140214
10503684272138
10504213556513
10504230710186
10509356123583
10509466637067
10629525822840
10645896331404
10647438024773
10647579559151
10647783422543
10647785804996
10647790343426
10763166853640
10763263061957
10795490014583
10944973857161
10949520719477
11025976478942
11031037926240
11031040151715
11031040167108
11033336184918
11105709946062
11110347647961
11110390139184
11110824189124
11110868473687
11118699524608
11118701194882
11118701332771
11119716940147
11121043712128
11121049262491
11175083782045
11194961317375
11229639607534
11229644542702
11230042840717
11296530129598
11296687462378
11296705291985
11297523711125
11297523744759
11298268289664
11298269127681
11298360966372
11317193451387
11317194419337
11321420190858
11328748526052
11425317041655
11429497934982
11429498242602
11442940068159
11442940230603
11444741736861
11447821260309
11447824896408
11447860545966
11451368560527
11451940509141
11451941868909
11474517659736
11485214504184
11485257327686
11508138519941
11597283414626
11597293158403
11597381594122
11635775566906
11657902397791
11658055337374
11658055351873
11658465224365
11658465878008
11658596599336
11666166460831
11667435507595
11667435689845
11676241158781
11677898730285
11680055849304
11680079744466
11683813648932
11683816345962
11683839837744
11687792027809
11687807587585
11688493205524
11688493222459
11725291791622
11740951310455
11741306647204
11746221918769
11746573653223
11768816727717
11818863589569
11818865210793
11880114317484
11880149156394
11880149512749
11989112223858
11989112287965
11989212892152
11989217032143
11989217099799
11989821933603
11990249418231
11990599977285
12104120845261
12110792004420
12111507659838
12111535099398
12111640093407
12182734019838
12194154864075
12200541761379
12225719217045
12225720518553
12225720852111
12225742072329
12225843918732
12225848991420
12226176536601
12226176669414
12226867376502
12226900437381
12359290793749
12359634666946
12359634695557
12360476471059
12360913704145
12410720886106
12421173436129
12421173441134
12421173713249
12421243444880
12423163009772
12434961579527
12434963986928
12468925960229
12480228115976
12523265317415
12526187847542
12526330962104
12543061453055
12543061769378
12581053524647
12705701865938
12747554337570
12748006337982
12748025932404
12748048044495
12748975666107
12752383427880
12790226278608
12790226342733
12790227443928
12825476862576
12882538800141
12912232524762
12912252572748
12971276531760
12972803219877
12972812531880
13018776231684
13028557753317
13028557778067
13032388027416
13149320459205
13239819611382
13247450920191
13247921029692
13338612499224
13338799289922
13338800285574
13338803852436
13342235423511
13342238176944
13342238399046
13351516584822
13352502456910
13380741471508
13436169173485
13499329873453
13499828695024
13499845149580
13500116578150
13500328236010
13507223682985
13507232217289
13561353234880
13561353278971
13574047578517
13574487670714
13574537980462
13615300036603
13629051542215
13630486810170
13664054646756
13678579182546
13678584432075
13679011798521
13686723689238
13812100813944
13812100941519
13812143931222
13834795540965
13835002094367
13835885443323
13835947803839
13858276656902
13975696951529
13977460288076
13977466710323
13977484811393
13977485096456
13977486559640
13977486883343
13981082461760
13981227274487
13981431334709
13981433619962
13985716148687
13985723357348
13987544664704
13990566674426
14016783721838
14019580085234
14021215161994
14022992346073
14041966661262
14041966678774
14047742379562
14047778531968
14055677506492
14057016034734
14057018910288
14057020928511
14092282570302
14137579996974
14139508231065
14142997690167
14241332461932
14282708962911
14381254067541
14381536400371
14394747878200
14396621692717
14432944090744
14432944112992
14435142802507
14435142878935
14436472046275
14436518143699
14446621984393
14446625421178
14447698706479
14447951379299
14447975179313
14457751304375
14457753481574
14466574065188
14466669438068
14489330325869
14489388735249
14498004298089
14539552998042
14539860472130
14566263938873
14566950088253
14571935872343
14696763454930
14696765700979
14696766929159
14707480779719
14707480798196
14707480863437
14709756080456
14709801074036
14709811040324
14709811041527
14709813736235
14709884265005
14719899751361
14739817016807
14741838530903
14744849454398
14775073035509
14786954294474
14787005334982
14787055290436
14787055306286
14787055681586
14787057621644
14789442669803
14789597082938
14789597187134
14789598111695
14789605015811
14795218533296
14819215218037
14910082877888
14914921116752
14915030416586
14915030605883
14915481879860
14916030759998
14934901167026
14935169780515
15038898029533
15179133259792
15180297655218
15180368264241
15184415718897
15184543725377
15184695624593
15188174437379
15384634385741
15422395925996
15424236260414
15437176465877
15437273236601
15437273734616
15453749842961
15481578940460
15488990416646
15654085932709
15654101269762
15654109608793
15654195813772
15674724506087
15675012762680
15682920713846
15686361971468
15686362020959
15686362033829
15689123578412
15689124038951
15689186085995
15700412694933
15704925362883
15705190177965
15721262149071
15721262708862
15741666913905
15742114091982
15742365404526
15745443520173
15745567930607
15745908052847
15746873917340
15786808870655
15796445254112
15878976978530
15878983806245
15878984036171
15880589716262
15904838404220
15904899753305
15905107156520
15914084929382
15919941098756
15920066085806
15926418638735
15926419723487
15926460106442
15926460180800
15938080065932
16028900293966
16049344968001
16049364303268
16049410188150
16053546204282
16053573124326
16055813808624
16117511633649
16117528237407
16117717526874
16120747734993
16120747934964
16129292533236
16131427760838
16131428107842
16132353266298
16132353379474
16132361334139
16136132255665
16169283984442
16219269921170
16219344618155
16237356087647
16238282094065
16238285569937
16238285751976
16238292249958
16244775166768
16244776845403
16250443659835
16254207393770
16255084579058
16333441569250
16334975877505
16363473934786
16412469909739
16412469937859
16412480501069
16412552129693
16412568113072
16412568240485
16412715174080
16467468746996
16467522868685
16467591516428
16467694579568
16507753560582
16518732387711
16518834255545
16568679104045
16639679165828
16662362980712
16662378148583
16664728581605
16664730245261
16666524390077
16677735767828
16680444227360
16680444285397
16680444644875
16681273161394
16682580388156
16683936956959
16684211456077
16843592796790
16931884940041
17009463904259
17009464068500
17009467766717
17009467894022
17009467926827
17132334428822
17132443610423
17132445311180
17132445316670
17205046283930
17205250488980
17205250567694
17205383250797
17229683390522
17240479883168
17244306158981
17268439718804
17290789180295
17294116243456
17294602689118
17296910232508
17367744164563
17406566992495
17406813758266
17410281563719
17417511792654
17452852002900
17453021039775
17453265289075
17460658963081
17460658979496
17477667437100
17482757370090
17507136642117
17508206964291
17508207009447
17509701532656
17509711013955
17509711211835
17509711211910
17509718430225
17509750520076
17514191681985
17514306073020
17515443604892
17515494953963
17523743825888
17539122864077
17545391465336
17545391570204
17564073521705
17564414107103
17570442525677
17572258853234
17574652640645
17575388148833
17641570147429
17646667788550
17646667962835
17673756617641
17829396263974
17944327026517
17944448296909
17944591028704
17944720855585
17944727545084
17945401609102
17947494626015
17949832287303
17949833084766
17951638357038
17951640404157
17954181715734
18032130705744
18032664803949
18036893125692
18036910348317
18048171355848
18050126205798
18061487705790
18062446956795
18066316497489
18074616674247
18074664796995
18080571066093
18115266197319
18115266229710
18115275135174
18145380736383
18145412471940
18221231397344
18268963497506
18268963803650
18282038375324
18282040646555
18302816495764
18302817068515
18305573564296
18305941879153
18314811207712
18325800975215
18528592496456
18528592573838
18540770721500
18554896561061
18555689352935
18559442920718
18563177829017
18638997393679
18642440327155
18642596524209
18642613519386
18665952636636
18667613094516
18688003954245
18688027940424
18699665216468
18782343119966
18783043949138
18784549049099
18784567340996
18803767647323
18803912137850
18804062471528
18818888463101
18818896345364
18904162333727
18904318772024
18904517944301
18904528829054
18911577083906
18918506011664
18918683871026
18925209698552
18925330451531
19041929921318
19041929965469
19041937235525
19061525017409
19069130469560
19109214134567
19109232153953
19109259736361
19109277840864
19109278928019
19112760929451
19112783351439
19115152939239
19122381170691
19134640937193
19160206969380
19160206972760
19215255952676
19216575820703
19220538052505
19220546397368
19261137381659
19261137718936
19281960341371
19281960355315
19320317286637
19332875821396
19341151203919
19341386651965
19341927439474
19342080131818
19343490605080
19343501601242
19343811894020
19345474891007
19379557659753
19464496562949
19464824402997
19525982139042
19608279464337
19608280930140
19608345968631
19609713719075
19610066064458
19610066301614
19610233562132
19715627409293
19716818309525
19716818338967
19721345642861
19726492920174
19726511748786
19726515991529
19726724532686
19796312740706
19818268162739
19824127083497
19829900712677
19829919469697
19944455686748
19951637650745
19954515584633
19954601422196
19954966345016
19957643213333
19957993518245
19958074402253
19958809716326
19960650593756
19964968831551
19975577205288
19980111006003
19980838017291
19988731304157
20004988593675
20005239394461
20005253171940
20005253176878
20005257855114
20013179490603
20013179502537
20017114691922
20017249743240
20017310579073
20017312045134
20023689185259
20023702445040
20026440962026
20027478876472
20114331367123
20114388220807
20114389345573
20114393898421
20120329740097
20120329951545
20120401039251
20120440956660
20120440981215
20120442880674
20120471860065
20121851873114
20126705716988
20190288912551
20200628628647
20200628653302
20200640509029
20217400818612
20317113654747
20317297231527
20317868828034
20337533008156
20338085174500
20346564803455
20379927747995
20392312024583
20397907566872
20505397348628
20508546665954
20508585226610
20508585646667
20508657269621
20567736446652
20567736452920
20567736482185
20658441942928
20666092488922
20666092628152
20666096018002
20666176638267
20777255026446
20777257145739
20778172641435
20787068432334
20816743608648
20816879184072
20899528782201
20899528833993
20899679277723
20939413880715
20940145523583
20953005110853
20977018339749
20988108199035
20988126050058
21000084146181
21000104104743
21005090924013
21005208306864
21005214944247
21011345650215
21011885214372
21013227102897
21014294237883
21019090170042
21019151611947
21132331007394
21132390994617
21138511963532
21138516280913
21138553540832
21141025654731
21141320416701
21141320547426
21143713364880
21143716058535
21226033997358
21270224772117
21365882496897
21366536014658
21368003234960
21378268549316
21387423230673
21388469815149
21395305480860
21399787187613
21409355552816
21409482515017
21409531826158
21442674847043
21442803480596
21442816202531
21443946828187
21444573344638
21444579250207
21449030516701
21449032521154
21486081399028
21493634405656
21493634415627
21493634929572
21493636702257
21507652940637
21507656305458
21510389781435
21510412574349
21512449772172
21522250543119
21522260870133
21529261401720
21532639382374
21543912702526
21543914558211
21544115206713
21544218555492
21547522858800
21547592809797
21560401503822
21568250533098
21568831535892
21568934502798
21568936279452
21569806779810
21573309271245
21573309289362
21577194778287
21602483929713
21673455670200
21673459444233
21694284491259
21694284710373
21706196616624
21707239284183
21707437629774
21708052362669
21728982525258
21745265687229
21745267258551
21745268392236
21756413857533
21760275282432
21760412055750
21777767333547
21777888040638
21850373117706
21850378064897
21882613802648
21882702485333
21895129969841
21896190314673
21971081116392
21971168979846
21971171578002
21971172132663
21971194442304
21978862499517
21978862730418
21982315502595
22000648091331
22000665647826
22002491818098
22010341464999
22010730702600
22010832916419
22011019916097
22011020105529
22011024608157
22011025096101
22011082038297
22011082410690
22104998186128
22106109447691
22106114653399
22117721620960
22117730913451
22241619251211
22244944368669
22244958788182
22324483619422
22324483632049
22324485106816
22324612044670
22334676828622
22337850832783
22337871956017
22337994600790
22356823309522
22368000253612
22450000557169
22450000631047
22450001051329
22450001112514
22468294388872
22519391734662
22524744395553
22526694868576
22526696518870
22526697296227
22526715938205
22526716036818
22527441226469
22528146830626
22530186093706
22548653353528
22548653441539
22548700424248
22549099935256
22562018347702
22564775443927
22566128902168
22566134249383
22608809084200
22608809089438
22608812177913
22609130840580
22611659980752
22611704100084
22731793047198
22732453629154
22744231424596
22747417197031
22760595162361
22789574794639
22789574919433
22798538516451
22798539310575
22798539317808
22875559715732
22875562963427
22875715782239
22875716224301
22973206045298
23016358836710
23016374384822
23016374389214
23025682932623
23025698433550
23043228750268
23047198577083
23054702943178
23055397940482
23063986558483
23063994707245
23074818566092
23078894718562
23078954436784
23079597095644
23080720540528
23080939824214
23082829277384
23131383852908
23131386552638
23169381970151
23184801895943
23184802431110
23200523587579
23232587021987
23233868973590
23233870065875
23235505139246
23235798691937
23285859371255
23293565613023
23293664461049
23293666536971
23307995759498
23308257738041
23313913882073
23321120322302
23321123296622
23321128195016
23321349556595
23351048605439
23365178481981
23365356188232
23391599807694
23395055528320
23395055539315
23397518977876
23423378609710
23466805028902
23471719995988
23471938122994
23471938218004
23486968648339
23486975265866
23489983775187
23490137223855
23583405355933
23598013271530
23598052633456
23598052773505
23605635766068
23605735942170
23676473801655
23698478372139
23793119747104
23793930859729
23794227167611
23794363213234
23870777824132
23919225143513
23919253698485
23922582136067
23926238863490
23932541576603
23932734641708
23933601245561
23959799241935
23960237346149
23960237784764
23964755033264
24027400979447
24067986450989
24088611736220
24088707107474
24119900874590
24120090909320
24129304913273
24186975255932
24258331865246
24304866764900
24310065457247
24313459968257
24313460181989
24319063217615
24319064464889
24319720735475
24319721788151
24331790397281
24331906027859
24344745110978
24345868341056
24348034671719
24426039720434
24429114414986
24429456444128
24431695168865
24443665680947
24443666030849
24443835416186
24443835506363
24443882393555
24443883007778
24468996801963
24478252745408
24489807060637
24490950846328
24506000999569
24506156617798
24506490362746
24506585964778
24513175028722
24574076039665
24574125739969
24588894026323
24588907072400
24637637168462
24637637813816
24637638365210
24640364421344
24651491653019
24653678709881
24653719301816
24654363231161
24742320485045
24742327703038
24742367219941
24842376426516
24842412326148
24846103715334
24846103766701
24846263240554
24846289437898
24846297810859
24857809918993
24857817571306
24896875799792
24899580718310
24905458282101
24905551892262
24905592266469
24908048512332
24914731799025
24994134759167
25077617993141
25094460097637
25094498864399
25097797823117
25153858120619
25175375635268
25176814272299
25176900149567
25227747876320
25229684942045
25235453485241
25236560346048
25361528165757
25364513689758
25365604265739
25365615786855
25398571387758
25398627592528
25398627636694
25399253004970
25399266947542
25495784261185
25495891966561
25496920399666
25511338580755
25516962664141
25516962673137
25516993723044
25516993986888
25519406733618
25523393111390
25523518472417
25523518669666
25524131290226
25524154483847
25524388672181
25589143739186
25592738768621
25647656920226
25647656933978
25647685190099
25652833318115
25661776879655
25674175052993
25873598686626
25885362541303
25885822769209
25885822968019
25888064290912
25888070629324
25899706562938
25900098333370
25921595930700
25922019833268
25922271010218
25957785736023
26011069857786
26013617995773
26013619404114
26039613305355
26040570843939
26040661326690
26041189193970
26043359943426
26043360194823
26043389186424
26044085846526
26044100119617
26061221587119
26078557780356
26078659370880
26144312475980
26148419943095
26196828889781
26210305702100
26211493236539
26216798181455
26217004761101
26217004930631
26231064436295
26334697025618
26334735630150
26335341970802
26336856813848
26349890369624
26352163688111
26352203323112
26352203377935
26352206244201
26365338426873
26390940158579
26390962425362
26422402934403
26465373309006
26502590122236
26523110122128
26524079598897
26524119751488
26527078602837
26527078607383
26527078717075
26527118938192
26527119281521
26618176388923
26658182511854
26661645055655
26665506572516
26666131715207
26673691109138
26673692012297
26679452425955
26691032519005
26756284970749
26759832693718
26759833853314
26768615486206
26785994917132
26785996251259
26785996256482
26830013920189
26837586499543
26837593535608
26956908063106
26960418762352
27057827114683
27120756637816
27120768014590
27138972424120
27138973461577
27138973481438
27145012244063
27174821301194
27175215958466
27175216049745
27175264086993
27175269586569
27175365489300
27175777335231
27229180847127
27247000011162
27247712437347
27247712467480
27248764487623
27251691192259
27271796862328
27275570881459
27275605247977
27283737358159
27304263486025
27304263502288
27305126528695
27305132315497
27311872669230
27328609028309
27353124718307
27353858171143
27354004971493
27354005012836
27354311142535
27354337990147
27354346976287
27357532425130
27416795920909
27423873887809
27465324752371
27466494355516
27467138914717
27467146953652
27583675843044
27583676071278
27586923729099
27592862582274
27592871519193
27594735757197
27594874640445
27594953889792
27594954009501
27595195716741
27595201152165
27696568517335
27699733363198
27717449724093
27733708630047
27752749234524
27752755345017
27753061305362
27753061610867
27753065227904
27870455938982
27872597674808
27872597675384
27872602650080
27873961603766
27888427959227
27888428491584
27898617641271
27898708998822
27904781658156
27950993110311
27951064159380
27954876150357
27999749965515
28022590671966
28028634336387
28031185806774
28031192613429
28031197655922
28050301045140
28050903102011
28050903675896
28062235103261
28087668301577
28087668964535
28089380427629
28097068784576
28097094264989
28097190812291
28118413135213
28120877528177
28120983264524
28122142160198
28122989585596
28122990840268
28123083925294
28220386917712
28242259616704
28243686211141
28288056220231
28290734272444
28290770044372
28290770828533
28291444815358
28308555039817
28308570097978
28314509281210
28314509409208
28314512447761
28314791511148
28316417071069
28321024664539
28332553550734
28335058880491
28335294367903
28339311023639
28339544789231
28339546932491
28340576628467
28350740260337
28408486639397
28423166540828
28671646624338
28675433233119
28720964706447
28721220880692
28721240485689
28803001929105
28861236969015
28861247344386
28862004821313
28906487544969
28955978519535
28956027386493
29023945692687
29024283992751
29024285601087
29024307094923
29031030207591
29040523641306
29040523644202
29051932444630
29052435196999
29057202645211
29057397552838
29059521545368
29063554960447
29063799312859
29191626523121
29191626536111
29195157539465
29200559637230
29229445483679
29370023155874
29450509021496
29500581923957
29501054082596
29509273349102
29509275546308
29509275678296
29509278856007
29578089283721
29578089319724
29578089352484
29578089666647
29578090546712
29612956264958
29614453613084
29614677598514
29621173729907
29621175904757
29623984905497
29624353936961
29624380293227
29654121857351
29654189844863
29682016845035
29682017654630
29682017741225
29682017764049
29682039004193
29682779913623
29787093278867
29787956934563
29789648041547
29789648187113
29797713023276
29806665855509
29806665974507
29806667330339
29806671452040
29902703514822
29902780243530
29920402760483
29985783663004
29985826107336
29985860567895
29987804012096
30023099211566
30023123491640
30184288466447
30184289420870
30185335978076
30185382767699
30188094376511
30189049218524
30189746882459
30189951270731
30190146108393
30195320217969
30199751802070
30235909453387
30236182492043
30281616981199
30286695302416
30286786016989
30304567512100
30399554394319
30404203191348
30404205930930
30404206705209
30404211284787
30431120834814
30433994159154
30451397102061
30453360520677
30479288464185
30479288474506
30483795920872
30489823360669
30490281717606
30490281719307
30493320910007
30545678916644
30562333746143
30562333989494
30562668344615
30562901391335
30562901457984
30562901783199
30562909884422
30562910152775
30563268525836
30563629723562
30564785450428
30566355686224
30571153987407
30571226433969
30571282794417
30608044694151
30608044712358
30608044811706
30611437894092
30635942585628
30636255865143
30638950933542
30639360544791
30642050341923
30642684919118
30642698933151
30642698933997
30647425747398
30647428245924
30684747519588
30684748197954
30684775065618
30714361846557
30714383341122
30714383398202
30715194245948
30715199929637
30715225436366
30722021528165
30732535687049
30815041181948
30815057367664
30834037085515
31009657592521
31014994144222
31036088631835
31036358266174
31096433951137
31135286008324
31135286117098
31137595948819
31269547302363
31269611745318
31271731363887
31271771382990
31291397499120
31298721295799
31308167139554
31308168177623
31311141942854
31334061812204
31480523180930
31481713608770
31482274978865
31565306613520
31565816933932
31584790219621
31584790768048
31589773736011
31591022838472
31591022899114
31592436242918
31784259557456
31784311198475
31807214972369
31818485714777
31818486733064
31818663590252
31818683283053
31818692674570
31818878147479
31894628875609
31895113313605
31968641896042
32071758002239
32079192777784
32096415542151
32096415775170
32142022289256
32142162567810
32254839873921
32254894614810
32272752237726
32274728095998
32281170870722
32296313383160
32296378240396
32318010065503
32410120550748
32410163077413
32524171539445
32524179201235
32524179646501
32530790985916
32530796029855
32542616340577
32544706372075
32544751770340
32553981249403
32669303069017
32669608097035
32671438590328
32673420333817
32673505377499
32673918589279
32674210537012
32674529933053
32674531431634
32681868535797
32681868556011
32681872462312
32759607956869
32759936871086
32983445140534
32983612378237
33059839440982
33059841300436
33069751100446
33069764264971
33069979846309
33069979990465
33115686612955
33137502974593
33137504122768
33251720526307
33253168703032
33253168728037
33253389283342
33255336483166
33257810827510
33282541663741
33297543837037
33297544345624
33306500523967
33308867164723
33317081471113
33317193460498
33317200878802
33317404053064
33317436984181
33332533160947
33333083316187
33355212231661
33355633998985
33356168776375
33356326441417
33429580080022
33429620955052
33600200641669
33600909123145
33607716125455
33613339302676
33615238096657
33615238856275
33615280636723
33617657793424
33617659265104
33618734311198
33620766383805
33622669159098
33671955513813
33671966952309
33675574216353
33679011163398
33679015825353
33679019224844
33704016974774
33704017012507
33712058246278
33712862080315
33712891843927
33712893698989
33714754329910
33724332136030
33724332520321
33724347426346
33724352108182
33727103454784
33727111284001
33747295115477
33747331316888
33747333840686
33765245490971
33769328493125
33798587154527
33798764383175
33833360020004
33833374556264
33884927226125
33884935922501
33897154627097
33898989200795
33904987694270
34004637333933
34004638743171
34031885993214
34099356148251
34101831546861
34352953075257
34377854542431
34377864263646
34380967947045
34381515437925
34381548131388
34415735662959
34415736578532
34415781709464
34415784367155
34436177359814
34436548447058
34436776513979
34436776536326
34436852378849
34439361493391
34439420424644
34452350286326
34452350443007
34526064797920
34526064866401
34526817741151
34528454611258
34598652877174
34599169374337
34599172234276
34599304523719
34606281281167
34606328701888
34619170087918
34626286742464
34644663416746
34654803525587
34849450387829
34852015873370
34865238893087
34865350718537
34865352780878
34865674243634
34865674355328
34918494722277
34918511089343
34918515795767
34918587286610
34964165792534
34987095094415
34987145529632
34987148236652
34987153276229
34987153312571
34987177500698
35012602064715
35012724171486
35014007718618
35026979834486
35026981684580
35027107533308
35027948137196
35047317145822

