100
128 256 512 64 8 128 16 32 128 512 2 8 2 1 1 1 128 32 64 512 16 8 64 4 1024 4 1 1 64 4 1024 256 1 512 64 16 4 2 128 1024 16 1 1 256 1 256 4 1 16 2 64 2 8 1 128 1024 4 16 1024 8 1024 128 64 32 1024 16 16 1024 1024 8 8 1 512 512 4 32 64 512 256 1024 256 1 32 256 64 256 8 256 64 1024 2 16 512 2 16 4 2 4 1 8
100
2
1 6 12 1024
1 66 96 256
2
1 41 43 4
1 57 99 4
2
1 4 98 256
2
1 33 74 2
2
1 50 53 16
2
1 34 82 2
2
1 55 70 256
1 43 64 256
2
1 14 30 1024
2
1 38 85 4
1 48 72 256
2
1 53 75 4
1 6 44 1024
2
1 39 59 32
2
1 96 100 256
1 68 75 4
2
1 42 78 2
2
1 62 91 32
2
1 75 100 1
1 7 74 128
2
1 90 99 32
2
1 52 71 128
2
1 4 22 16
1 73 77 2
1 99 100 512
1 13 82 1024
2
1 27 60 2
1 10 37 1024
1 66 93 1
2
1 91 95 8
1 77 92 8
2
1 87 92 256
1 62 66 16
2
1 2 97 256
2
1 10 61 512
2
1 46 100 128
1 25 63 1024
1 70 73 16
2
1 68 94 256
2
1 58 77 4
2
1 71 95 4
2
1 55 97 512
1 48 74 64
2
1 12 23 1
2
1 60 77 32
2
1 50 79 2
2
1 19 72 4
1 23 56 32
1 76 85 64
2
1 95 98 16
2
1 100 100 8
2
1 92 98 2
1 17 43 4
1 94 94 2
2
1 62 68 64
1 1 12 64
1 71 77 256
2
1 7 90 2
2
1 34 69 4
2
