2191680534
2191849464
2199396558
2997459831
2997686982
3237336419
3237396854
3258266792
6046889008
6236377249
46006636188
49309269119
49316729948
68315332355
130554653663
130638220634
130726900649
131888802374
131945466086
132116806601
147160838429
147394424963
147433810646
147433972079
147434317887
150200768774
150239710496
150241970222
150391351070
170279268860
173512830735
254639989395
254640627270
254641848989
254647906979
266528033289
266542363431
348537184452
348873049332
350630688841
376596467585
399206447187
399208305408
399216403869
436860823200
436911457920
555530540559
558255579173
559306769471
559384726301
626428646005
628750393636
666162589990
666169285714
669649422013
669649490620
711581231968
739982166392
740280678770
758377839143
758408172722
758408196065
759702411149
763059523946
763062006191
763062862922
772917727679
803325629912
808787012873
808919639114
809142024209
809144078735
826579595063
826706771300
826715585639
849443563478
910934786621
914756330656
914885542012
916039554115
919269271735
919287041761
921843918541
938796283975
939523590508
949290713716
949294952122
957690064979
959858901168
961958324723
973306180434
973306729128
975001464669
980159125341
980437423278
982949269323
998694271830
1008592183308
1008593795586
1035201744166
1036009268923
1061142176695
1064909667625
1064909693227
1064912124658
1166667507301
1180713693398
1180713707508
1197097558959
1244065051546
1244065198525
1244065676560
1253958343552
1266842416721
1268158323686
1269619259369
1269619939680
1269621473415
1271230903221
1271231644514
1271233270589
1271233364225
1271238860156
1271269967315
1271306275736
1284833220656
1284853769708
1285975810326
1286027362290
1295767258644
1312354788645
1319483006778
1319483059029
1340843867394
1342886965953
1345794471774
1345806762714
1345844284718
1345844290901
1387479891704
1387568314301
1390299508373
1398092157142
1400387963434
1400388994969
1466379470692
1466570565910
1480322176723
1480345925356
1531670611537
1531904248747
1532474575336
1568769443017
1582700105950
1582702050679
1582718914960
1604692515326
1604703118603
1604705283823
1604705283985
1653166510372
1653271277661
1653293921130
1653373715886
1653379620543
1657391341806
1671661388880
1671665241483
1711749363345
1711749381789
1712311513245
1723631797035
1723633197633
1724200008360
1854453008814
1857156870057
1857797945367
1857798077289
1859778403602
1859778638664
1859778696187
1934658293797
1934660294173
1934718952240
1935991179229
1936872558717
1936893729741
1936924240578
2049565080471
2077683093030
2077683270528
2077683721320
2078222818065
2078875493952
2079760697511
2105154362955
2105158446084
2138186441352
2149396767642
2170827834555
2170993907136
2172824189940
2174055294324
2179304549238
2179306026273
2179348787955
2195207518836
2200360424367
2202800466828
2202800775816
2203849013664
2224409244809
2224422272525
2224539960908
2224603771736
2224934592027
2224942752453
2224944473295
2224951564521
2236716200328
2236732448523
2236734097521
2236735420575
2236778976867
2238937916631
2238938676821
2238939067565
2238959056745
2238971309534
2239082315822
2305538535037
2305538890706
2322698576816
2322698605067
2322698674025
2345041302887
2345893752962
2345964896072
2345965528052
2346024389942
2350671288743
2351586527102
2351586541805
2351731402583
2351734317125
2352180255173
2352416805467
2352463907615
2352474107783
2359549713257
2395834142291
2395847113874
2402332465544
2432608569317
2432613135044
2432613405845
2432739236885
2432739243642
2474560107402
2475934174290
2477747152254
2477768512683
2477768878929
2477784358065
2477784592965
2498424875670
2498425617738
2499169644291
2499220766145
2503072653392
2506568826584
2506791530495
2508450723869
2508458811638
2509271596283
2510243719970
2601201887591
2601201896351
2601370559978
2601679813442
2692201634819
2693036472227
2693093546366
2708327849084
2709555857369
2709556957307
2709990726887
2710002297359
2710002398132
2710503260765
2710505729159
2710511452781
2733300178041
2818820424189
2823961885014
2824639058946
2826542688050
2838011547862
2838011548510
2838012325624
2838065863384
2838066352150
2838246714040
2839685029582
2839752577396
2856939379336
2869128015922
2869137304840
2915003808375
2916140173575
2917387159411
2920221462568
2922788011828
2926309517041
2926360788997
2944276760754
2944276774875
2962537617987
2964914618877
2964992651482
2969096905525
2969324172004
2969348761086
2971230291861
2971230345069
2974156707156
2974247702916
2974411483690
2974677525715
2976283894711
2980537567586
2980921863850
2988736939951
2988747723562
2988919987065
2988935099721
2989005552045
2989084398768
2991294366642
2991314019753
3001199481585
3035378077236
3035456573040
3035823503481
3035823516164
3035823574808
3115716699728
3122022247193
3122022258356
3179472099264
3271422023547
3271431266295
3271462970820
3271463581638
3271469944911
3271792725617
3271815233885
3329836807529
3390971083771
3414904131334
3416221360705
3434362440574
3444111902866
3444112723540
3444248372215
3444248545678
3446017515937
3446018394706
3447518121208
3447547392016
3457092147643
3457114430257
3457980099532
3459343020436
3459387450925
3463885838548
3541219643441
3541220684696
3550962014801
3550962391802
3550999464530
3550999688702
3556401255026
3557133521675
3589315636742
3595469182719
3615356478408
3615360016199
3615494641358
3615494761643
3615608278850
3615609577913
3615691721633
3655610435834
3684894790718
3685283680871
3685423871945
3694822932908
3694822933075
3694823667907
3702160924063
3779003480722
3779006015536
3800726803858
3800793136504
3802407068629
3802410076116
3802410354567
3802410364908
3802411743933
3802454590179
3802958351211
3815904155556
3817099425414
3817800159897
3817982458983
3817999979283
3818000551629
3822196278324
3840465947475
3840546608409
3840828333375
3841072875846
3841121952126
3842297613342
3842645130587
3843493315526
3929589414731
3960478091522
3961082502506
3971317310039
3971566254062
3971573071994
3971573931890
3989084427353
3989084568716
3989084822237
3989088117398
3989850499037
4008564662411
4008638321813
4008839363975
4013834558716
4013850943720
4015777429663
4017184685917
4017184717895
4017188864204
4028555291327
4133737289581
4133737702924
4134388186708
4134933445174
4142064918238
4163644080043
4164397013671
4179224263498
4182102173977
4182104496328
4182105155209
4182265889635
4182265951675
4204681094361
4204984566855
4204984636057
4265019701059
4302133015997
4341756411902
4351754228726
4353765603566
4356116904370
4384123206721
4385693024386
4385900109229
4385909896783
4396968555352
4396968612502
4444057706974
4495836515362
4496249615605
4496249711095
4496250087223
4508885618881
4582615565989
4592265314026
4592690906413
4592691145803
4626287130378
4697012892981
4697876133471
4702734538176
4705515891487
4705620791914
4705620793498
4705626627199
4720973710387
4723059944065
4724064367555
4724065052950
4724090066272
4724624291874
4724665160343
4724665216169
4749478694381
4827519296840
4827949264376
4941783857807
4948748567081
4956791065856
4956791701355
4995445096214
5008691197529
5024090115215
5045252223167
5073334099964
5079915618074
5079989488373
5186691446853
5189393729709
5244090092928
5244132686940
5277858401892
5277864913905
5277864942720
5277865966722
5279531012739
5279546425195
5312867831731
5312897501707
5312972328454
5322038180473
5328748154539
5330212249438
5335515755056
5340261922030
5380024011058
5380029166492
5470049012698
5470049070803
5470063456484
5470063708556
5471427537713
5471428057598
5471428425276
5483191301742
5483191742106
5486098494741
5486103675811
5488777478095
5502141432976
5502163970011
5502174245734
5567722178674
5573302664944
5573303443327
5573786279953
5573791992289
5580763962019
5581583291428
5582113179793
5587575473599
5593353641109
5629939900200
5677092311796
5680170744012
5680236788235
5760022116627
5760150269460
5765620608753
5766477869742
5769372117340
5769401184757
5770113182811
5770113210624
5770120886070
5770246837587
5804593009530
5805673131813
5807728256337
5809508662419
5809508828580
5856122581572
5889826307397
5889826315452
5889826346087
5889826385780
5889826476788
5892266277920
5892274814510
5892288711890
5892365169410
5892373511087
5901412082468
5901427712471
5901431506988
5901548076275
5901603948709
5910544409245
5911013440564
5920308776680
5920861947712
5965827321625
5968762232501
6043166653520
6110332911785
6110346869174
6110604007886
6132853748495
6132853778969
6136441701160
6136442216104
6169874003473
6181796046795
6181797293520
6282542130864
6406701776432
6406718848154
6468847952085
6468944478270
6470985489297
6548152395154
6548210000977
6548210591710
6588515952093
6588528517056
6593397341907
6593397422699
6593397454829
6593457330515
6605990303618
6615048006875
6615059922866
6615059949884
6615060621293
6615061184243
6615095859128
6616023508928
6616024091234
6706548447722
6706551928535
6706560700211
6764755790507
6791238873521
6820518154067
6820519278104
6825268108595
6825457419689
6825959631434
6827306388221
6830121076904
6830168894201
6830213318732
6830213393162
6830213890529
6831207261380
6832659633128
6832826312690
6832941321132
6832958052303
6840281891112
6840815266789
6901334893711
6901334973145
6901372003429
6939331220927
6939370269236
6949921545763
6950031565909
6977214773059
6977215166440
6977335298350
6977439815080
6978019223551
6978019316102
6978020275478
6978462329414
7001209067096
7004698618523
7004698884743
7013067671147
7014019882928
7017256166783
7017382035167
7017382102523
7017426212126
7017429499916
7017493579925
7017516435803
7017610097237
7033872191837
7224827170118
7224855832211
7224855850256
7224856178765
7224901411757
7228925367191
7229872265993
7230924957370
7231430179399
7231430230411
7231431326485
7231436984929
7257575575903
7257751405915
7372410687400
7380364662640
7384634685409
7391218913746
7430910552664
7431386133310
7543815594307
7552483534798
7575933342679
7575990497737
7596972804703
7596973451893
7596973488949
7596973639969
7627682549824
7647370576765
7652140733239
7673375521276
7693520544709
7725377934406
7726445460865
7733296063783
7733683697140
7733684298457
7733684320732
7733893117996
7733893279654
7734760866928
7828521408235
7859355397615
7859882971822
7860313581916
7861041918526
7861350685747
7941988086646
7942936472635
7942939346758
7942944255871
7981543288093
7981544370334
7981544864272
7981646356624
7981647699361
8000523945004
8085384693688
8085402101236
8085405493111
8097224524438
8097320925211
8134448408239
8176779100386
8182672960410
8183100354039
8183100357063
8210629365606
8210629972425
8213381439312
8289165988794
8289379923321
8289379936275
8343204047448
8344068969498
8344069758303
8344219134534
8345506831386
8345509613250
8347313786160
8347331473887
8375034669609
8375035136169
8492183138212
8493278733358
8493278734447
8494773989020
8497340920314
8497432918656
8500260657168
8515047766689
8516405598444
8516575714263
8541200802066
8578528597831
8578530029398
8578798004191
8578798018045
8578798441306
8579577574519
8579577650386
8579953227541
8581354021678
8600761600618
8649914690245
8649984013771
8650479277417
8652680820967
8660322193294
8660322212578
8660358173419
8708525340118
8720801728765
8747782550971
8747822697730
8747822948264
8783160081407
8816708108109
8816773002960
8843478140415
8865058494135
8955667229457
8957424488331
8961352333865
8971918818335
8973189520739
8973206189864
8998853001083
9002036509820
9002036527804
9002061205912
9002669843233
9002670062329
9010146859015
9010147291231
9025285388116
9026795565076
9026796685972
9026797171081
9080988662830
9084343118422
9115469540086
9115469546713
9117343387996
9132393444469
9133642293668
9136373777936
9183884094464
9184099045946
9184099206443
9188628304581
9197542853379
9197551688859
9197588459721
9197588760945
9197789639082
9199201709409
9199842705987
9199845703635
9215071488285
9215325257559
9215357117775
9215357869653
9221924767668
9257816698485
9258143949573
9265275366306
9265725283236
9266042966856
9266161320735
9266455693851
9268900936431
9272611545711
9273565796817
9363127707037
9371155481938
9388584615871
9388584619192
9388584679348
9401593469293
9401736171718
9420033954115
9420120893440
9444395983267
9453568020220
9453602072198
9465289910741
9466644120824
9466707135320
9468484582391
9498886677865
9528536849995
9528536852298
9544137411657
9546779204868
9552943513686
9552955884816
9556406321685
9558387096599
9558441497358
9672143964895
9672170805217
9672202865908
9686197070668
9687702604915
9697280652187
9697294792600
9699758584342
9716607419560
9743258654269
9781145200078
9793826237455
9814867909747
9814925888602
9815078488724
9820183516802
9820403548889
9850437079700
9850797556349
9850797616559
9850900066574
9850942087628
9871657126367
9871959683966
10017377317874
10026966737808
10026971127846
10028401412724
10063110491741
10063117254548
10063200562805
10092032299937
10092057874715
10092064414088
10092137273399
10092137686202
10109678750066
10109716559165
10110371848428
10110371860218
10110591875505
10110604256112
10112570587812
10119158507595
10119754261704
10120095205203
10120098962118
10124989806351
10125504090606
10127646328521
10127667664893
10127675273547
10134573709187
10134573786998
10142646383124
10150907456322
10150927892379
10150927950942
10154566119429
10233907567317
10234190498638
10234191312562
10234191357764
10234202321195
10234202444588
10320672230240
10332795993773
10335263966465
10335264090530
10335277128452
10335277192753
10335752437006
10336485958156
10336582193284
10347886141660
10348032419155
10350498418552
10350502707745
10376200005859
10376211091762
10376411872213
10376412644020
10425011457212
10429690067027
10465085032637
10466125771262
10497767080724
10500653837159
10501425784736
10502557576919
10502641662695
10502645960636
10536818722930
10536858715753
10547434864045
10547436746323
10570430407041
10571450561460
10580102680999
10585800050008
10585826549563
10586348497813
10586350157120
10586399385401
10599292225709
10606069235418
10606114718457
10608374937030
10612794227121
10612794272325
10637915166117
10637917734627
10649113070733
10651236557575
10714918236056
10721906320439
10738696249096
10770392657179
10770956038422
10771022846898
10772252030934
10772252042702
10772926185452
10796379208223
10796436497258
10796438478923
10796447135393
10796502517849
10904235576391
10904235668110
10904235790414
10906555610117
10921728055538
10948541425895
10997964186016
10998357876025
11001597658459
11018867338222
11018873040622
11054241303658
11054242650850
11054265079723
11054265976798
11054377028284
11054886444007
11054890979671
11057846027827
11059536069256
11060273571583
11084808827263
11201604781612
11201610568657
11202410955163
11284717150900
11354155510054
11354155513870
11383108572154
11510296083904
11510389924812
11510389980945
11513386481499
11513400556950
11513490344640
11513490378538
11515477858528
11520354892585
11553731444327
11558579832251
11558651130638
11579116923548
11597402214035
11601827588747
11601844871786
11617264632401
11618058317786
11651011963802
11651013875915
11651937122204
11651937135310
11693660584555
11693665663417
11696365856089
11696365895577
11699826172302
11727985965975
11728934448192
11728945705896
11728950556905
11728958857299
11729112929694
11730940791099
11765535164313
11858933514144
11858940339363
11861789475780
11883031940187
11891932131299
11919112700927
11919561254141
12012175644845
12013690988039
12131932359011
12272063190695
12273828678053
12273830241515
12316690345076
12316729890977
12317610463847
12317631799289
12320694493772
12362500831478
12362500902631
12362500944559
12458458234815
12459741816822
12505700834502
12581083614588
12581613496157
12581613694850
12593272965299
12599614119311
12602619595313
12602619656162
12620082275981
12620160863186
12620161214759
12623809187045
12649615708826
12649619194801
12649619746465
12655758943956
12667685541279
12667829332398
12677619920712
12677622531828
12677628153147
12677628968898
12684180042105
12684185957749
12684189233308
12701472226069
12701528350564
12701557339249
12802945928543
12811540923836
12811930089551
12834539543114
12844521938591
12844690206011
12854933731286
12858033627128
12859317843482
12871791828184
12873274030606
12873276347530
12893027352295
12913089742120
12913293146242
12913293362800
12913960095994
12930477140929
12940636342465
12942614881999
12948746589208
12988812433069
13004314489231
13004337638626
13006069229212
13006122137809
13037813624572
13038907330150
13040789812270
13041416071588
13041419441674
13056100397482
13056104319070
13056152306224
13056462408973
13059325271872
13068288555778
13068299231740
13068399103282
13118142767290
13118149158281
13120584752384
13120584757980
13120741502457
13120749477910
13120749527131
13126491462421
13126509906850
13126509944110
13126513015063
13126682839699
13141064696041
13177693695430
13177705536334
13264939407754
13265065662068
13294858729838
13298156714012
13298157300128
13298182854570
13298182883325
13299087927348
13299178534983
13314065673618
13316414740623
13318285125987
13319852303301
13319855317230
13319968056393
13319968095604
13332721739923
13332839614849
13333982383585
13334046565474
13348193490438
13356220198155
13433929174230
13434285194502
13434525582981
13442449368291
13442826033409
13602346577974
13648945020994
13650090072958
13656823059610
13657632030910
13657820830246
13657821565564
13682384968031
13806628190900
13806652700609
13806652730060
13807911477593
13807911497777
13807922817689
13807923764147
13807925606772
13809578368464
13810182311016
13810203181917
13813116176979
13839100062489
13869741356226
13884403033035
13884403222857
13884403231503
13912185907785
13943293809087
13943293971492
13943496783423
13975242662334
13975447067389
13978073723320
13980894041341
13991500947601
13997481497452
14035305216304
14035788811525
14046820918042
14046820962589
14049830690119
14162426736742
14162426746846
14162432268472
14162452660996
14162508418561
14177598181816
14180538644869
14182202468542
14182207917088
14183179155040
14183185795339
14183260686967
14246692432780
14247084541468
14247087508654
14247087590086
14295336154009
14303955064147
14304112961173
14311885285798
14322467742784
14322467747161
14334377339971
14338214486920
14338214529724
14356425949912
14363143377508
14363256893275
14363256924136
14363268373081
14377441294378
14377445074000
14379542120503
14380481176750
14380481860833
14380724926200
14391100730712
14394463221612
14448329059314
14466954302346
14479035134835
14481567628347
14481568610067
14483537421825
14588607805536
14588608482480
14608836189822
14624049649390
14640740457955
14640768018286
14640768616066
14640815592826
14669967438611
14678182768841
14678185203161
14678231433749
14685036966600
14685139722066
14751267457137
14772796059031
14904061376236
14936078570722
14936078574892
15061792203154
15063799917943
15167643168832
15167645105758
15168110088445
15168110269885
15173382319885
15327026905147
15363620957833
15487121739886
15488470753657
15490076399559
15490076913891
15496451490258
15496463648745
15503282452262
15503303604926
15531557223917
15531871355444
15531871442171
15532086806996
15543001429403
15552672947015
15552829741793
15555674768627
15556474669199
15556474698686
15635116806425
15635447802314
15642576374741
15643503169924
15643503838660
15644429185126
15657948521473
15657954100519
15658112476760
15658112581932
15658113343089
15658202746256
15658205478872
15691191305864
15691191355733
15691194480740
15696250374090
15803330800869
15860783965977
15860785184595
15879096714450
15895862634670
15895864753417
15895975592764
15895976204638
15895976958397
15921574365286
15921576255403
15921615598624
15963999905755
15964879407886
15964957604215
15967793097829
15967793216341
16068392839423
16070006796616
16102554900661
16105452222245
16106178333983
16106195303492
16132266739067
16132287240734
16132501894784
16137645857132
16137750470414
16176581394575
16227999120000
16245374176218
16275937202547
16291252800726
16420810105032
16423335866958
16423365665076
16423433020302
16424020838850
16462152492648
16550865751176
16551216990180
16573728074500
16574082348557
16574113731785
16578565981997
16578594346550
16580450089504
16581961507708
16582050089668
16610303679395
16629399948848
16635593542643
16635593547338
16636877299307
16636877307855
16677749038581
16677926663688
16677926727114
16677926972022
16826520961398
16826716831521
16832589786012
16832599608747
16832827185978
16833408995775
16834051006392
16834195092513
16921070225751
16921074503523
16921285820562
16921447216803
16947081043464
16947130099467
16947156277857
16950914814504
16962187723500
16962187755765
17037320227140
17040697534695
17051398657005
17052337083396
17052343855536
17052347731143
17090524021479
17090628026451
17115772625925
17115773585613
17125259984610
17125260758157
17125266442170
17125414318362
17133172294080
17135695965180
17135697010944
17135795345025
17137150585347
17148311672835
17148886849218
17154340478154
17154341524665
17154458721621
17154542700720
17154546454179
17168915868543
17170712591103
17177537356425
17189838429744
17189838442106
17192879840636
17192880798581
17195812529273
17275135910516
17289676393880
17297050137755
17297087063063
17305523961485
17367074487791
17367078889286
17435359767410
17435359786137
17552579373294
17552585034708
17552642351604
17553111740853
17556261015610
17561961251776
17561966596642
17616802717306
17617588264954
17655505265951
17655643788344
17732893436204
17782585353850
17804799952354
17806163112823
17876286311182
17914985195263
17915012333746
17915023863124
17915603376571
17915693989425
17916985553244
17916985665570
17916992486307
17916992880320
17917274765963
17919095069486
17927357418272
17937537894542
18071160388400
18072677770553
18073889054354
18162592485455
18170156662355
18174722359430
18175113120035
18176053667307
18186544513365
18200216448105
18200216448921
18200220269124
18319987452700
18323563319929
18327964182850
18328650611002
18328725511556
18328726788843
18328823570154
18410055516030
18410257548303
18410265778470
18411069057741
18411191046144
18417886917557
18417887263670
18417888431933
18418212475403
18440415810419
18441975058313
18449097946079
18453808993397
18453865641071
18454808752220
18463727395082
18523355077600
18562814571850
18577769087770
18621648352546
18621672787600
18621964378852
18621965191012
18658013020180
18661570287490
18708626730835
18708674900536
18712401719122
18712401726458
18712401726842
18727688804354
18727689427342
18764948755852
18830189912065
18841175860417
18841228543060
18841643730190
18841659259348
18841673746036
18869888315037
18885016966362
18885759448488
18886019325513
18920017702356
18922567531830
18941006480451
18941006565882
18981053168859
18981086624127
18981086685564
18981088536252
18981456415155
18981907726662
18987059541960
18987066518584
18988183834447
18989349847051
18991141081241
18991212369242
18991216750586
18991241593934
18995488446128
19015645434314
19101217652986
19101588244510
19101602971768
19101611130007
19103455360091
19103455541234
19105098382829
19106022021194
19106022081692
19106022813365
19111718028665
19118169190964
19118169191126
19118536600565
19133630902775
19210056179834
19210117109654
19210795286663
19210798882091
19210850284286
19230718311530
19230718486652
19230718788440
19230737391629
19231868534273
19231958435282
19233101585963
19385587251296
19385587981754
19389699209330
19389700412976
19389820004697
19414331413106
19429147859018
19429580451992
19431777894512
19431792871088
19490810518742
19490810843665
19492341570892
19492858947817
19493479212202
19493493617485
19495894790251
19495901260369
19496042795611
19496043310879
19496709562501
19522674716148
19538306772860
19573156906301
19574152826735
19579050370478
19600809690782
19600811421536
19602331697090
19602814946087
19620687575405
19623481064756
19623481334255
19623568971134
19629305450993
19629305464916
19669402025093
19669406234744
19669406238890
19669680819194
19669758754563
19669758879597
19669759556289
19694063007564
19694063034780
19694862578375
19694869105841
19695375437588
19695426823070
19696062659057
19697557954697
19697558239661
19728673047329
19764098085722
19794686766800
19814817567443
19980130709255
19980134104937
19980141075392
19980141080396
19980148522487
19981102877771
19981205395583
20028704058347
20029579459772
20029706841587
20048089279667
20049757295819
20051432246003
20052149738954
20092051750982
20093010431180
20093561535497
20093786262869
20093868704570
20094542584295
20095665023541
20099877940639
20102275093843
20143892769994
20164040930800
20164041005442
20164041977442
20164042445346
20164063896006
20164065065979
20190053923985
20198282762018
20198284042934
20258436961265
20264926276409
20265002694307
20265005085085
20276267003264
20276300936756
20276386900679
20276391951194
20276486523725
20307347302595
20323741726004
20323742065907
20327324844299
20330599583741
20330674652516
20331508338899
20353638255422
20353638617924
20355299506749
20363197727217
20363198085831
20363199584404
20440669482013
20440671465325
20570553749110
20576657350174
20611253358832
20620930416601
20675919144814
20676097376357
20679881136170
20687769802715
20692045726750
20696616270362
20701133020655
20710642019138
20717553124547
20749038956765
20749092375698
20749416316756
20749427602405
20749875193825
20750690987998
20760341779411
20782568330320
20782887742210
20819439309406
20819472002068
20822550639781
20828873741362
20832953316487
20836153957523
20852352370934
20853371143331
20877729741566
20887636864688
20888178709733
20913780348467
20913786805220
20925999737540
20926008776168
20928646672145
20928992876432
20933992549430
20934256675607
20937303849179
20945381953115
20960267051279
20967058943966
20967059211131
21062252574236
21144726371585
21351729431684
21354287670560
21354289457447
21354289475644
21354354011260
21354916008781
21489006094977
21555940128184
21555940295044
21566435656387
21568360279456
21589918198197
21589920297717
21590995819848
21611969138913
21611969172740
21615422240162
21616065579017
21630395635552
21631212335710
21631212400456
21631957032349
21635614116511
21635696694211
21658351492600
21658789810642
21659684580139
21773823289372
21774456609580
21780295553000
21780316818389
21780318002805
21780319837698
21780784802646
21783214550898
21784025586606
21798864802224
21799004161023
21813893714106
21821996437569
21821996451248
21822092530127
21822493197275
21850451245403
21850574598764
21850638489782
21850638531237
21899121666840
21899134191789
21899134207611
21899203891263
21899203895999
21899204663879
21899208387969
21899215495719
21899439211968
21944452021149
21949891851225
21950614079544
21955302813469
21959773404959
21959875266284
21959926857065
21960173505710
21960176025134
21968567272325
22004213177792
22006064422991
22041689570426
22049014598876
22155597620816
22215545537756
22215545545311
22294849668040
22377610723465
22377610856000
22378157331779
22378158360830
22379529346256
22387188585779
22387188688946
22391808134498
22394455064972
22494039585820
22494286725568
22501818080556
22501843301427
22503333875334
22527595696170
22527871699782
22528139130369
22528139162861
22528233940922
22528288888901
22528701927053
22537461846203
22543172467763
22548103354508
22548201119969
22571479102793
22571488082372
22571495531294
22604261141021
22604261974267
22604262775681
22604313061480
22606329348634
22611398622097
22633855724434
22634042364472
22670821795798
22670821811080
22670845848397
22710650770306
22734951514947
22740593357484
22740688465740
22753470882219
22753470951627
22753471197372
22754105310162
22754109562743
22832862522109
22891550244358
22904412059344
22904413019359
22910866725409
22917003548740
22918262355322
22918307663401
22918307669274
22918307839617
22932980347980
22939169769659
22958840644540
22958851644907
22959240607231
22959431230664
22959431693444
22959455240873
22961763820577
22962983986568
22963065768425
22963066077593
22984225961783
22984461609701
22985505458240
23017358040465
23025523312170
23025523629939
23067351286959
23067351678432
23076804110538
23076804123510
23077023018153
23091496917396
23104982815454
23105584404155
23181802963787
23181803017952
23181803082080
23182441466002
23192919160534
23193081913750
23193083853970
23193084167683
23205297519034
23268755102018
23268827866424
23268827952635
23268854319107
23272519208414
23272811253779
23278723172591
23278735458428
23278737430211
23279835694190
23283004617824
23283138804950
23321928196352
23321931182336
23363782890428
23363817031685
23363817229334
23503682210462
23503682215203
23503682334795
23503686883674
23512073775819
23512121697363
23617444269066
23617444299739
23617444621330
23617942564537
23617967910373
23618007799426
23618447274889
23666461606603
23669585227588
23669591973997
23670427228982
23692449081140
23728919015495
23728919461724
23767190226299
23767913778482
23767915510586
23782645992224
23782653423245
23782692579614
23783407421219
23790383546381
23790474951695
23790486743279
23790603881537
23803877140554
23804723607393
23804723985387
23807519455200
23819613887559
23848636401372
23853933273819
23853934228080
23864902415805
23885636607420
23885637304020
23898563624139
23899571850822
23899575686820
23901883203642
23901909517626
23917480864868
23917496237291
23927690338553
23927766951350
23927766990203
23927908018898
23935284826799
23935284831605
23962260794729
23962260829802
23962261105931
23962262436194
24008275660856
24008276374142
24008276708910
24028641242505
24059724163713
24118148423349
24124995804438
24236015248363
24245832276562
24250791506827
24280597375312
24321747779230
24352389517353
24394618401153
24394618436820
24428242349763
24428808610539
24429105075885
24448400635713
24476322573231
24477743349392
24477743630453
24480534758585
24497088093934
24512839443115
24563540236921
24563544661951
24569394254665
24574581664801
24574740904807
24638200435240
24677241329806
24717502858732
24844326858961
24846184599550
24848865304792
24848869718670
24858365329311
24858366001449
24858367107342
24858367117884
24860755919664
24861132196659
24873280969047
24881207770359
24881210365923
24881213297556
24881213320666
24904264648048
24904264658686
24904285466776
24926638108153
24929925499465
24930028626237
24930179299841
24934697295566
24934727472206
24952463517893
24952476957008
24952476997520
24987171756164
24988160721659
25007436086729
25010387178602
25020055838597
25027771871678
25028863032182
25028885855714
25030833329750
25032359096861
25033342848992
25033352745422
25061621165690
25063559134187
25067987364074
25068147213179
25068147276329
25068210953021
25068224619584
25068225452399
25070232892196
25070702993528
25073237967098
25076685464231
25117027655738
25226349084770
25226912373671
25227089373397
25227286889629
25242733810246
25242745880299
25244183804152
25250113266592
25250113316599
25253580773188
25253689341639
25308601240152
25308601926786
25308640282392
25308644986307
25308645143969
25373100566540
25380271995912
25380327711924
25380847651941
25386482957535
25389682763796
25406858782011
25406859710514
25406883540060
25418353304247
25418353528218
25418435204892
25418500001328
25418683564986
25422318621426
25466673419931
25466673431559
25488812259786
25490336335667
25492039142760
25500949265799
25500949892769
25500951380658
25501088752021
25519625650297
25532726359618
25586429437135
25615768168981
25616430696817
25635434495536
25648640869753
25684848335359
25684912010755
25684915079166
25684926729315
25684936230858
25684983325716
25695337390719
25695338118261
25695343199877
25695736236582
25696841035974
25734154661565
25734205928733
25734461551854
25736251674561
25737279319617
25738536378876
25738895318064
25748615728248
25748615910930
25748631942390
25750118704144
25750174426717
25751570522224
25751907357403
25751910992197
25751923799512
25751936332723
25751938603018
25752113883508
25798231922470
25798748424073
25799176952986
25799568122317
25799569477204
25799583067222
25800485010008
25800485028619
25801066880653
25801078562878
25801083515564
25804562328350
25804574162450
25828011257772
25828727568683
25831464031130
25862575811261
25863156144833
25863160281827
25863228043133
25869512664815
25869607523753
25933093453828
25933093458799
25944838370941
25964074804894
25964266989706
25964405400562
25964405417409
26030115326130
26030749974870
26030756780085
26050230313437
26050239200676
26058915841782
26059053012609
26150250652707
26151475339209
26152614040125
26156010664848
26157525351792
26162590996873
26169548622445
26169633550216
26170050988009
26170058275822
26170059779101
26171006874655
26171658974537
26202425690264
26227431590198
26263229190599
26266522311269
26266522331018
26327951855489
26328003995756
26328440946044
26328464683742
26328464691558
26328464703126
26328490291026
26356225426506
26358188044347
26358194911041
26415237399210
26415238165146
26415336127200
26415345542235
26515685828019
26524961953527
26547779904303
26548633910307
26640062104554
26640119020068
26640119059812
26640121025961
26710256445748
26772943963417
26780138611675
26780138672173
26780191121833
26780207923096
26780318554678
26782711783236
26880176770362
26880176857569
26888969745744
26889051080274
26889630523986
26889630556106
26892840020129
26892960421040
26892960510491
26902685183823
26902985053974
26903089371687
26903089403970
26903895245673
26922724643657
26923092833855
26924943311417
26927235078009
27032348049652
27070984873234
27070984909138
27072641937802
27072657192856
27079384704475
27079391331085
27079391382898
27079399367635
27079400490586
27095947526296
27105217564546
27105217898005
27107541535204
27107688108835
27118360793494
27142666247629
27142765436827
27149295499160
27153086031617
27179594181185
27179621750507
27270434034293
27270903104969
27270904034832
27349040321331
27362409535692
27362409541801
27428882325292
27429032590417
27429526909279
27558609188734
27563095676350
27563101820524
27563102669917
27563465156383
27563499396055
27564138879148
27564336608005
27564787476766
27585981901207
27585983165212
27585986543479
27587080446700
27590068739443
27590070123733
27590070128107
27604896350431
27608869226200
27733562851767
27733595984817
27735361220788
27735935590411
27735952383343
27795525462658
27795525597793
27795584140867
27825956482228
27825968801113
27825968945365
27835531496431
27835532313127
27843513494065
27901891102642
27902020505245
27911013129943
27925138300282
27957133705687
27957245723827
27960609804406
28005047385641
28010800736177
28011445675295
28022192008160
28022799242777
28043166596450
28043166749999
28043166832646
28043166848414
28047470575730
28164437574001
28164437584129
28164511787338
28164511926982
28183333157371
28183603390759
28190674449460
28190675259487
28190675294714
28209748561490
28310240636309
28311339538199
28314609868001
28315009013033
28322313669578
28338246228305
28338302930654
28341150084353
28341150363428
28341150442268
28341151548161
28453534251481
28453536581260
28453548979930
28453914388983
28453918679877
28457651182476
28458104453697
28458110723826
28458192178440
28458228917853
28459050591249
28459050819291
28459051059813
28514480833950
28514488333173
28514488986708
28586617625490
28586979331962
28587041038167
28641079040235
28641084243108
28716589555944
28716883009791
28716888870816
28716894914100
28718757083364
28718757551706
28724972563932
28738301653635
28738301988903
28738314109608
28738314990321
28760707256856
28760827571745
28760828176419
28769744693517
28770211182408
28770254366910
28781161953093
28781450518148
28782281148038
28782791225666
28782894535172
28830029385612
28830173719779
28840730096367
28853321707314
28856833587540
28857244514217
28857355998729
28857356161935
28857374362230
28857374878119
28886756258652
28886757447894
28887094683294
28900910336271
28904803825560
28905197427969
28913056731771
28976502988883
28976503333574
28977030683588
28982421443957
28983046536671
28983519961907
28991347728347
28993240025084
28993679316110
28994213717093
28996947325472
28996971412064
29001500940009
29001500943421
29007545177842
29007545246458
29007567390193
29013112268440
29019119495687
29019119499097
29019124463101
29019124502788
29045913948205
29045919592105
29046132857410
29078596603378
29082725767756
29082751275466
29185773440176
29185866006895
29202090900625
29202091040710
29202091153606
29214892314145
29214955228060
29214977725729
29220250229281
29255845067822
29256775838849
29256796179407
29310327004451
29392618720244
29395898098762
29409322376317
29409337449094
29409661535245
29415294653383
29415296726659
29415296791648
29415298565224
30147805901712

