34034673
55450470
146256742
147818074
633116705
633387919
634123727
638140623
1579637135
1927019659
1930263243
1952695139
1983896017
1983898877
1984173949
1984176390
1988046598
2008747782
2008779728
2037210796
2072278700
2073042498
2136556098
2285681933
2294779149
2314852621
2341819245
2357613229
2357926205
2360100827
2368780251
2384000987
2400310785
2400493817
2401182385
2402534065
2402555281
2402598289
2402624625
2444488465
2538189361
3101205945
3135052217
3147177401
3148467833
3165499001
3409886073
3409966461
3569153341
3569760957
3579346365
3830966261
3838291089
3840019441
4122525029
4122590565
4122615427
4122790641
4149521137
4231927025
4285292635
4297636247
4298608167
4306015445
4528686427
4603829595
4787723611
4796793235
4810221971
4811318803
4828976659
4829856275
4855982099
4860024339
4895869971
5465300991
5502799729
5517867377
5535244661
5535312241
5535554233
5535577755
5541020588
5620812716
5622578688
5626564608
5632992723
5653316051
5662641619
5663344595
6283147697
6315923661
6315992585
6340940297
6341996387
6343721987
6564980662
6657421878
6677685317
6677690611
6702264051
6940916819
6943755091
7088742939
7088960363
7089276139
7089413690
7261929018
7262105068
7666415468
7671938924
8222441324
8324839548
8324994256
8333440556
8367346540
8368043116
8383304192
8443797452
8443820924
8448786236
8855372360
8855413745
8855502769
8864498101
8904513039
8950377999
8950448029
9008744349
9010076404
9198947220
9202382712
9202416376
9227499968
9574015093
9577377717
9726947253
9726957429
9745518453
9897155463
10214773883
10214815283
10219873203
10224753957
10224778237
10225408925
10239006845
10373974280
10409012232
10410191240
10517682728
10595734493
10595879677
10631898261
10672264789
10672303453
10672354189
10719101837
10719521197
10735946157
10759279405
10842901293
10842916135
10843205095
10862814055
11386872679
11456738741
11456792625
11828156129
12284303073
12298421985
12537444065
12546415269
12553216677
12806576885
12838970613
12983780597
13071335669
13073348481
13074988161
13077467337
13383663817
13384086841
13384158401
13384292730
13455565419
13492560491
13569992297
13570324581
13774357893
13774570245
13815577349
14013887749
14015760981
14017177349
14337500933
14337724557
14414385293
14435629949
14442290861
14459851181
14479027629
14662878629
14663414833
14663499377
14667841649
14668582903
14710317047
14713925751
14763690103
14765187959
14775631387
14811646235
14892308011
15382884874
15382944913
15385674961
15392464671
15398400191
15484583111
15484644973
15485012909
15486332077
15496533621
15497106805
15497424501
15535660259
15548075235
15550078913
15637658483
15673734631
15673781979
15894957787
15901759105
16045417873
16045418493
16162207869
16312434221
16348393005
16944975213
16947126893
16953536681
16954802156
16955177644
16966650540
16966857372
17464935068
17594153514
17605737002
17655979415
17870624705
17873929665
18018033739
18109100107
18121944779
18362835235
18452832547
18459439715
18694866615
18764031583
18765041759
19490659813
19490710981
19490978645
19491314158
19892345070
20164634862
20166121232
20211547680
20229121472
20267585048
20268322840
20268340579
20270737539
20270742527
20943751827
21303643607
21310417335
21316712887
21360392631
21360620919
21457604999
21499423111
21532210980
21570923172
21571245996
21574938668
21754496343
21757357703
21757387035
21866796853
21874922293
21875215157
22236712293
22236731427
22236756359
22502971031
22630689170
22655060370
22655194746
22732551437
23272056141
23273035881
23278258281
23278565033
23306816039
23526694287
23527359183
23622561290
23622588442
23752547692
23896859852
24013408104
24016149704
24016312680
24016417654
24447235066
24560856002
24567227970
24569411864
24578149400
24600682416
24604570672
24618811440
24619873120
24699923094
24818113174
24818299342
24830990400
24843956352
24844131280
25032849616
25060198608
25245560132
25370984772
25371033732
25472194590
25780337182
25863775454
25990519294
26143134206
26143845186
26236775286
26238139222
26505137078
26523356614
26523666846
26760238014
26760288606
26893006462
26894775800
27005546000
27046861278
27047479932
27454622332
27466136076
27468369167
27468459279
27472256783
27678446799
27735178959
27768210127
27999947855
28002734023
28003925379
28052706227
28084137715
28085668746
28089132682
28090693458
28315730694
28865822104
28951778833
28951846993
28954368081
29058739997
29078964141
29173054381
29178413741
29194150155
29201868043
29203474187
29273814659
29293870803
29733970095
30128439471
30174953647
30258533063
30259010823
30263246795
30265836779
30306809958
30316631960
30349447264
30423690336
30443742000
30447100720
30453771696
30508677624
31011469816
31144393208
31203391812
31204465316
31627912870
31652151294
31652499833
31652557849
31681521601
31688171073
31688427805
31717708893
31720041083
31723391305
31724593353
31724638897
31732786961
31741880921
31742067641
32267421525
32328390150
32328965646
32600552495
32600876833
32605323681
32605691573
33269103445
33321997573
33431816325
33432024213
33432032907
33432051819
33433280267
33433345881
33433415517
33433489487
33456961659
33457273987
33458801731
33462246563
33465187436
33751569310
33908250462
33908436948
33910110068
34930007780
35023294692
35237463268
35238027800
35345856483
35386882911
35459592523
35523267635
35730451608
35730684852
35739339018
35750383882
35795361290
35910486138
35925824487
35933685447
35934133015
35935267863
35941123795
35941964915
36456815507
36457014515
36457547747
36462323515
36496361963
36733994921
37159498665
37173805993
37289526185
37363908891
37368423707
37381980967
37383371127
37410356343
37412088439
37412106967
37412117836
37412344444
37919425148
37919552808
37922749882
37922761438
38139068246
38149307702
38156613970
38158401349
38160680773
38169698629
38465475699
38465527427
38682299065
38707762361
38716028750
38721332566
38728185686
38729797750
38734948130
38755922722
39252157218
39421013372
39422004892
39425998140
39429653052
39649969073
39675558577
40135616605
40160663374
40562815310
40611997646
40612209214
40612629638
40622326292
40622955856
40721960272
40784847184
40798256976
40832673104
40841087824
40842028944
40842605584
40842626339
40929504867
40932698483
40961727419
40965885883
40966118315
40993088331
41125078747
41146425051
41233971211
41234202635
41236367211
41241230443
41241241731
41243035843
41296490179
41529550589
41614897569
41630913578
41635352618
41800840106
41803279914
41806367296
41806401888
42069089619
42756792197
42766331525
42767713381
42767784869
42772436073
43125785257
43125788993
43366860801
43371720705
43371846107
43595314469
43608167147
43891026285
43903146349
43919887981
43919899741
43920801373
43921607005
43922055645
44567700901
44567796253
44915158881
44915282933
44916032286
44954062168
44954563480
44957948600
44974962104
44981614952
45047257704
45048432606
45049129182
45049292217
45056042645
45280437909
45329538165
45332554133
45604918925
45605231085
45613091309
45626607404
45627392265
45665661805
46224124013
46228082956
46228181946
46248097634
46248210848
46265499296
46267141024
46816993067
46910717867
47441977667
47446659267
47488919747
47491813515
47491852380
47499686694
47519348539
47519366715
47519412502
47523783342
47524468962
47574097010
47583237554
47806516937
47806649249
47808982945
47812784161
47818791140
47818977860
47962526276
47962649878
47989953430
47990060862
47990207426
48063884994
48064251586
48147179202
48147329050
48148049946
48168758216
48259863784
48317292384
48330604890
48387603290
48415585626
48464161114
48706267482
48706456730
48929617098
49300726986
49477290162
49487893938
49539394801
49539733329
49540637265
49651475025
49651510385
49651846715
49715289659
49805712458
50114001294
50115018041
50129880265
50129969233
50210637905
50563400536
50571405480
50571473708
50603083564
50605391756
50635483143
50635654547
50651018091
50669219707
51089052155
51097905659
51269669115
51276198979
51296335058
51352571994
51831008344
51831040936
51953050766
51954008782
52031268046
52043087828
52057236436
52276937816
52360145422
52770428398
52772207182
52839852175
52976098323
53392546835
53399766139
53480452834
53543164066
53558880356
53754120558
53760630790
53787246710
54074946550
54104305654
54239167470
54282822638
54297760814
54304769070
54304838310
54305451894
54307161206
54357292306
54365986362
54481541178
54574231610
54574386442
54583937802
54663024869
54672892261
54890210149
54897564482
54897571528
54899969224
54912781512
55509293093
55563607731
56308376809
56520715201
56602142569
56681428808
56681448248
56681524944
57301809184
57372332024
57426158584
57462612984
57889633272
57908874212
57909040916
57949990676
57979386212
57982362566
57982683142
58034230680
58034365720
58044639842
58204814562
58312254257
58312309297
58449087025
58449464591
58458238659
58470596291
58538849987
58957880173
59284897489
59300444817
59319207701
59322195957
59322251260
59531180493
60067951565
60140037623
60140096679
60178201767
60353711325
60367562845
60577650781
60578469021
60659103965
60706529885
60706780754
60771961584
60800210914
60800217767
60875159975
60875383679
60875385305
60899690969
60907097561
60908999831
61520605487
61655088287
61684164255
62309103167
62309286760
62898193941
62898937238
62899973526
62952115350
62952153192
62976266344
62978374416
63019376400
63145008912
63153454352
63233318160
63966981368
63984049400
63984086411
63984392907
64010380619
64123318987
64354965731
64359196155
64411809516
64411825644
64412754796
64412964070
64412997377
64590721473
64603203521
64603291433
64603298777
64622542553
64637682649
64641041369
64641067783
64645435595
64724845771
64736781715
64954156765
65407133405
65433771453
65458694477
65576297805
65583636953
65584715465
65651722721
65652087265
65663200097
65663207669
65663368685
65805603430
65845476699
65905579355
66018264411
66182462773
66316131037
66328842333
66382156093
66516684489
66516729733
66518151621
66518765253
66519099061
66521271797
66745715445
66970117109
67004531701
67018238651
67026510043
67033744219
67084303993
67119828217
67446208873
68118957185
68133906817
68134102759
68138489103
68140728869
68330578469
68330580713
68368437481
68368463235
68405409411
68414318211
68414326147
68415074178
68415095298
68417607554
68447927106
68477043394
68562307714
68566116638
68566192270
68566224342
68609182166
68630321862
68722875078
68743345546
68745228298
68809381050
68814738810
69191771514
69191797114
69194074599
69380160175
69595109295
69604170647
69616782231
69666198642
69837862372
69898404324
69905500164
69989896556
70122150764
70137450606
70245281902
70245350878
70545300372
70573727798
70574353376
70595419104
70595420196
70605198911
70679128527
70711398735
70712307769
70720679993
70796115001
71106218585
71171883609
71347471349
71836687117
71848029965
71860956241
71861335786
71862223786
72021683434
72163963746
72232605538
72415917922
72420205410
72486671482
72489154114
72489250010
72490662618
72531776218
72531916778
72562329741
72902382733
72902390069
73079717349
73384241848
73396539702
73416966454
73575807030
73728167691
74352260139
74392357931
74621622659
74832523679
74893163647
74893205352
74893279326
74900373342
74905945707
74907915630
74908015682
74910542934
75055808598
75056544982
75232872654
75449172814
75450123086
75451608333
75488368397
75519141381
75519144119
75519155511
75625774471
75653733899
75747280559
76022891407
76061203111
76062913047
76162498327
76219114119
76592855743
76611010047
77128278143
77240058619
77256690623
77921209279
77929161023
77992190431
77993155603
78155956243
78325771867
78383011243
78460587435
78461678475
78464684043
78476169227
78612423435
78621528541
78681482205
78733112285
79226518493
79332793616
79341103910
79387701246
79387950142
79390970302
79391846846
79517842222
79519066450
79540769042
79540782226
79623040146
79627649170
79772869542
79944223074
79959687154
80169836530
80170315714
80266876694
80269583140
80292985124
80294512164
80359985080
80488103864
80501331304
80623073624
80926480728
80963821912
80974403928
80974494736
80975744008
80975795188
81018951204
81027900588
81031108524
81031652784
81150182682
81152771374
81153945518
81158362174
81263466750
81386565886
81401597072
81996444902
82004484110
82094817808
82103246572
82420174476
82433544376
82433810812
82470049652
82506340896
82510700480
82524880896
83427496302
83427931727
83485947215
83486057375
83505422905
83509407673
83536239675
83536437683
84163589543
84166156727
84996136383
84996816603
84997297451
85258384683
85572074171
85601057733
85640576098
85649440424
85650848936
85651486440
85694269672
85822777724
85836522044
85837412412
85845680155
85885278659
85885364731
85909276731
85916324120
85918249944
85918250974
87103762226
87106709554
87354366002
87358971730
87629679570
87729823857
87962168689
88058318617
88065767961
88116997017
88331515695
88606122817
88643911209
88645844427
88703087531
88958004107
88959089954
88969802022
88970092070
88970932774
89028930298
89210887930
89213834878
89214269894
89226884831
89353983455
89390747167
89390856351
89390898719
89644493369
89644531649
89970896833
89971357057
89971441226
89974074058
89975510474
89975911658
90206364072
90210457960
90232789352
90246028812
90248004268
90248813740
90296385708
90297161068
90497461426
90552018948
90552124872
90554589370
90614278818
90797779618
90861740098
90864253186
91341781250
91363890265
91451939929
91451998761
91567661609
91673729577
91966609961
92056778909
92064271581
92065124189
92065341405
92132799315
92165874515
92281851891
92294002995
92735108866
92749840120
92751153000
93075614704
93537989368
94349865720
94411682448
94466759440
94628084608
94700572544
94725236644
94921729956
95166465956
95169835464
95369038268
95369215828
95643030324
95650093876
95759859222
95766369582
95854361184
95854399072
95947664480
95948923504
96301135216
96643644363
96660448133
96662588837
96728005493
96728749077
96794729669
96833316165
96835058149
96865164261
96865719453
97500332957
97501662493
97558015261
97559565709
97559615277
97649163089
97656595537
97666724113
97673008641
97714232323
98043301601
98060543713
98095613949
98448128341
98461055317
98461199823
98461851657
98525599823
98527725606
99194528035
99194567315
99194719747
99574713831
99606747623
99613846735
99796020431
99801296207
99858904399
99934595445
99940276837
99981535851
100035609213
100035741473
100569845059
100614032024
100644646744
100791962655
100792502033
100843849681
100858142929
100860011601
101156415089
101307305486
101352506642
101853744198
101856689026
101856725378
101856742530
101856982946
101911479570
101917609042
101918347090
101921009490
101956732958
102006568990
102051797388
102052537244
102106308101
102142097413
102142166933
102153060419
102244596355
102618068795
102641684090
102716702286
102751514190
102758455446
102779864734
102885581950
102888312610
103048085998
103048114723
103089117381
103300611013
103301892541
103304577469
103370801085
103380304701
103457791653
103490416549
103522125797
103716817989
103716872261
103719252957
103972647901
103994925949
104016487293
104016945351
104017176659
104017219005
104033129917
104157959357
104157969501
104788079899
104788107163
105160123649
105160129337
105264814393
105503948217
105504012645
105504043109
105504047290
105507441850
105558749574
105559722422
105660567206
105661646278
105669348678
105674350918
105674983558
105680349617
105896623025
105915429553
105916323745
106206259265
106206888865
106210738857
106238304537
106245695673
106714425241
106723737169
106732542801
106735729137
106735822241
106831440281
106839906795
106893236715
107498937619
107513669139
108258787777
108575972729
109084753937
109085209161
109145944705
109152982913
109153661305
109154366841
109220848097
109588546017
109601061771
109602491787
109708795251
109820378483
109889481619
109909877651
109910940851
110513375526
110656974712
110657011095
110658083031
110658276975
110722122812
111254490708
111442755156
111510188500
111571076572
111594403612
112152119024
112217328880
112242377984
112310805830
112425622294
112573852138
112574226986
112576361834
112590268352
112590358264
112762537256
113047669564
113049215641
113413907541
113443099733
113448204757
113877954001
113899033041
113899120249
113913858681
113913882937
114038738689
114044271137
114050472865
114266658722
114266858082
114515443098
114528448312
114539327888
114539919653
114648325009
114658193466
114658377670
114788123757
114788703821
114844224149
114844348469
114862426616
114922616371
114949401139
114961642035
115257905715
115477213747
115485599526
115509768998
115512949542
115601367846
115636784934
115833357032
115833386170
115833880138
115833995338
115993980042
116061869194
116068922410
116122538948
116230550724
116230689148
116230944628
116263187500
116263215420
116293420860
116293570986
116293581582
116592130830
116592216186
116704370346
116704396140
116775578690
116775719256
116899598680
116909504344
116921376600
116944781816
116953143666
116957774194
117011130933
117142398749
117142640653
117161865229
117211645837
118341162319
118386462863
118393346063
118480363535
118480546831
118480547574
119617124086
119617144734
119707482794
119707574722
119719727778
119918582614
119936107478
119952364502
119954844896
120555931040
120556111056
120704765636
120704920564
120706634356
120774469918
120825611766
120861127926
121092752630
121098125866
121433975938
121462594602
121465801614
121736358866
121751168211
121768154323
121826772179
121959353457
122126993537
122186617473
122189833281
122189970537
122193046633
122221973801
122222527925
122237687154
122243086418
122244545106
122248556626
122313240658
122468699766
122802457282
122816490178
122843767021
122847020425
122847608201
123114623728
123114651376
123194446708
123196136028
123300466884
123303301316
123364925716
123365830164
123407120420
123422558552
123484023616
123484512064
123604729664
123636696627
123637522147
123696917395
123696930615
123697098551
123821247415
123821301475
123821332541
123826628439
123832649559
123944538123
123972687527
124073080487
124280639655
124619066151
124632729927
124668431561
124671451793
124711261845
125498078869
125501746069
125559508757
125560416597
125566781909
125613087189
125805599189
125806349429
125806744925
125806998717
125807092701
125825132285
125861061629
125865711869
125866662509
125870163629
126239777803
126241109835
126241501619
126261627835
126265419451
126660052667
126928687704
127386195032
127386212428
127386218230
127568411066
127575737530
127577150170
127586786794
127593642986
127718915050
127727181802
127731295962
127781618564
127839326772
128442578868
128454145438
128776648297
128795089213
129530923229
129553182085
129565315077
129702916471
129811742273
129831427649
129963847673
129964538257
130113232545
130123789729
130165878031
130186145039
130206729871
130810978673
130829717873
130859145425
130868514193
131145994557
131244123581
131244206319
131244887599
131302716975
131316949035
131317055083
131366293803
131366308167
131369393735
131407172959
131407521525
132399452031
132399629715
132600371783
132601961031
132604379153
132942842765
133040300453
133117743653
133138475045
133270460453
133338661941
133339524928
133345482126
133345841758
133346741230
133357336498
133360982962
133619361204
133619466780
133619527968
133619531181
133648103171
133806030371
133811734691
134597820963
134658517788
134663173063
134787210665
134793646697
134793663423
134794227812
134795080596
134795439876
134795515388
134795539084
134871492402
134873803698
135026788548
135041206468
135042187460
135042189764
135042213372
135042428752
135284411344
135284446520
135355102704
135443981808
135611036379
135611058507
135611395131
135973101011
135974791711
135997321247
136018068367
136122035983
136136979961
136272388897
136272395681
136368347809
136451906209
137027968147
137028823443
137377116795
137377834579
137378646099
137382072403
137382306699
137383347595
137383423947
137583677387
137583914059
137589761449
137610670725
137694188165
137824691405
137824951401
137824961789
137825176101
137825648589
137826334989
137841301965
137842774861
137843021965
138001243341
138079284605
138082126313
138104145641
138104234001
138122644890
138137673114
138151695802
138170203738
138172791670
138214223814
138228369350
138248232484
138254541956
138255604268
138275842604
138275858467
138275958591
138302640703
138389011107
138869068835
138882015569
138947854673
139158836653
139161258717
139161362717
139389374021
139389803663
139391426718
139414546930
139415822242
139450198370
139450769649
139547519217
139547747953
139971445329
139971491645
140136541759
140159814207
140258507120
140258554864
140259805506
140259844610
140270600578
140276673922
140276713882
140768163482
141032019610
141033347026
141099257298
141100180570
141106907226
141300226412
141379049836
141379454892
141379530742
141379689686
141623515964
141623560874
141658425514
141776906247
141776934149
141777991631
141778359309
142474916721
142998329377
143191983178
143196520522
143234953290
143965736051
143970757747
143985174643
143986192499
144168085979
144179237211
144257146623
144257149595
144893954025
144894073513
145003550905
145233902491
145233971291
145243103387
145278104007
145552248531
145605691555
145698671907
145712382591
145785201423
145805982855
145806279650
145968263610
145968267658
145986913322
146086044714
146089675594
146243287882
146462260938
146462407137
146484476897
146485000353
146485133667
146727742567
146799675863
146800729047
146801097268
146801263812
146802788132
146864678744
147063348952
147069581528
147514028350
147761997310
147814704638
147814743818
147815283466
147881588224
147886624256
147894731648
148057865088
148069510680
148722143992
148728543992
148730740400
148784755680
148789825384
148790326632
148810438008
148819842168
148863780364
148975604236
148975758504
149035217174
149037345302
149037358614
149037508182
149038542454
149064923860
149670001236
149693364016
150161263932
150186108622
150218020046
150218661470
150241229406
150559613894
150566849990
150567567311
150572208896
150588312992
150588563816
150612954876
150626518780
150627233852
150628965247
150629842655
150639797286
151088765649
151454997201
151458134801
151470548438
151470549237
151470832451
151475392323
151481995035
151489711003
151489807259
151809971099
151810705299
151872465219
151876961131
151925790837
151926035673
151962192632
151962206693
151962504677
151991069557
152112314675
152126976915
152136311254
152162192954
152197828740
152248291828
152248753108
152272948180
152282688794
152405523918
152485702442
152577173802
152577369370
152578813722
152578958570
152587966254
152634630158
152634682250
152701221770
152702646282
152788887562
152835127946
153069319270
153130156598
153355592246
153470253206
153696402326
153698960278
153779354822
154118493180
154154360306
154164436224
154188218368
154617061376
154655840648
154679286648
154689919352
154743585560
154744319256
154784984472
154865078548
154865079896
154954069664
154964452937
154964557515
155024875211
155335916631
155376108177
155399682417
156022474097
156027679089
156028025004
156028614700
156126860908
156126870782
156174793086
156453115492
156532259022
156556646630
156576228070
156833976125
156835539005
156836185669
156872199749
156889247557
157185212229
157192224970
157294861602
157302040674
157302063058
157373451154
157373681932
157375508108
157378250380
157398931334
157485567878
157675392710
157724776134
157858501486
158019918646
158019948818
158020669274
158175064432
158175112879
158727335503
158729770743
158731727647
158801734143
158801812319
158802231519
159022252826
159132976154
159151446426
159151526170
159362529338
159365620466
159736615922
159855967986
160247391698
160421968426
160423383786
160730971032
160747798462
160846373882
160982666210
160982734240
161337349536
161521385476
161685879156
161827633524
161902070388
161905839059
161919374035
162077178960
162085505104
162089085904
162109312088
162270321240
162271809992
162275294212
162337433220
162339391972
162357920856
162358515258
162611156538
162622295994
162734264250
162784676273
162952656081
162965504721
163343139581
163344897053
163348684061
163348833181
163349351433
163349379729
163349427687
163535576071
163538855471
163849939275
163869942611
164132857811
164392648987
164454270163
164914464211
164914464717
165556839482
165559028026
165560063290
165572794362
165573052557
165675141629
166205335445
166940172437
167149963221
167175414781
167196690429
167197249395
167197300883
167197453925
167200796261
167386336869
167387283605
167453612767
167453641011
167472768883
167516145523
167516182046
167516430802
167813915090
167813939390
167858400398
167858428138
167858435850
167859899146
167957218186
167957947502
168119100526
168230542382
168513240110
168578927398
168582551078
168582651074
168583178068
168892218708
168892414580
169089181190
169122209286
169122826374
169178192390
169192633350
169192683078
169305104600
169315104184
169369888184
169531213240
170035963784
170054053768
170260094954
170265091768
170267087832
170267587544
170388718552
170505562856
171076119371
171076223553
171175153729
171238465601
171272782562
171274651178
171302515196
171303502332
171321126460
171593441340
171947871324
171957721180
171963755100
172172057436
172184268316
172232799772
172243835452
172383017164
172575767628
172575807519
172576026911
172576085759
172627753639
172646826791
172654180035
172678409923
172680797859
172806856979
172806861942
173232521110
173232525706
173232762298
173235172953
173235173776
173235228372
173250509076
173253316884
173416120596
173416246356
173484698708
173485025705
173833956960
173923809581
173924420365
174048329467
174193616635
174230300411
174230590059
174239901991
174240295845
174241650949
175367895132
175382133852
175426785884
175532085340
175533907036
175576746076
175611205962
175650989642
175837726762
175847203722
175855693020
175908848863
176053157324
176055890762
176089666378
176106673738
176109412644
176267141746
176349717106
176351986722
176542946082
176543253170
176545924887
176554687837
176557925789
176569802045
176569846653
176613045373
176613438077
176615685245
176616101725
176616105117
176664598713
176675783441
176730592817
176760085590
176773740694
176773750695
176775109261
176904596233
176904727141
176905982533
176978370117
177078709829
177080372197
177080856445
177237530493
177238116133
177238278565
177804019849
177807840616
177979132808
178010609704
178079110420
178188009199
178215791123
178475425772
178548441068
178679202504
178679352476
178771356828
178782475284
178821794836
178821799216
179027666224
179045213995
179138380835
179139510691
179158339383
179269168151
179269561185
179269586217
179458475177
179461014953
179500787299
179527508823
179611304791
179611350771
179687639241
179687676400
179688059240
180636079129
180637932313
180639260761
180818671705
180818706001
180919797011
181371310708
181371321492
181371350777
181379749625
181380051033
181381100331
181479432095
181487430143
182000422525
182021099231
182372105648
182372446976
182475572000
182475610464
182483084768
182958470284
182967212044
182970060300
183155557488
183155799650
183178747046
183206289197
183416281237
183426249640
183458970536
183512951452
183933765212
183934253788
184020118092
184445040117
184458155957
184462013977
184504051225
184677230873
184677243209
184681562729
184798585449
184870248937
184872170729
185150848589
185294419629
185296996781
185300436141
185357898637
185358512577
185541939969
185561578373
185564248431
185569629261
185600451661
185600462528
185837453604
185852486128
185873294320
185873319248
186009582160
186009764728
186009896464
186009931024
186019086345
186038486489
186257902297
186264185177
186311518194
186321695074
186828373858
186877720418
186879290978
186946023702
186949300502
187244780056
187244851144
187245302232
187355421535
187371471711
187372640607
187377358687
187384399455
187496734519
187542421815
187878149635
188133387779
188275802845
188275831297
188437333761
188437336033
188437360339
188738420959
189108149991
189117581735
189126399971
189158519795
189159100275
189159375635
189362349635
189362379955
189548369761
189842428753
190101647505
191100227361
191121026097
191237280401
191244879636
191245264500
191409991693
191412692891
191413673499
191419055131
191419192851
191451822247
191462118276
191543916420
191545818464
192035507280
192115833008
192119151600
192123433968
192127357324
192198881848
192299053400
192457744587
192472936555
192473802443
192618266571
192628061707
192943178347
192945188299
192995376963
193084937027
193086199363
193086377045
193262595157
193314982357
194039419721
194146187593
194455100497
194456806161
194457401329
194569170959
194572387791
194578131151
194782098927
194807968383
194809565055
195040560255
195040562503
195041285447
195318370759
195318412471
195318808167
195359739123
195399578355
195526837395
195528826935
195536101687
195539636470
195555761398
195556860022
195629217756
195828714200
195838907967
195862685247
195948785595
195952801723
195954250737
195975978877
196010240253
196089459950
196154557070
196154644862
196220296964
196220526306
196414056202
196415843121
196419220549
196465613467
196465973147
196466116763
196590906775
196851875223
196867585399
196867675379
196867729907
197417575649
197417669009
197485418897
197491910081
197673098525
197682020637
197703418141
197733306653
197833830685
197837237213
197837415169
197837519603
197893835507
198091954931
198091980251
198281656475
198311079067
198321984499
198608224563
198694039241
198796557307
198796690171
198920217723
198920227801
198978659414
198979342266
199270824840
199275891400
199275896754
199276298738
199290550770
199292013842
199292059346
199318903842
200074161186
200095401056
200476505312
200568059616
200601659280
200647425820
200647941036
200651131224
200651206016
200853212544
200855123868
200867803868
201123748572
201269011092
201322245316
201333321668
201335180791
201909411319
201954563034
201960006618
202005404410
202033169586
202033402370
202079675906
202150671622
202154799616
202156039742
202157539390
202406707262
202408873272
202474246304
202474256672
202521829764
202609011492
202616603992
202691461400
202691509678
202718436526
203008513334
203014984240
203015254788
203029381655
203052952849
203060473105
203060714105
203399856761
203400459609
203521882833
203524025673
203524029078
203587500694
203589702294
203591948422
203614126214
203614133038
204225092398
204225127316
204226527892
204226597355
204273752043
204364668779
204364714549
204366137397
204841352132
204951242692
205076027924
205078353108
205088152788
205088358516
205089475232
205100352160
205100845104
205101297640
205110718504
205698186275
205698431815
205808888583
205818182343
205818283955
205884478793
205886374729
205918210953
206110649603
206117320963
206129177600
206132184112
206242594188
206242600552
206243109864
206243137256
206282250408
206319701160
206319806456
206343872548
206355235364
206394253860
206394819420
206621886116
206675449892
206802192548
207104694228
207241893444
207719371774
207758447704
207759187768
208289254416
208474219152
208554808008
208629269202
208629392984
208682128223
208682828289
208719385089
208739000833
208840441569
208942547047
208944840679
208948464537
208948482496
209485984192
209551614850
209591681026
209629581858
210139231670

