49942545116463
141206928889438
141896441916438
182092035643820
198008085692446
222403405579293
256052864924976
262805138085275
263189976908540
268058831100654
293524261474870
311351284153694
315599211584057
332410174053605
334840102977636
362977009322791
363178492191334
471059087254888
484359476982664
485896486168562
488073784452212
539123723859432
546653047375032
571055793816786
582631821552843
616948076493995
630538370336090
657289737926196
659647810721596
670577569058037
671157335710393
711936794540555
733351897867375
738856540490747
746825674058156
759223064295116
760731343728180
809696542946040
811981967118019
869379937125828
906118862455801
906141089796331
908090321730883
1104466952253217
1105917476014189
1108410342111445
1132013741516225
1132063844192973
1132101756132665
1168987454243561
1188894669480185
1212611969221075
1223237207706419
1305773495219177
1330898882002988
1359765670570944
1440840606642556
1460928732450724
1472540830080459
1519227963065001
1566310256093054
1616592421014074
1694943134800365
1791158434677869
1794873590979143
1828570993645295
1889645244372714
1892555025461504
1898955185879126
1919748944507804
1930360830941134
1970042529860000
1980290044848359
2017885733679389
2020820923568034
2040753114332951
2142939418093733
2172777063559572
2186694522945445
2186838939864445
2188351197788221
2197564055595361
2271550619743471
2314554909376894
2365468404626718
2403663613240717
2413244110141031
2420679144621176
2447617786225400
2448013790185985
2458192928503825
2496567834786419
2501006805340348
2501704603963155
2503225786165905
2509489919731569
2625241540997417
2651114816139927
2658460807755197
2724281358043925
2726245481322848
2745243479240052
2753569959802089
2754278605205779
2754300437836834
2759850570180757
2778898673235316
2802817126358491
2829990774511077
2838923219838559
2840603711192059
2850267001426241
2851308073675931
2856091748137081
2856298211479129
2864784453512629
2872266055167829
2885048532895809
2913671890865599
2989863726017885
2991736116748733
3031146340060805
3066939768709525
3097752770716488
3101685648810540
3115191895591693
3143572101324931
3157344937350142
3192650310631429
3214502224943347
3223262492653017
3253244114414858
3282365896643774
3326837123788399
3368835342710162
3380229269116048
3433510242349196
3492782697071369
3534619035088430
3534943353549350
3538055440508396
3601083044975454
3608298595741584
3611494314018153
3620058751785368
3621280598700008
3645432978039065
3645884263449377
3645899296414737
3663367450903781
3690463201056063
3728410290492288
3731625313204228
3803259291922457
3806183918810057
3814730817603806
3858411555946556
3874187492436558
3884452011842769
3884878258777769
3894199283342197
3898198559545729
3900339177815773
3922454190256731
3982851887208554
3997793486109202
4009858225196026
4012450279726609
4044103067695309
4084941303785885
4134775373544605
4180758778277149
4247621432255731
4281529688422213
4300913827497042
4361366237363852
4365063249838713
4426222187161209
4462074863593467
4463388063487941
4487520142497405
4617022202119980
4654619682901974
4655780449329808
4673702397616254
4681136957758314
4738348329617663
4738847467150851
4790165144626167
4791884035758100
4811115097067988
4813190204226203
4862667199364856
4877934364746903
4886737509115693
4889705998787828
4922002148384125
4944664154480445
4947184120604091
4949037070805623
4957701848581513
5008529697309743
5009059323232814
5023576037518771
5054324259025775
5070489854920053
5098780330800453
5132212176453797
5133400954179977
5158425711708862
5174683914980774
5214622111542832
5242539066290093
5265673137587469
5353685711541808
5408022220116844
5427410114197505
5438765672508220
5443929894530572
5502321791263362
5518074419211385
5547829145221625
5551746085563302
5554969997158466
5573794175583166
5583305635837755
5607911697203336
5623922206393196
5625562550667893
5662615829568241
5698939837179121
5703219916983016
5757837492337598
5761155229901079
5771525384551671
5780840052534870
5813370096600516
5830721837941956
5841846303448591
5863632707187151
5870019875048706
5872964702589908
5887852142481858
5928091802979402
5991735434355551
5993921388345191
5997946818009551
6018869452860495
6018876348284787
6049750309332652
6050167720059147
6081649204134586
6084904411870747
6109144016401857
6134502205043097
6159115851916262
6231570464312358
6283957233756619
6307653824470463
6331112849176268
6362570511095679
6404195215046164
6425100823121016
6428726634083193
6434719572168873
6436735423578437
6439387310215439
6451598509671176
6470774943952440
6480486876970317
6491092575686268
6506606400865005
6515773886894637
6520096934090797
6529092428466710
6530657437520084
6540983155066994
6541829784223874
6560493170951195
6583964805133976
6653385880206779
6688112950593301
6689475866046240
6717389401966660
6848813569661515
6897119234443332
6898005318573612
6900274971642589
6921700226834882
7038703025191000
7052468532379664
7071366799371270
7081785522538693
7082671577804713
7095190668312793
7096315917829460
7109349966771518
7139685894316200
7182862073132972
7239132532927663
7239522183822921
7245886985129570
7255837826772585
7339228064133222
7392653800790650
7411201319208800
7428010314563978
7455985890358469
7508723556052073
7511532669493385
7576291077131681
7605258611750867
7686592990777736
7710595386378404
7716057650450337
7745595171113081
7747800114601796
7778095097951354
7792790374987970
7801971708037681
7876204484246338
7947880349883058
8017795821712696
8019426927426015
8030478107218296
8054186697293527
8060272248460489
8071041433304201
8124934813163441
8143321748876499
8147164356383864
8149434760279096
8237363605855694
8237786608312294
8283751905339367
8324556393219211
8329353257425190
8344353913061086
8394978409722901
8406894620426056
8407827950144332
8415968768224462
8416605689929522
8422472590130602
8422731767874742
8435826721031254
8507109445405689
8536125177013399
8536259269383961
8536910565625459
8557910100039034
8558242118141450
8577127308064596
8583430262194656
8590375404143676
8613972888077044
8615384665495000
8623337287208815
8665924849464168
8752791519945294
8776311010088589
8779108356361572
8802396295005017
8837206882545849
8847868637011884
8847886572993112
8861431811493529
8875435170317381
8880513003748841
8928297306884634
8945304111103150
8970154146813866
8992488889369776
8992977264550473
9002559145610647
9014659877357587
9024346509228484
9040633300856974
9146701037891697
9183026813230382
9236089647017389
9236926666690469
9265653758789015
9287739125642730
9309691465443465
9330064205930811
9352483630497911
9399593187686740
9428137789226011
9428201669319751
9488058748799711
9489530250805167
9490045202901819
9548264774171133
9548357071360387
9549470578883515
9575346321986235
9610032225729119
9611641545198753
9618292064218561
9657620854497966
9670186747134840
9675387085656692
9714704837482153
9757693933456892
9779329780725197
9779610430156245
9795328898652444
9799463455131614
9856394089498317
9904714047535773
9904783736097837
9930671804356217
9932911162675577
9935818529905600
9973482779439291
10013043515735070
10014745904692767
10035055836596030
10042105350665019
10085130648914319
10093039938465185
10100764252472751
10121213754090958
10232587656081815
10282241147300427
10321172648600910
10337273347267096
10345752674636772
10358903294455212
10362071771040312
10364044251437326
10467373725130859
10471773886941263
10530061857510091
10652096117390913
10681885590000628
10684318996940098
10693833769202783
10702097407548713
10705779160136273
10741713191218910
10750470428005524
10798866105891073
10814259503275371
10834780013815254
10845539782429406
10848319993173194
10904642067554271
10904905689393305
10937350770930117
10940713641362885
10941109290685483
10950518546107435
10962257953764860
11005657968451579
11026293498696063
11073094004656183
11090690384062963
11098967461586646
11101656124582830
11118091050418326
11137129267429820
11141582835610798
11292533027086686
11315204502931030
11355255992319277
11355585525893838
11385345535974463
11388739882843810
11408081216316849
11408953236199297
11427265662823189
11441820514777481
11442171811284617
11454260749737922
11554716566196456
11583464885277486
11587220343472842
11606706975713958
11611803139550302
11645089756052001
11663315317354479
11727652055568083
11732618328091636
11760601378694494
11767194075186978
11781576457865669
11784710898779827
11815250292742766
11893967897019805
11902086679529839
11931784602459736
11952750932447980
11982069535912368
11984970083512793
12016657531281894
12065022017252941
12065848450751935
12133019158774151
12134959733213045
12152388352328029
12247107903922361
12388793741223732
12414811136286433
12422715118516298
12427771221733293
12471691816613930
12476770301083505
12477737357354193
12484203479671023
12580552374257287
12612682158535628
12646118012754836
12671537542551508
12679064714769988
12682152038458870
12711571961712417
12716732699702385
12759623590553752
12882923147376707
12883017061573252
12930316148696231
12933894024672059
12942415156432415
12953452235124579
12976252090036179
12995070913029230
13014511725558840
13035532188247370
13046910944725565
13050332217223565
13052342930331329
13131323239462637
13180497789889569
13182692430239028
13188044705219676
13191459397437276
13194076765101307
13200213369729927
13263433808933526
13270141011378111
13272302479146487
13324748937233721
13324834165121808
13342673662985997
13368200552856237
13371779225007879
13400683826486474
13404279650669099
13445407076933516
13447338965061596
13512176580500199
13542365178822358
13598315913670111
13616679628048906
13619385297334948
13624457045343178
13667507487029891
13732276505491614
13747991263798620
13749246000165515
13751931822180131
13792523716521087
13816710157224572
13850109038328086
13920238345039646
13955339714466826
14007558382089191
14019095327414918
14022640642252037
14023343991525755
14023527012986102
14036581450702562
14051064669752330
14153168344980011
14196533531453525
14205566510392386
14231356903137282
14232071173462022
14234916953463822
14292518204116257
14309573159727077
14311906729639992
14349299720363098
14353038098857000
14358343814296215
14377312212525204
14401640040745428
14504409698281666
14513551207016995
14519127652357507
14661980680847358
14686287697219022
14687307850123751
14709076154830143
14741429642326067
14743941190704219
14752398635989431
14762609812421607
14810044595384619
14810216304053247
14810341426838027
14836186021222084
14900107641580134
14905772275010454
14936923517752404
14939313801218174
14966847585548494
14975142149621816
14975312933366662
15004727423520499
15075439658687583
15089044464774495
15090698011351888
15125372977104873
15136688271212459
15143280394518931
15171601087655826
15199310273959932
15330018233586759
15330559527794563
15348164661601249
15389992707432457
15429975492332888
15430323132508757
15436323106189221
15443506027502360
15462936666265916
15464277061964164
15471603286659833
15529649814185012
15559725317390824
15563585616559359
15565306675949679
15579608162001039
15589529331057032
15608230931472648
15670136791699578
15688544768385795
15704062395324310
15704251096514299
15705680637797989
15716346107189415
15725683962537665
15726825463424015
15734134962181697
15851510034479657
15858577501609435
15867486420141769
15875957828849796
15878650619135324
15911315921516521
15930794410814117
15947072084483338
15962473760405308
15974773208114172
15991164560873148
16013984165864410
16016657213752817
16043914636686295
16044062583765751
16054205456376709
16058002781307828
16085962978191273
16178751072816980
16210167001682483
16225818795045190
16226537997217150
16230090696683314
16284579775535611
16293824480636556
16329138949628197
16335419124078897
16364121254124031
16395586077328374
16426529602733616
16448850288517022
16449402797554182
16482800198414633
16596363085064796
16597760412508896
16619758618813803
16651462456891407
16683215393964991
16692552908722432
16716964555658351
16745959293915116
16752632999574122
16755294558159918
16760654951427072
16765844910819324
16784568185323853
16793232550517036
16839503177666543
16839532368133388
16840010490810483
16844599406918347
16859903755912652
16926973765458384
16938026622147656
16978643866137994
16989840838295666
17065138334254336
17077603053495024
17083198325207604
17089148349717123
17108969982551535
17129194384662068
17138388956173052
17176475939930036
17179514915394986
17194313176231736
17232310653743875
17232649349437011
17240622366463723
17240933252491285
17316982983989219
17368874477745938
17377629330732999
17383877111321399
17401026404050390
17421307671975962
17446239334052586
17473938548626024
17482557622358475
17506926501531821
17549721585559415
17577165075591329
17587526703252314
17592600064148337
17594970918793132
17624946998334294
17643655753972437
17674135230685629
17728308178203117
17746994241159699
17782111525289914
17818583170592901
17880817281472950
17958955560566322
17959134205574388
17979217971340737
18020789948732850
18033608479978062
18035799465872092
18037951512253873
18055664052544933
18058825157664829
18075963232146733
18118653356937295
18188274578125183
18190353902866628
18204054476335034
18232049559214700
18245626200893420
18257670127807727
18276602921642702
18278699324906650
18289064080589536
18315547407928420
18395365417284978
18396729321929682
18431896096697298
18436485297722982
18450410334036980
18472276284187108
18483552722213941
18512833253783799
18514169292428949
18578865482467834
18579476388836778
18606449166567062
18613021934002136
18634290046466936
18735900823718261
18780094439292833
18804677468918693
18814456466197718
18815988943700162
18851162219921225
18855834316394451
18864940544324803
18894845183119006
18899051185657958
18905954341261100
18906264457889922
18909605065740363
18939609443092413
19025020526626488
19034858840132454
19060614502759914
19070771337154290
19105093949348829
19123092702149103
19131661209402387
19152392230039983
19153326220964913
19160626150898599
19160919089995320
19193781235056268
19201629108370348
19252278373081300
19277171706280020
19334971997139470
19399515750251958
19409901062022430
19423153164929662
19423711204869873
19427457911409993
19430905463898667
19468846953965483
19501133983904132
19511218377890582
19512775880484221
19572482075285289
19587906567942233
19590817570025011
19597009051283974
19614869745829865
19652466652139949
19673146045731295
19677038043999580
19709622222671368
19719766702281016
19728463895419606
19731788939243763
19734802986907185
19764994383948605
19769491735507925
19776787356738300
19777059020202526
19806845135768191
19808554677702283
19838584765063248
19852445074028190
19860471549955127
19889092718559040
19902419472638436
19902979232832296
19950804710174861
19966589038608991
19966895622149211
19971985501992039
20058691987344337
20063409418516252
20072914010379184
20163849064737976
20164956135730496
20173053646298994
20187292366041734
20195324746211221
20197981334887907
20198059163153257
20251251147749933
20251585094791944
20357483098415340
20358969913543844
20360478469827524
20411669208858794
20421057416367428
20445475129337420
20520142542355639
20520346672416684
20540690819329174
20546154363227686
20557480049389568
20601609607586568
20735106572388615
20735809871439663
20789800153414881
20807747930265701
20809539689296971
20891731945021907
20893341279879032
20907203993240832
20960892113297478
20978898870556138
21019054511643562
21021832986798646
21048308620366577
21048330943051045
21053885092861396
21119681044323502
21120935911858078
21122620886533693
21162762178862850
21174728259308581
21260857434297599
21265734764765606
21265907331199828
21286418405748115
21289996159910098
21311548085758570
21331146182439703
21357508853768417
21364254374806902
21420320131691071
21422021089600892
21456811619139282
21522958000790477
21523053354522454
21528048471992037
21583233282492101
21584736874152625
21590344551765759
21621746954684134
21643190010944998
21680668618389653
21687624253377647
21709652566616939
21713137299702049
21805379995555817
21806219270835917
21822153645174357
21861831429353941
21866042093336620
21877074123789378
21915240812843979
21926823431544581
21939236025974651
22005334185304301
22052053955636540
22088039934593567
22088998507559906
22118411103666956
22158412715401004
22178380423663854
22178530807146558
22226730262858526
22243702316557490
22255970480253208
22315352112851498
22329367131320405
22409624141674451
22417780302718911
22430884582077043
22432350698366291
22444410605955848
22452675032596335
22454206044344601
22458618220168719
22460337490862700
22466311136311375
22469111156975440
22492125251769727
22539613087899225
22576641173716881
22615273423815981
22646577423904078
22650674791487248
22705742469617333
22739956384503574
22763851405844320
22803608979998559
22858313329647954
22858732249674534
22872875968515478
22935581430059685
22938242734391385
22938595864983735
22943324852147223
22945221664162797
22945930169169182
22950634149062938
23011552487383741
23039926676716357
23050996909133185
23084162424243251
23094773293810365
23125234101296045
23135023987125859
23147782351098819
23225577237470952
23237479415874457
23242914035080000
23262434074727236
23282676005194613
23287033534418765
23289812220748605
23291787195005872
23298174992069097
23298853227134067
23345326678430195
23346411496672956
23357539211926614
23378488851393828
23401243852661727
23422498375364074
23446781142186983
23465020006923479
23510389267122343
23511003948259387
23517204409436143
23517210999256294
23528485809910624
23593616246859124
23593947537440416
23601911858786173
23652583019003173
23714815441261244
23800231111339403
23806405594646123
23863142280810718
24167692617221261
24180856617107011
24180983486106016
24212870134231050
24213106953871575
24236865365984350
24236966137643998
24240327743807898
24240843532794002
24241405361089227
24258728556766437
24349135671285412
24369933536465437
24481547943024631
24484688690536239
24517874260285076
24536846298143948
24548943385307066
24564398979135010
24571344672134860
24578191665310974
24601984923919349
24617681153208417
24693104310068129
24695119707620381
24705121075234855
24707594603109877
24719585039181796
24722726959010536
24767143015136014
24770283810485758
24779637038434708
24781179699011035
24804060414718897
24808315578432153
24814712461851618
24816811811212986
24850939523659966
24891733962487144
24923963181706936
24934082449057360
24939019960229590
24990973987747498
25005331328489378
25055312726203943
25093038069040088
25097917426140160
25119351917220160
25174632976256744
25225505176434447
25257767511442201
25307887717621570
25320476645812030
25346504463782796
25351052206088944
25384267414831303
25387690482520066
25387709131888882
25388399923545298
25413315487655832
25413633023314948
25415244678597577
25439029088911945
25511637080337476
25533617126996402
25562514174452516
25570296168712066
25575847362325921
25586702327697411
25588558477343617
25618558598521745
25650916258183753
25679367741081596
25722552515148005
25734797651211253
25755493920165537
25818609907681219
25838458769855788
25931467157645185
25936559961740908
25979773648437325
26019620324899775
26021737751714501
26068192033194543
26091104606494377
26126495674337112
26138481102751376
26177880274398044
26188670921998044
26238134812370972
26238185433242136
26249537502335690
26260917700229162
26266502641389328
26274787444000952
26282612947800117
26331162578897139
26397079729757413
26454416580463788
26538579072698438
26564589960842784
26622063532670150
26714663431628394
26714805975923399
26716054921213007
26722080078806591
26722099024339701
26781083948166774
26857797487013355
26869944831717444
26895448452587964
26932355737440040
27015544989827897
27015801746699063
27031262905994227
27053092415619351
27215871266988535
27234336123762151
27234694511479397
27258486848672620
27258490854824970
27355779008301842
27366935887021920
27373874529574872
27374344283574648
27423167766494420
27444558979990612
27456252227538436
27456281739474148
27456820816772348
27467963082183988
27472343216153878
27502437075760594
27596910211021774
27616153434122551
27616366587168812
27672661345191469
27708512078962186
27716648298143506
27750751398181768
27771338197150384
27830703724004610
27833480522098485
27850683521216376
27870376400179547
27871193504644525
27873399274724393
27896417964561011
27902234260874786
27907724860227671
27918334589175793
27919001723101901
27924376903240230
27932169771196669
28006772259484758
28048659322581877
28057524079142902
28083886402951597
28120284327393677
28127444489498549
28136805681504602
28140737236367408
28161665365953403
28213073052086805
28224285208297090
28253758756550338
28318819322795226
28334304280685980
28336408856100280
28339785641672440
28343719643183929
28350749365438930
28399739042750569
28470548245613346
28487243195303368
28487926890486418
28506281377133463
28549521953320154
28563505102422923
28587762638139883
28596323274111211
28600311629461969
28649152221141249
28730849597574091
28778471948511454
28787534342045436
28830449272511589
28879025739838380
28889194813405890
28889388178047298
28985153434801056
29043406163413335
29045035349789633
29079109465428313
29093124709009963
29123638821457818
29126954983566602
29154715861951099
29221628667656300
29222300864646540
29326604636690913
29345290765616835
29403107037940878
29426016838613754
29458514764290065
29462461487187028
29463657007567016
29480991158054654
29483107568655431
29483271775876996
29492554153484964
29496847861357628
29508752394201029
29522483236164869
29551520929598721
29559202418550221
29560743180434675
29649022318398307
29650323937999127
29650391873105705
29658659276918916
29667719885418526
29670811050913626
29671355031695810
29691833547737956
29691966919687800
29742246529232611
29755603777693207
29785650040875463
29822233710961546
29823289015399776
29860624469019354
29876675691162804
29892058231812052
29892353299403942
29985304880988192
29999314996208650
30020943171726910
30022130552541119
30052842286503191
30093039140003487
30093946776829443
30094173980600201
30127880821630461
30135927300399168
30137581613316433
30167326063162789
30167531323155289
30167977737175909
30182260543281488
30209902409980238
30210005362427561
30254117863435919
30263659609967369
30320788630890013
30368979357066827
30400214532231157
30401178375004015
30433219282739063
30435191410166459
30478427519813370
30694149088185705
30710571332738825
30722203659842371
30746595075310151
30753247900383743
30754384720934861
30760289595254387
30769459021480137
30778908961188170
30795792725127803
30805362878326379
30819317403155239
30826039560408321
30875470339432156
30884866202895271
30924849664698367
30925518074958371
30936307582500855
30969333561575625
31015499553538905
31036241188485320
31037464480792622
31042464250346002
31068600915711115
31096844561385610
31123974339334195
31152109440492828
31213260726054472
31269156917919857
31272639749549412
31345935957667342
31387705780998961
31390553035440441
31407131159756978
31433630882523286
31453175765735563
31462574381856499
31464300091302206
31467932954559161
31468932465343059
31468989644773625
31470489826700690
31470504890877440
31473537640900457
31493064333085060
31548600552023251
31569457350440880
31570662049172230
31580830469389617
31593730192613289
31646078167835715
31660505910575963
31705470315537005
31735410253545970
31737698789990344
31737856825372240
31738803791422816
31742225423358990
31743022015642692
31749343643134737
31793487798825041
31832400387794766
31872494599097651
31913713565646430
31936425601680008
31969895116623029
31986858816067204
31987233909797550
31989571575556199
31992451983630783
32061630143188150
32100304247630552
32106178892506544
32111973409414274
32127328069843186
32151854667902734
32202497307842465
32204914927998000
32211293464907125
32221627081776801
32264117889056109
32269069714548034
32273729050278354
32290807243312071
32296363155277017
32306070380154521
32359219684364093
32398999159466694
32404907703083412
32411382425261690
32415319847009514
32424749491661890
32432516656211432
32462454218453966
32470740900023374
32491086757398266
32526865638108387
32565285183365321
32581887296430330
32582328612279303
32587461377256990
32587479692364507
32643846100519550
32654646715540940
32667036115988148
32737483859512500
32749430737781231
32855144486883387
32859960980744783
32950233994917073
32969114844035257
33007456342351270
33017061600455232
33017228902881360
33032963951487586
33035246915455195
33036906099178385
33041320903483489
33045479302522804
33046373803515354
33048235313319446
33084301632451338
33099480293075084
33155451041544879
33165164406319119
33169947319041750
33260140748787566
33266958716725564
33269617958164705
33282879410016340
33335286782447367
33364951734763737
33365841367399236
33384170619010120
33393900764756526
33450951740378338
33476323449008207
33499561181161235
33501518112289724
33597228438575867
33605308385430028
33661910943464286
33667484032835364
33669040790427429
33704372751569947
33731237487632723
33763524148492823
33825443023961824
33832527850755508
33855058266795249
33896877256915153
34015686526529849
34027015637190945
34031052914387089
34039413557417151
34056367165380237
34104057674336582
34170471013046387
34251977893422552
34252479366488232
34259931007968242
34264512936736529
34283209793614394
34283731321738180
34331832084574204
34369139845549871
34430429367416921
34462052011679105
34519515307638396
34565273994050507
34641665177563887
34642362978158127
34704696062682242
34740245922825809
34768473207226292
34769088021831416
34770560662319941
34813839764016422
34833115901077650
34833342080252519
34839019909025255
34842941306066243
34871907970055897
34872373843381178
34916114181037456
34949810835243014
34978439030838374
34981473248581790
35045324876330948
35103435559620236
35112784933859003
35128978048515075
35207218869617893
35235552823704898
35351467103600502
35352942047257547
35410850799325779
35434587617958339
35509277093637769
35521552374759277
35534118802124727
35635917874975581
35653529236287887
35670472667851679
35708300665558239
35744818694866299
35789972328991029
35795318600202333
35818923785842061
35847075888200509
35861737722731935
35880506562984922
35915395119355152
35921035564114912
35940969253998744
35949988888051976
35953389778320136
36042875679580096
36043401951801676
36046721404795302
36050443898590512
36087846155904294
36093982308575337
36106973401238835
36115981803182355
36157873643635459
36182162868792157
36197194582057979
36197215793128939
36209577532234236
36272088793814586
36276328075491294
36280254316693077
36311940809759991
36319111875933647
36377659832192175
36379927781467143
36393678787253835
36448671869429507
36525571404510987
36526148939189400
36560914522950246
36586616341119486
36595022947059706
36603365095335124
36661046944021851
36661791719608928
36688608440496293
36697721567884273
36720629729281953
36730282273642177
36733111851982500
36782353861169405
36782541086985182
36789558459309677
36795383965555477
36803013205791591
36806073884733927
36813497188399111
36829296504103347
36829780979861271
36940886746348792
36944187454584802
36957879407425400
37024165801898624
37049513447453898
37060715798905659
37067513460729537
37127168098286626
37129362957388797
37195929026819572
37221188850699347
37222157634438426
37246035110942958
37342159317886581
37344154466406321
37348379177370033
37349853944899615
37392582747758851
37394593297482151
37398868692086861
37415896302997184
37452969230197074
37463557938182989
37547714527963121
37549470997888205
37602114725846022
37631931630170353
37642410373541692
37647751497077528
37690507844952464
37721929870122473
37731549602715296
37737986483247211
37762697551810938
37810650691272154
37834802579831960
37870034991617822
37912263386391108
37912838004300288
37914349468470028
37956634943981752
37979988263695145
37996775522461313
37998322700513781
38003204460500877
38039488029100883
38067448943889832
38067568902957130
38074725504620369
38130302444856345
38141276657058669
38164462416528343
38259085257102944
38296882258491911
38338962682819533
38369357113496331
38373423916253727
38405178500199617
38409346344103295
38446028627893265
38446195658747060
38447528792065257
38461764991283277
38466950023190527
38480212359025978
38482939595254954
38489317598202172
38506941908136048
38510769190943578
38511494266892318
38512329466981942
38539680743244102
38541052393019952
38549958280411101
38598365818655017
38603115887255512
38632787675321512
38653432475705031
38666608532750886
38703920690360537
38726267377371583
38744529218064297
38746370095842021
38752504774507423
38794475134400118
38802904403426485
38829980802227247
38831522044619222
38850335042613227
38868773152608450
38876376077795372
38887412188790091
38918859110102976
38939205222005064
38949253435153806
39030458233654866
39039739749280764
39072025516679432
39095719611730352
39098283068478266
39132007220515418
39146261768273843
39157751607832593
39215377190606506
39273542592724181
39353157796481773
39389719445328686
39410981210910796
39437446566737446
39438430134644056
39457213389267854
39493959110535442
39561454057436005
39586987311799531
39661285430033327
39662671425828007
39680142913282465
39681266882591635
39701322354225391
39704519966812642
39718088103885760
39738918001832120
39748297377755518
39752724764031434
39761378378005634
39776766747198255
39844468565935755
39845495322366884
39896145560821298
39910693654474083
39951802237991213
39962934662870017
39993664820764717
40023086129094062
40037874766400882
40201257568768887
40285736345391770
40301267923694771
40338967846775772
40341008910224457
40341307500416457
40342999031751305
40343639148091546
40345599293619289
40394584528805434
40396215563428058
40449608598301170
40483621004209396
40511864137598095
40546389319672485
40556788271090781
40586840465469047
40606575274329473
40634926190697797
40776245004515465
40815933835631663
40878438596026823
40879412590380275
40884181775529311
40911869367539534
40931566708203926
40932156672062886
40935490082619996
40952732201945416
40980941254033012
40981609928828276
41031863371194610
41036834446472434
41038742037027902
41049654422508838
41053746054760954
41135379641733004
41141048130270472
41175879261301552
41180748824079866
41226994876724248
41229295795582808
41235678533285706
41268354844937245
41279923888156804
41311564931391691
41340366433444820
41344043467798096
41381714102015005
41403905680006502
41426429659550208
41465542606290604
41472184782375724
41482938459855025
41498584995945181
41522773701009796
41523674987290570
41585792998220023
41631023559444041
41634276114653021
41657975037012161
41697514387775800
41762734839483317
41783948108504721
41787646851189954
41802247435239306
41807253411396612
41821469600490848
41831183570695254
41893251608167625
41895325620176262
41923133919705094
41941492772286959
41953750587106533
41969056927310285
42075510864729520
42097287686999564
42098231760784260
42132476293541860
42137979383117104
42170403369897368
42210443360626355
42270129752663774
42271802131269956
42309000805312014
42314585938904182
42341941382540515
42356905101972275
42425571855389661
42434499927899276
42438446610273861
42482298481796424
42484152989144956
42509436290279930
42526717988721187
42536949790170167
42539598819045788
42543583220403152
42561483270618951
42593349672817917
42604340760459886
42608319671161318
42639037262359568
42663322973374097
42716708065271219
42729697598842396
42758401125518362
42793100633159043
42798269574407679
42801931156795548
42824809182291086
42857814617500451
42877657326791366
42946532441562932
42978384526351916
43071286440717382
43099350314865957
43113444335049067
43120739604705641
43127529601614710
43132983920646066
43164564095021420
43165827945535472
43172363871828488
43178365348423672
43182925846010800
43257867061319991
43302045062368530
43344432314749628
43377191515256882
43482510008201534
43504506226903725
43551993234381841
43554501283805539
43561312110989140
43561959014713124
43648257753881751
43710333808296091
43740851165453643
43752004640086489
43764026465756567
43819612144889210
43832209719525228
43842886154625469
43876893789376298
43893646518196035
43899590142569097
43906402147338127
43906491302129227
43923995993258181
43925952184861986
43961738254180710
43962193473537310
43974705876002286
44041647383760242
44042250588093854
44048908844419712
44051963251993475
44059381229072949
44085658896828918
44085824585823318
44119505821551782
44119567031256010
44119966678213354
44129886732162762
44191786984833048
44307153753017632
44330861069126187
44331200818880595
44346544671026793
44369268639994200
44371599885856669
44381275713695749
44382283234446605
44393270560641426
44401754373063455
44411462500500365
44413650766071509
44416864858676135
44417568325478965
44504152271529009
44523102654003054
44600301175680267
44640820513679352
44713531755286821
44778340747600552
44798003625808038
44843800634429493
44934172503159620
44963450908379030
44978961700937363
44979716209234993
45034073820794473
45043677880413315
45046123657635645
45062394999984429
45163399927193064
45166022690610885
45194164595337156
45223279050886456
45223558372421164
45255703320635494
45287598274090789
45372171022704685
45380269664737675
45399707772726968
45509211423832280
45522166125567052
45522182604684784
45565853072455615
45566469515796128
45587089554734528
45620369609772088
45658452990873434
45736588694855818
45750888980043856
45766872184995131
45827951466109948
45919025526644040
45920025471785816
45920713223211487
45977000025553215
46010958730103375
46035281293578873
46049363030021610
46059204820947390
46062800309753467
46083191546749809
46115271853576489
46122034075743414
46180222813064037
46239673826003597
46243446484792395
46244177291573277
46322698549708893
46334134534633283
46352696721293994
46368077510834922
46421903139874442
46456056509536896
46462405341759993
46484229277098453
46502568335525229
46510426985718179
46513781498290304
46530574671678939
46555351370109516
46596241242269414
46605568697248419
46618231409003420
46625105821087032
46649908635625105
46708106067808051
46750063001271062
46755129912967183
46762302454083183
46781802485804045
46784337436456341
46802780922845781
46863790172151495
46879481947131471
46927614342717206
46931444817389906
46944792473179406
46964438911067266
46999657831308979
47025222982563959
47042752557233107
47063496252007239
47073015018075071
47104010499961307
47146137415659746
47187997754648445
47190829191830291
47229934262961998
47254274730804297
47300741837372337
47321716590369247
47379063496146044
47381945320680979
47388440089093595
47435026033083011
47442108062769017
47451586525910114
47465746365558115
47468902430132277
47492966693894486
47493091655160652
47556314144803112
47558124253642616
47618693410783528
47628336171809782
47628347140506279
47645941047731867
47670656985789153
47680763836468617
47740151709466344
47750319248369256
47776199235218874
47854195512782941
47908468142443076
47928425040780285
47930675234736247
47933338764905003
47934045629556011
47935074365360435
47937605856772220
47946812739850988
47951053421388890
47983722352058418
47994676820262108
48005033750868786
48005238615102622
48025153534621192
48061938843444872
48066935851757916
48069623040482316
48072115640976288
48072265536474672
48088924342331586
48090056026895077
48107262705847947
48120430900788191
48123049267194110
48147352566632763
48184146480274591
48187638621441187
48218499768983361
48246977163503809
48287797094562747
48367024949263279
48393919449774594
48394022529769659
48407895884859394
48410881959495915
48440266885041223
48525433453184152
48550762902639727
48551722662418387
48602267170728087
48646780484827916
48666463426637306
48698416552824894
48713546469102859
48722709697469044
48724936460458600
48726671382425120
48739021121371832
48772659980601016
48811706483993516
48832703795211189
48848318702746353
48853666677355501
48871463757619105
48883294208987295
48921104439637090
48923383446949394
48990547672452326
49086013302293017
49126227273486189
49149863591084019
49151004594255925
49151140816129594
49164828257718800
49202539057003625
49221835473844873
49221936996522987
49253982687452113
49273520824740418
49370438889077684
49471241693469632
49471661263372458
49474612733383122
49496083215135966
49500037563195078
49502540970384678
49542900337619291
49543653481223593
49570641489085342
49576050903315922
49592203668205288
49593525207740848
49624159055494816
49658912809364807
49664022933484833
49739663768703785
49754131647731114
49801015513425935
49832320587484633
49832555379104217
49844097374827233
49862065118737983
49867009492635824
49998139979237167
50074585214648651
50081602750242263
50082456695310421
50092181040425713
50095901367566797
50127707577664979
50167832752066553
50183610864981238
50196860087932852
50225227608407185
50297201987978213
50303645064627905
50304486600189225
50378392778351481
50385873534464871
50430506466541495
50509385617513392
50520740507901142
50526982528401580
50581904960421332
50595836381850772
50674805189652332
50734619329484108
50746276631356804
50753347836905044
50770706309544508
50797183948022377
50802267510395273
50816879838183331
50819678979544556
50823731336576225
50850551677335689
50938246234576393
50953163424022564
50975070538605237
50982399164778421
51027108638415142
51045045682896820
51085499426271990
51090170444930954
51127989536135933
51168256972652965
51188182682197420
51207759517939033
51268922370117380
51293434091814662
51314257205189888
51363419438202018
51374740928063718
51383522073459918
51401694255096693
51413579341092700
51418100462572604
51429910174796452
51435481490773720
51449679002897838
51450759914801858
51485805359867819
51573779266783409
51584267759884556
51584278830054263
51633040822738721
51657831696969953
51668036583671825
51675200883641681
51676295398438641
51696273641576735
51720681170859331
51785041499211440
51837180050273733
51902931724994993
51906862494079830
51967908848096761
51988447241444247
52002795348997852
52011018777642470
52012453962861936
52054028185092996
52089687703674444
52096766093235386
52103956499371999
52119923972639351
52178504125567262
52254180625240469
52296906077283478
52298929313023982
52312573823509250
52318243061875356
52424686687725361
52425032446939096
52453084069141724
52454885675538163
52467071908331072
52542154590255046
52551796713195483
52569093461196981
52569209030163612
52587259526517485
52601480554519827
52626339638247552
52638830545521408
52643715492767976
52704991366944012
52716727516719201
52741480028823093
52751302963377708
52782558949748752
52819110684151499
52829866105868497
52843711559863249
52859357180772344
52884619093897802
52894194557827253
52918098106734625
52936441928536345
52946467722226703
52988614308066340
52990543014401728
52995821620953064
53013576201231464
53014354081095968
53015102011997565
53058258176194715
53070587943028250
53073016935399434
53074091844738794
53081163904812404
53138904791295395
53139628465132355
53152704487117605
53196307819562229
53206092739923296
53212879373762696
53213259616197751
53221101165003589
53262337834760849
53263108585420871
53337623602632876
53366066948192598
53406731618237670
53412816944585301
53518221417472157
53527524855782504
53540888996484203
53570993158713804
53595514591849840
53700788891923257
53703658827788955
53711217863505468
53733036715266294
53734485441576864
53748671788076282
53792657678502572
53824039973775254
53836875874699796
53836963266973996
53879236425215716
53879335978405062
53890514652418630
53890661269612078
53910511919528616
53913230183057896
53918351661413457
53974444940154067
53999853787184827
54056639257680239
54071126477584861
54117643561762554
54145046481780239
54196543087470301
54198121595247607
54201495800752177
54223868360588518
54277540047866598
54294759060613576
54297229039165903
54299670636351619
54341968134029661
54364583693876989
54381038280854506
54385195236652294
54389170951107191
54391092476725281
54391852924928837
54392365068152957
54392480845276382
54445598263621776
54496946190442408
54497546362286108
54497864242303436
54504203389029809
54546176706938149
54548679495658999
54627599609181134
54641810235172472
54646784554523112
54647634083467188
54656455360940097
54668356100892709
54753160575574212
54802084923949981
54819911431392149
54886363167808872
54923129430958026
54984701050877690
54993443876286375
55016638002162907
55025000924140684
55038462372553432
55048952619522898
55081160605170350
55098903754333210
55104391506953421
55142382256632370
55142823891060285
55153025167157910
55153379759726862
55154706242803662
55186782140088773
55191651794259912
55202268832437154
55202332937923790
55213567306191770
55264270960682195
55281527792853524
55283813948483604
55283849377383429
55304609053761498
55351598357948441
55351932883636287
55360855081365723
55379260392960296
55405253858754076
55426263683565420
55475247358464383
55527135383593823
55534063360853351
55542231886230927
55600933875140465
55605408096393761
55628196640648881
55628252412335265
55649107981385833
55649547932537767
55716082752847507
55744809898125940
55755276114779221
55758407963586721
55770485922403414
55847086042716968
55855387638302269
55909945195725364
55921708237952552
56077064372869986
56096168037096176
56111977596151186
56121961999882111
56123839465221931
56172390498769936
56189401209394400
56206665043084646
56241027629560691
56242223682207711
56264977839161925
56310661178239070
56330179819259327
56339336884824649
56342235684540361
56347555293863542
56350945192520070
56364210076032434
56365556983417829
56453665298426763
56454690701471875
56458447217858489
56472859736829979
56501487942425743
56538542685895823
56549843971340282
56560101234483417
56570015685295504
56578863260030124
56582104984717356
56619316603256004
56622974977185886
56629756422089207
56635248236168577
56657123990754249
56662324705369646
56701827736717589
56759496074958232
56858419231184412
56897632055429247
56915164919571096
56950225689331581
56958701681979379
56958774246616163
56977942441663685
57005781443345109
57007360380802217
57007479735913367
57012752825677281
57019143138434970
57035279668193205
57087174061780806
57139975234979525
57168664847170732
57186441693984050
57245486645718056
57246353464191846
57264036147141149
57269064166933437
57269676562770490
57278184361140621
57346728334520308
57419473877451870
57630108342980954
57651648958766930
57661352007327482
57716392219556541
57743354551978090
57824332973122868
57860873225780220
57995210104848353
58036621331692245
58037786769028482
58050366916667266
58079549961924142
58123978517735968
58142759731169243
58150281569447010
58171065951401337
58254982248162036
58257193996383399
58277001338697809
58278610197320597
58303827317720285
58384623554658881
58386527882770721
58391952250811105
58391955577906268
58416237480381851
58442275865738157
58456871935877352
58460655733942014
58464467923683897
58471805874702841
58539283026577543
58603277104643530
58728784561466770
58739063747676411
58812646973086527
58818997923374247
58848387112665566
58857394030788470
58863629686813250
58888552845090275
58889224957710027
58901731863046403
58942927836007671
58977261992808414
58977738790529700
58979121669887901
58983574250562061
58994872247417515
59045496618781095
59046714951394203
59052097239154125
59052267006547492
59095649942802093
59097720622929155
59098234881594017
59098267536281180
59105285292494771
59119946540656852
59123790893002679
59154579741328294
59155013323527862
59168398601664358
59208076991131824
59216486855003376
59232607690369656
59232832244258348
59235848010186446
59254626657678036
59276815878477411
59287732650443111
59288157183007769
59289136898727728
59289327706506078
59355967515201518
59363608736852474
59375913379006434
59375960943094954
59408702445471937
59410857897571191
59453150130524023
59472776362068629
59508006263221119
59531027806366374
59550835849735824
59556111281819130
59627172213619875
59657056551516473
59657849521906489
59666509560585625
59687489718114160
59740374551049472
59760284077197542
59808126636898772
59819466779789366
59847914580489786
59854674907910347
59869824290462648
59880938483489441
59883916643111096
59897639176231571
59958862239928264
59994595123638491
59998267478718953
60003360677635694
60033649133239290
60063935922963175
60080507935011948
60117426744823014
60124587911697052
60153064029055120
60153522890055088
60198480325605753
60205689773133971
60217814989990967
60241713210488405
60274723103043282
60276085386098954
60280437457078670
60333335449565250
60351669878295686
60359562490444934
60407482232980986
60413752304127061
60482985453445092
60495063632549712
60501141920223912
60508701729018252
60525863969412546
60557124509759162
60562065908281287
60571209574368255
60628413976557322
60671871901624231
60712228560974771
60750654618903859
60776592037303302
60780577279855147
60850603040411142
60852695038515280
60873562400511836
60903875521700606
60952189650575276
60971374673092713
60974887100406323
61026351328503163
61113423723237926
61131008926642337
61146475032224122
61161364287779566
61161856690252227
61166452019048209
61242677448144528
61250058756743348
61304136464609303
61322201297082173
61388480849051101
61389465128521451
61401899300823091
61403323001519035
61419763681645011
61456448871803905
61462363554922603
61467064730035529
61467936047353642
61477686710068860
61514664459847607
61527670292021605
61527747870285236
61534039313632139
61535306182022663
61537096298669816
61538416504267324
61540764901910612
61547051822497622
61556075043562694
61588786379973139
61594236604553731
61598918146989623
61658507579722529
61662597250309646
61677695451134088
61693490004796438
61707511792862918
61750161109096091
61750180569356575
61779314058785575
61779823588802453
61827002345005115
61838979724947631
61864232330588861
61868526822552194
61896879689680262
61950909520906367
61970512661627334
61986161182795668
61986410021995413
62056191087473845
62061761313315125
62069363270476630
62122365975746770
62123039391382394
62156413471027079
62157318715376687
62193779597679227
62194474565245355
62202085999879193
62258761525271984
62270020000221289
62278869114125173
62279083361932837
62279836007959165
62299481517899203
62303370593248622
62303396892188114
62341705354258268
62354460880708876
62359023336773441
62361778874974944
62410199798843646
62446152504534294
62451067845454054
62468361807913776
62479943198130292
62503936931584904
62554250693372623
62574055972951850
62604055923939734
62646339497226873
62649500894442381
62663512029256525
62681916734914328
62760638845438633
62760721692089705
62810326549440670
62871926830700885
62873087811552443
62949692296892211
62949832395480595
62965258337443935
62991038287378373
63071730030648867
63073440061481601
63129880029395291
63132146331476927
63162159298188661
63215837948372053
63219170454692668
63229338900345877
63261391183630396
63286041610740185
63300022761327521
63328402792663853
63361548046618033
63376434645284178
63447708499295538
63455443010285268
63457791939091898
63460161109714362
63471745772878770
63475171426472020
63485014128001847
63539481245076237
63544817748064979
63555513185080223
63584948589662761
63590393734802111
63593692721895161
63637075988794107
63660294560748739
63662441508995179
63672921231650809
63676794845868805
63679194204800903
63687665911846653
63699413807794181
63723761395063913
63731693624170804
63738842008593980
63749698460735088
63873725106300694
63873854091474223
63881995293930553
63981914383048321
64038775809741343
64039657457233159
64044389537472759
64045059542558855
64136646268997693
64147785191920877
64148434683673731
64153880150924181
64154022407034331
64155014728144189
64162746800254699
64216028227965611
64259312938115305
64269240126064303
64275079234629246
64279025608190298
64279232945099682
64284854047773099
64294048668789898
64333797252005300
64356978792758260
64386677719758491
64423944370788273
64461363717076607
64504820190382170
64527203861014626
64532617437551800
64535061002500861
64539600038401533
64611298222173759
64614220646569027
64733662190858571
64748880193980749
64839800838636353
64842825449893691
64860122215703771
64891724111195825
64897864108010489
64901645176220269
64903345149322775
64993573563735976
65018041426715861
65036386275038725
65050636285499521
65109512917230070
65110821105634222
65111110790384635
65132334608402314
65142310706915366
65159017021658297
65159865661836353
65192020994392957
65202460221816739
65264049673156645
65327362789434552
65382134975505616
65396006956225360
65456812569468619
65467589442129599
65472955719347965
65478320295644215
65483861238618896
65488488294332176
65507109761275985
65507294634049253
65508914213963072
65514746830865417
65515178010144837
65526813269799366
65526818675580230
65552116801792052
65573590745046735
65611427070574015
65668070380600290
65748107032352502
65792441137204579
65811814747214874
65813762245143845
65816356909584542
65842076671912878
65842804583752078
65845762051049254
65846823933720182
65863900572637631
65866608320956465
65867109153740615
65894509928872745
65896821613377041
65955174146792987
65970531216902227
66010293171097206
66031529040547524
66042912148290832
66045427871864332
66047449027422194
66048090139139714
66058388283912998
66104293299382207
66141114446672435
66142768711511693
66144127258194558
66155701528202397
66163623596846415
66209687122473729
66225831070315797
66283039886193823
66306315622034635
66310883447299015
66323731740028868
66328656306814326
66341608041498803
66346646695674708
66396629167943133
66408694650535832
66488031128866772
66491240881761952
66493809454538568
66550976334345804
66579782290399194
66593162120330024
66611674019736404
66618566396403074
66626349018958576
66732468028391076
66795744652396357
66803285138769126
66803498489145296
66831620289577977
66832024634833727
66882952900394848
66889021107851473
66889751244183677
66892662009303367
66928750826887537
66967437944370161
66983143373678513
67014767125481879
67064590515761201
67088911646636073
67104615897515088
67174855097939063
67195414857488887
67199656034783819
67199685146051785
67230339946849350
67231429875861158
67232520546783450
67251846735455370
67253440720245583
67254533861776498
67268812062167966
67304243612856191
67307165393289618
67317178959500006
67326103557881993
67340997690053553
67342575870856759
67396102031225310
67417937418191368
67417951907550427
67480726834237542
67483564986927642
67547016449822564
67547177199857609
67585909254609592
67586907485429640
67587580910729264
67601318857996229
67640574284639972
67663013755979164
67762483402250434
67859735764626597
67868609206872747
67912130287307541
67932225459869631
67953560564351129
67964264099468796
67977934836267123
68015960642520267
68028463954636053
68030901333401838
68032084378603022
68070198140510951
68075414504632820
68125229984575874
68150686422224378
68159439130447714
68203336730364198
68234219427454519
68245940164020508
68247010501934632
68314708329317069
68323273798565433
68324920815275013
68326093054421513
68346265185021147
68348875792573170
68367564123184038
68389644887556568
68395718123905882
68442482945139578
68474801769085350
68481040306850984
68528031791240508
68549483734825571
68560640982786803
68570915234911487
68572970313308927
68606788765548167
68606801663901383
68617599910136327
68628103572480959
68636471068118369
68641138304922341
68678777600380421
68689522016367617
68700788471698561
68731643285075431
68752256761813102
68771130757498947
68821115186187598
68840707843862133
68872407671531423
68873225972823426
68892341002091038
68893165249756966
68897923430287996
68943407035760200
68954957872727100
68955605360350220
68975799242699595
69028400814201613
69065725266029061
69085823888958074
69089284217530907
69130085673866719
69140567053088139
69154321075674647
69237536989205469
69243701722694747
69296539584820683
69372945858068715
69374180391871035
69433283085057407
69433306879628389
69433309599770869
69449783413393302
69462750969830004
69468401979160059
69483844378960284
69490972243670617
69499870344830243
69502577602326875
69526428355683500
69580506674433682
69584236339121795
69613421023064001
69614094114836983
69615742917961671
69631634224922562
69637936333091926
69695871606340197
69750909491714649
69775863131388020
69795205517503184
69831549257997479
69848036761107477
69857400974607020
69875606592221460
69924678772963545
69933205109647870
69941889261569745
69958825481708229
70027423144106733
70043187456698009
70045148779505923
70055505959302719
70059086037466663
70064634849280362
70072716308130432
70074647442037757
70084131096201985
70086515621921055
70104317127771565
70150607325634553
70183029247040140
70193990678329452
70197461683812832
70234665327527163
70259995230329059
70270416560076269
70299018868585232
70304164036707984
70307283342784600
70308673003647490
70341752908121760
70344993804457364
70398258874526487
70434409801725055
70437968051457043
70445925376056729
70499690135373459
70500172964383329
70522072016833077
70574948797578756
70577787444906522
70626039479564348
70634352476880389
70637410705240599
70665092459211693
70761471768576364
70814381231390157
70845531372370482
70865922516904506
70872462970126887
70914611658595365
70951922002329201
70984625329077141
71007066047294102
71030509933564907
71040287695808776
71049231532702057
71051038558266552
71059962902996192
71116654764138414
71143969002742480
71170280099899131
71181333292363465
71194102577921052
71197686872162172
71233585533843476
71285335496463325
71290863797709653
71292650710434493
71341747823316698
71463307355919064
71489743627160165
71538214358682642
71541522150872456
71604633567483774
71646020406237056
71650633694836944
71668251272844937
71669793603577526
71706416390907276
71714372052273321
71728989851989981
71731811469699535
71734733092537871
71793460849693240
71831097512305468
71904883946151332
71944904800594140
72039155307235942
72181833618391296
72203528514733877
72211132888681671
72211570233579703
72250366041471486
72272469366835374
72285080729963783
72353576410094661
72410522822643590
72411149418464012
72433688901205090
72461154668097266
72495000544258452
72519016106430979
72541972876722204
72562138985142682
72638746119908078
72638923659278966
72703558385582446
72713206400786710
72826897564932936
72862610109094761
72876468166009671
72884034361489764
72886154867591724
72933338105714894
73002492674716203
73004574809972573
73019728653909045
73021659150586245
73091336267734293
73095785017834053
73098355576623800
73101308540161856
73116719151772434
73123237221237135
73132378094701091
73140016529973891
73143891042941964
73241183997417203
73243730510081711
73260799541556919
73268917083013850
73294283131855130
73358669623817345
73362431776931399
73366816314707863
73367697762175816
73378675164481780
73418804264138581
73445198661621467
73511172944764205
73519184323211991
73556401019663601
73574101292008980
73588822089218661
73645184876503894
73664785849255629
73675795872736561
73699167418472575
73699271063472648
73712843890414792
73724755689993193
73731939195178365
73751169581181053
73772422989901985
73782791008867681
73842882500190813
73843351644063648
73913610253869793
73945277923642023
73954806822230777
73972756480051469
74004200829689539
74007596651421881
74020864829142965
74043387676898841
74074215297718986
74151805938125142
74200775959886536
74240850408526466
74240898437113262
74285323342327544
74303830967818136
74305356452929526
74313902092657792
74339421776558940
74350388038673018
74351886811605578
74398427050964378
74420561843245334
74436223243225398
74470861461186903
74516222833240407
74530562565074051
74671485899022071
74674702436539901
74683395276712277
74688354916866473
74786914977199904
74850269077907988
74884938971476366
74913433944919071
74960781884198981
74968730948437723
74985272603862433
74985742688232658
75000163046015914
75000201838895646
75009609507566514
75045247690062504
75066639716362880
75066847882944841
75090569968520639
75134006676529296
75151638915370863
75231977639707573
75264100526196425
75268488766077914
75296236714711409
75301927444189353
75349683535597270
75401580676630270
75412315383726768
75479993843850672
75492880327989648
75520733610064332
75526527757114955
75556479114569675
75562997583767223
75574163725800743
75608799601431603
75615848671207279
75639497216748983
75724048364911127
75793174931121445
75798427711965381
75845325637569211
75846571970119705
75891906345084141
75894806016177926
75926614906664857
75943179142047665
75956198821293545
75986830428928959
76002881537735816
76013927573642708
76029466978540196
76031899082565396
76034817377669028
76066606564200522
76075814317335220
76076079973857028
76079109783795645
76081222061317005
76147427031335917
76263956496815827
76266335956164661
76300847531022533
76318031317637413
76363459782364887
76368518502067840
76380886524265322
76390655130701672
76392632407436791
76415299081667593
76419836533599657
76439994483398597
76520344094757249
76523076011680865
76526014711720025
76534343087716675
76545270601076215
76600232477646938
76601189897464901
76643237183785377
76646051534130155
76676378568630913
76693266667913775
76711589138408509
76716261829594717
76745798661051277
76866359627543307
76878803056018690
76907961876989693
76913328463627092
76916813230256864
77001592136729766
77001821504712282
77008897463961702
77121540312599309
77141320028688354
77142698709988668
77160720721416416
77178954348717696
77186598893799619
77194046024290336
77196262739397718
77197699880936824
77204469218439444
77215348997108194
77255469389126002
77277158554650777
77312157380030785
77346891235328980
77374689868889122
77375075341495034
77401514820083450
77402943926592380
77489703748787500
77502252586921189
77524423173800723
77524802956097067
77565467693470639
77569049514980583
77575925911190343
77599975176249854
77632963754124182
77649065699608898
77721893874282276
77747720614098335
77809503911597667
77911159545562393
77932496604679065
77959290177277610
77978923415127466
77988904396455452
78033594449042261
78054428884367323
78059363128213871
78075665724537851
78104947348480523
78107216179780860
78124223460914434
78124318484699121
78189701133531819
78216379215486067
78256519113462830
78258966340268130
78259462242185620
78266465686801351
78279592296947778
78381870513764516
78393991249872256
78416050325601984
78426467009864104
78563928173001542
78592628529271691
78624939549278691
78630960815884206
78636752451373476
78636757099784493
78651440459737983
78738021598175172
78768809598579092
78809522980724342
78860392168082527
78895588507343272
78934983727908000
78980332919712037
78999681361332999
79016346556606271
79030697736605459
79104643406673857
79105388707243297
79156338372433648
79253260026633388
79253312144928236
79287450680321548
79328241428618133
79328247436184633
79337170760035313
79377137615297772
79471831962783529
79481951556454675
79507219562390900
79566501993781380
79619763789009830
79621643929961374
79660573124458872
79694652336190812
79770069608479535
79777652747069198
79806035617157790
79806155702603570
79809374714052959
79832613941564086
79850402423256524
79867767740680004
79876791540546176
79878301891573259
79884122210208809
79890411338978733
79905059469731187
79912378045394787
79951467528475400
79978199913318104
80037326886285781
80060752660920096
80061313344490686
80071445299924328
80079749810172719
80081755983753259
80118149586722269
80180842673998112
80191436752512822
80238750837877866
80245844715905044
80250705317327104
80315930083702878
80318122559157486
80382060207063703
80383818352592428
80405444899903836
80405511334764129
80407940600715350
80411072799669284
80441717503060909
80449610071314997
80462285257224907
80466986837298667
80500056189173884
80508379262948731
80538531685390369
80589158308196721
80605066550519239
80605085539422752
80709770609045368
80717076073404123
80726920053921609
80728510738969443
80801921432039307
80827572101599067
80859898232234536
80859960290837075
80967420901551199
81000066355635199
81053554566381301
81166240902473181
81195385254612696
81208481803468380
81310276143763410
81317338920404148
81324566310117574
81326602595009174

