49994034851379
61630432490921
117317023680287
228375494231215
243854570066989
267697035993814
272896920004990
289635925717962
346513009946865
378644349276957
383374999953030
438313637906502
479330819990201
499390391291846
524113541806001
648896219070016
692927571640872
718926945908112
732122463010630
940392961577047
1035239019322787
1053465973379351
1059408992981969
1059789999372273
1066398634433977
1104295649125256
1187817247664123
1190995615348799
1205736603120149
1243377563523255
1282380094132643
1282945399263857
1291529368042202
1462987954054777
1475272504849124
1477137146262192
1487599815106264
1520242138182676
1524692757911134
1535173088646404
1538981117955299
1539501583820717
1583295549540183
1585735794112430
1640569078568267
1690214070275155
1696291585064515
1731288761908418
1795488355386974
1831701264288130
1856092363171764
1860916698164189
1865504987318597
1893135958002496
1930090003099540
1944377900142568
1946193726590998
1948646859469196
1994826657324751
2002738312332851
2006711323401635
2023158546663635
2055246760564415
2119815287147963
2121151549656453
2159752741759182
2187335089868907
2204860362919421
2280818387514456
2299916027240206
2368642131016315
2369075444098762
2376656636746102
2378572519600213
2398422683537633
2423252242470801
2431264275289041
2431390823989057
2432932008573143
2470421320055182
2549005374522423
2557821251776473
2578137725671629
2615766599472564
2757595657439923
2832127355801374
2857167675240124
2888361700539421
2888911089690261
2920966271549577
2962260718009385
3011236658230957
3027696410917590
3049118612887593
3077369506649528
3092563547544178
3130390657694662
3131232030425086
3134781191091661
3135722714997933
3146911621718565
3160002419362676
3167515463813441
3176223825359145
3214857044528592
3265904890927126
3321660705353591
3326843370963599
3336823859091173
3338344351601201
3386600855074764
3387671937203892
3390417665498137
3471511169247375
3590148190436511
3622232401646416
3634212888907620
3713727644768596
3764683361351981
3767936370904770
3778897007731017
3791322733959714
3804985851624442
3829877976176534
3856986143272106
3861254662598780
3879256637130794
3924304443835240
3951873300569328
3965527660510104
4011247679444719
4070736457445824
4241594936610578
4296598439239071
4315831566619007
4331424307831688
4371569506066438
4379272582024048
4379860870075452
4394093880797201
4414236357760866
4420800459353625
4436028980084411
4436420784970748
4510635257542423
4516051146855021
4539598956252173
4597960857597422
4610545105570385
4672655752229315
4738619018838512
4741498681067312
4835384446238434
4866158009955640
4869642145882564
4884420348777937
4946973241443133
5013888760153321
5014869816587371
5025333257847669
5142567302644957
5143818912223513
5173814202190322
5189593813277562
5316235276626476
5342990699345776
5351337370504432
5404481318973255
5407221304239376
5432437359883684
5475891110407396
5478602783508247
5481252510925962
5495757708371752
5511426982154696
5512986669699798
5527705192221592
5556926975514203
5575789692315865
5650727370961920
5843880662328063
5984040591342945
6003699839864674
6077445135857968
6087668106496568
6089440150925548
6152205428862474
6190208094831000
6237438795798450
6312243407589138
6408801734627105
6465716531552103
6467551314127113
6495420378073769
6524261488434656
6566140422195775
6582534006680157
6621614247299114
6668689115146059
6677585529858699
6681936984583544
6691189629266371
6691908627536922
6759095108859209
6915845842842692
6946694243927284
7001940753632879
7007102374042799
7009256784323873
7009777820470166
7038741145763408
7039076825929620
7141537794927897
7197483778882677
7205498086731212
7259214097491241
7260410336882348
7263514714033862
7277318042027263
7285559095413471
7332755218512946
7359767161380401
7386449446986968
7453593938860543
7454458882941753
7502646711920210
7526914816103288
7537090847675081
7612737755592287
7660273646379900
7666169647675689
7712610880931647
7726436820146025
7728782713737848
7745720042307752
7820956270842362
7833347579120886
7857637404176075
7873613005629390
7880698380943722
7885545765594822
8002448688670583
8021024915498055
8021895962433010
8053152071992399
8106335792374541
8182310908672517
8221740053374496
8242405717685524
8250571391595037
8277893137837869
8356823467437676
8363784442133036
8369855808583196
8417081024349706
8424437094928732
8465673811099754
8552853534068747
8555578394876228
8562104918604476
8563673816320213
8578869384904205
8620639718070752
8637448784833197
8705826883024649
8786638450829635
8788733764349891
8790544221074290
8871382130301353
8904319528170626
9001646157677126
9010006728846336
9047777191347308
9050236810940300
9118792744386779
9132706796449796
9233034593340448
9255509808455918
9263734884899913
9266962213918852
9271182873996236
9286901354654695
9307320838140551
9313300509019535
9314118901625651
9363944589664464
9392173630233866
9413265352088010
9417508718517881
9447396440364299
9549563875914347
9685046765946900
9685489620010896
9758849130866815
9804892655342338
9825895021575361
9853932043199051
9892783655872618
9942200458158419
9953727956951663
10031563641559874
10128747603213949
10152933331723661
10171017326481535
10182488151428557
10277784654652731
10317314336904336
10318053812378973
10350914317325124
10356617001376605
10375490293627185
10383738488641731
10387396210581797
10436029452951570
10445171873520202
10512890143538148
10555851092773531
10592620830675828
10641860274364531
10699383243219817
10751155906709857
10801399856347932
10822379932782601
10833707452981111
10846759063451119
10871257825780866
10915321884228954
10928449914031299
10983152455420198
10996469369046234
11005974448352002
11045555308039599
11096136284518775
11116276874986590
11177566135142822
11214255036095717
11287022040027281
11336032027477043
11341643010962483
11358346520776414
11416636920917161
11523863186635552
11527940422920212
11534329363941305
11618541587417369
11666219897558948
11716531337329992
11953207839607207
11971293818747204
11972776119856409
11987303315219716
12009268806724855
12054536180071865
12067942609915765
12105004250971399
12122918084281502
12138759891410677
12197561292168493
12218653445928023
12239299274633396
12242182788297397
12275350153924549
12333630606551440
12428663034674718
12443437461870454
12453786403011557
12453838854552437
12473611274930477
12474855091450598
12508820733389664
12538698526667143
12542546923216199
12639530301053149
12677681230279573
12707243439915326
12709893654802490
12748193040158210
12759513686190192
12782306614470077
12920958023405351
12936059297877839
12942318804021827
12979999469741140
12980198143258234
13128684056079688
13150623078082548
13185365102169503
13397920311717046
13433250977787998
13445870844108293
13532176023110878
13613158721414920
13616405496315880
13638498329869393
13645444956822472
13799405518178165
13833195076317908
13934434369859549
13939939599476061
13945988783318241
14000683770437261
14041826026025415
14064007516240188
14069670660245260
14116792832830067
14153365285098173
14255962561881488
14256334560154541
14341481436423667
14353493432070066
14364850418606036
14378302830198268
14434052130170586
14456754143667430
14493776781746486
14557867641137058
14564928032886468
14614555180201227
14694620560781216
14714050995901730
14714158668840048
14826840528434987
14837646970070231
14859652706645333
14860810013269937
14951068601529414
14957273482691086
15000390469389529
15008559784329929
15053913265462242
15057708139904728
15060095094692528
15157337565492608
15212656589745374
15230802185063930
15298942455490363
15309710985735248
15373722496451638
15431526362501731
15453418932991731
15465058535103615
15499258517892678
15525052421453469
15533650027558861
15542258418591136
15694719808584850
15704776994124502
15708551746420627
15782256915813451
15791954178904057
15825177512839115
15850781146011515
15854161385022005
15858288039212093
15880222048982840
15938706552181535
16005603445231816
16011999526792240
16155442029909086
16155739758324887
16183120586418734
16208257560360764
16213479975566983
16221692359090782
16298198493376186
16300490648552172
16343053327134748
16444509284393279
16477793855841210
16566263778121807
16574853061709412
16660563106958165
16711748328504821
16752128484814813
16783737147607338
16916380999982238
16966262259984658
16974101920005503
17002493858170586
17017169353570157
17058889492340759
17080036837147304
17109400769445047
17109412542878691
17116594423888509
17145756229523169
17175986680362484
17186930010070746
17194830493533618
17198913340110819
17219109822928500
17293304023261825
17378134549403832
17393164628350650
17423456352259743
17435419852207124
17443301456097444
17476771544868414
17496273419303947
17593135923494773
17594553849777151
17607960176115391
17610659236801055
17642119679593943
17690533413306236
17695673408023184
17860552405091800
17893744800187174
17943958630489919
17973733378823218
17994025539695443
18031029443872151
18152882838804274
18153275072115120
18171815372651012
18210059877498995
18210991933884996
18217251759441954
18283383481995670
18344098249028951
18360001543425617
18360442006038480
18421820095896394
18474395473805337
18522911048913006
18530456171147558
18552234817425875
18608763620827684
18615183604786366
18688159036171119
18703817565388096
18785673641323934
18838550362123772
18866471467987350
18873662166304101
18917213062014523
18959077296970553
18979840487367417
18980862716588151
18994296944840032
19007089213049463
19071655933768791
19113232550626853
19113233753259237
19137940124982344
19147977420462132
19245440976134371
19268159842295640
19328264751534900
19339720244637153
19392505134838823
19564981760988622
19649018530092631
19672467268245907
19689151294087652
19698515240409359
19755270154749681
19896070743410271
19988718468544679
20151347479632633
20153269487673549
20177031211157974
20179907168400871
20203520754020279
20297778092801530
20314118338626940
20330968092000463
20399481878967957
20406026780173107
20444785297289550
20474256843536500
20506248005860633
20523111679429537
20582525800863674
20655216704100079
20697829812934441
20751318144250873
20757299724696950
20784756275089744
20787465586722283
20799002236949850
20813448955722618
20814918999661479
20837678932397619
20855290293464863
20858400230577643
20858909700180175
20909153955449383
20934769202439919
20962205060320015
20974581485088679
21038723511422911
21079084673136607
21088949629336654
21090914424998856
21157694419604457
21217548458496229
21242796315180303
21290397868028190
21290828887633514
21352477176938481
21445350893855291
21449800904603300
21502619286709181
21553096295298038
21604681428737711
21608059298157419
21700639931787449
21742807980594020
21752402979230378
21786618399392103
21830017330898208
21830549149848978
21861301495982803
21900936551314457
21918402836007381
22009470015452413
22068685975759664
22089327486501824
22135691415303485
22168288698482124
22170923399255244
22451974816444835
22497175664366540
22582471834722153
22587297120884969
22598698175764465
22620275847215779
22629162562049013
22672656953893637
22676721940024540
22712959932472198
22842610024898530
22848686590244501
22902437266795401
22905024926463501
22906077106656269
22910558803323869
22951851571745974
22956307672709846
23054525250839682
23056161400506498
23075726698388355
23078164789425597
23095409747329469
23164566987437467
23174091888069667
23183707648731172
23368130687176222
23536370502821412
23551759124531808
23585370028925569
23589637921276729
23663348954758005
23664118412808583
23668699148658563
23670808775512303
23683152150983865
23720300056892394
23720313098893114
23777234358387396
23817884464744146
23841987914874539
23867774393707819
23902485595602190
24133586897184700
24143982334116548
24169018416116933
24197801895078405
24316376802727963
24396007537992792
24429333436306009
24474996150637451
24543673263177146
24637192603705702
24638214938240392
24704315774217822
24722402739560980
24737879276909774
24737913310381478
24792138455281131
24865802087723040
24941177166201229
25043284442738024
25113097855378477
25122825835401459
25134601976511234
25166895330670199
25182198493324802
25185618633376822
25216848621846072
25240521031853472
25279353965917966
25327461124887297
25427425212646300
25441109874070961
25505752012653783
25524399241371877
25525232321920240
25541304433473520
25663887687204959
25692452690976619
25749828525005852
25751273777993399
25775709483677272
25807481913945612
25875353123174978
25875412828501610
25942269105504290
25951606164311090
25953106044106441
26031900191984642
26033520218692022
26036332908739612
26048469317405184
26094551674860367
26114416302749328
26161237592929280
26172658503304973
26173495325956565
26214619505597817
26229254728667217
26276344624665428
26296189744244264
26376217032453791
26410705351813640
26459138216168516
26477793576993210
26531266144132419
26541253943912605
26543007901471889
26559841995982157
26587494553175738
26640008812727971
26660801336472547
26718734792581097
26722367635733403
26850175784693938
26870375043786148
26904894597331233
27005225930743357
27149459408388146
27193751741659531
27248225978136044
27248341835804492
27314616451174822
27319367067588415
27330316521842729
27358305150014308
27422246022997783
27473904560258924
27509396378622802
27596378949284312
27633278379959892
27635315364700176
27648139043642592
27648216229561560
27666467918456145
27672900569540971
27683156676020107
27713383143822110
27739020450607170
27807678745821101
27841964877846701
27865471946994369
27946654049960875
28062935504277022
28128945119950535
28162285218453182
28297489184339724
28351389400366036
28357671085848846
28523251846571301
28573813395346151
28588630736278132
28612660198046855
28671215816233530
28676730254511464
28690940217714898
28693692691106973
28757897496030988
28775476516888594
28851072578626113
28851290668856151
28918334609949450
28958156174083540
29073718376418969
29159720071479920
29192073423268691
29226700658380781
29233887434709639
29266147286044795
29295805829188563
29332466520932193
29360567573865753
29530955405904403
29602666718381068
29661358058516006
29670139683156086
29724393370009892
29775907903081776
29794842516382590
29825361553399824
29835741589895100
29844827724112477
29876171498356400
29877135260210898
29883624513943500
29951208283819380
29960636011819479
29962890654419646
29975572333810522
29976690584426314
29977674293132686
29991428506981721
30125306573226765
30126146704131555
30150709097908371
30177035030493253
30210390486999911
30225460472059517
30277541440984657
30310781862408060
30381890811153834
30480738598022190
30505080747006222
30513022363265978
30568524052953698
30601609052346552
30609295142378341
30656961355728283
30668176465775086
30711021440923462
30755559781004758
30762514965255506
30770990293706186
30835071836545977
30891737870662089
30904186173474107
30907036840660597
30907663730956097
30908047544295909
30949672091698395
31015036681473397
31083233372247930
31095741041368566
31124990274203050
31135201832799016
31181289880729876
31192393958949720
31225771643907906
31296286006061512
31341990054240477
31362078224139177
31367105865328539
31437852017244646
31469879318414930
31520067074688722
31572630366092457
31585501662488827
31620841887833759
31634529147338119
31667772726862436
31676070178894654
31697774777812359
31725569950169311
31743349512483665
31840512080011752
31904134090289033
32064543841780207
32105966190087076
32135894412856347
32165312231840147
32306651104708839
32311739652365031
32326853914539061
32379454408453488
32441220604162424
32442619262157626
32443061956132154
32615777519904888
32616105851721090
32628980435540902
32648011715222188
32661389538749926
32670349742644351
32674686298469503
32727018300909333
32733400717359428
32761576681461786
32771735340182918
32775859348171818
32787981382913234
32788672527646646
32823047541414336
32895743259092505
32948022120564517
32971264223601219
33007263930571875
33093733220109131
33094863272542030
33140901179018919
33179619476400735
33412431278327304
33539312670977509
33590759773344820
33621454195106763
33687057843621920
33758079232798229
33776938465985360
33780911551790360
33791964646623110
33811952382577260
33816868914583800
33850017294764817
33850551562960817
33850708279189757
33875853539286377
33877158696676701
33901547250040839
33901806428790615
33912981714199937
34011432539128083
34016538515611683
34019520278955603
34080734977030061
34142256156044836
34151542789290121
34272618943174821
34287607236015392
34294224404971728
34306430810048816
34307198148428312
34322350194736312
34348509626950291
34428253020560533
34439174318211686
34478224410984955
34485414740519594
34534640010979067
34537500026852915
34644322868814980
34666354380212720
34677094008510304
34696351521703440
34718971841572452
34812931377618484
34891458545170528
34913429503948008
34939075290228940
35073735269844755
35082099794571495
35095893693683389
35102030909481487
35124831908976806
35173768890181025
35240455555011062
35242378853531942
35270865382633529
35305840293962781
35337192612681933
35397787602340412
35432396129326094
35444988843592814
35465768672087654
35477167359204639
35568012319639400
35619750755569725
35649881226570288
35660662102261279
35665395375837649
35666752321683144
35718459875812929
35785698796103452
35817755910478190
35843582280899506
35878219076691568
35895437566189096
35964343468793641
35991184273208019
36038086862060428
36064872811074868
36101309131989664
36129316524258592
36135704093538520
36193260232147509
36213606548553293
36286850742009921
36298325472621403
36373332768434156
36560652824889241
36590723912130081
36591498712948470
36630168661925123
36659213845116271
36665737228098283
36666817912682823
36670347052580070
36781587184893141
36794170998862623
36794701408290731
36855126960232669
36901332930055568
36954633778533324
36974574860296075
36977583006657385
37074193800761714
37078674069904217
37098329998268563
37186628865622410
37193553157964257
37275559933012156
37356232272258895
37394760626040320
37447314230066286
37522130525965308
37529346754343148
37540273325958309
37545067954726931
37647431960930016
37652840395946080
37658711042794372
37736768036634273
37740215564113953
37740245512393097
37822381742208038
37887281618471371
37963940052974445
37977023430723313
38054776334036385
38186178116653749
38195981453348658
38229933473683104
38241767820435513
38298285630511555
38307334411751062
38418843390058027
38550191232231768
38557495778112366
38613896486489873
38675415624605621
38736162149875929
38748733061775216
38755663025652780
38827669304280218
38834079338540308
38838963689077523
38839238740635073
38848905815150002
38853898435513566
38966564761802866
38995831246024239
39037303512774761
39051006995987411
39054100242498161
39125981619459939
39134623178863738
39264451286722022
39292748689662238
39297301291839966
39356783671823882
39372476812975758
39433962596320550
39476718935141173
39502949220368013
39513241299957437
39516007837346413
39561172061883274
39567965314048966
39588770358970253
39618197294312825
39686638677507022
39718557127929762
39776507253801256
39793597308083816
39826101113219616
39827117637455568
39839055227116272
39861113949945529
39980580307648559
40040519264407389
40084150083375661
40085697243071341
40130439721965264
40141071407094659
40194384513300608
40234783118586410
40238081152013554
40261576448413752
40273889328207767
40339400127017905
40372923993356477
40415639320839287
40435736855074800
40512652132671232
40615850646806161
40618352480005741
40659434831331549
40764237298389752
40789741463772308
40812444880188608
40848183279276838
40871314059572655
40908880761905495
40961711639293083
40964309349941960
41001642211427956
41002958307467900
41018172184840880
41149637335404069
41149702168232238
41153190258655692
41169798654620909
41170308698223999
41176220373964629
41229102470261911
41306142561374720
41372542871430368
41390189346479036
41390794330552803
41429127624381509
41429482966113119
41431571540524699
41440342771164538
41446794418519645
41612866879229845
41615245417924252
41653856682211405
41792631570739719
41868612920073053
41907960214940832
41912305063946889
41926375700758051
41947644774794836
41979020877163253
41981914038397778
41991068494069380
42100507386376445
42106800411033856
42123735586870412
42124226301401558
42170254254513948
42211841417298389
42213159335909559
42238352786674903
42242711361073961
42274037769392844
42279047069776952
42298289828333672
42312359129567122
42379476830756537
42439576642921898
42469330686471477
42500425329586491
42508178685952970
42516080477828504
42672300375133024
42701048189737600
42701160844356796
42820674302548091
42866575152402214
42886953879513695
42901861287064405
42933888144094358
43102342688930088
43133123182247920
43167073577979558
43174333659982767
43187492568274443
43200449316602177
43209008170644201
43213349926194333
43272861908479822
43385413209028022
43473787739723304
43507911095267916
43521268389961719
43556871150989213
43632530382604468
43754651757133019
43849129672419615
43866137585400283
43880912672206333
43905492298524811
43993886626359552
43999129084431396
44000413159369116
44010223436586095
44109087266842300
44113499533295218
44115882946874547
44126415386898851
44260603248979055
44285043678850335
44286319440126137
44286591151966189
44324562988859818
44327625625133213
44367104349388500
44371966471476992
44386139278509022
44480753102432207
44488276998390545
44503115071898489
44550773705620367
44559382984053065
44624854360695942
44668177473876609
44689891174010752
44707807424182307
44725844142832246
44753763124679153
44782063447372337
44839213234711858
44842930263858952
44875360377576999
45074207943038902
45128412432846503
45136934994331634
45267381373444550
45360287387899935
45361554491941203
45379236966697095
45444052013903207
45450654812946515
45451513922065077
45596126993168309
45629164491018293
45629215327347665
45632221419000411
45633973912487947
45652837657003435
45701039005165305
45712144455004905
45725073176364902
45725964495907310
45835943661375116
45992648197334461
46038119949480435
46075418114518556
46121319122394398
46131459175382320
46140504112456125
46157948839862301
46197947717868753
46203322810390209
46210120324111945
46246748027360931
46315274935542882
46325483657197401
46328803788811360
46454202220856056
46477111036746526
46493054751083758
46524437900300728
46561123279719169
46639440702045737
46640674637527657
46641108969720492
46641275820518277
46644955137325527
46653619931083102
46712098007579927
46793124500429814
46796108253268188
46808340745879396
46871529463186156
46887627201815656
46898684225244082
46966863466020937
47031730912522281
47036755867889751
47162594134022251
47173704175597519
47184593219432344
47192889075661048
47210638235491108
47233505109192286
47234055035319478
47276253475550491
47276922507677247
47302985357163732
47325111072676428
47407816663402999
47433118368976055
47510399383106819
47608494734057596
47612564785128725
47612906383673813
47696715938990214
47723170689390529
47749219413209145
47761409368664680
47793661159963864
47807569237212566
47881992031220666
47893678099408481
47947436785150886
48015827884269209
48047183022429789
48101623400639730
48111231328269002
48143122050449327
48182320889360156
48195566111793248
48261137873637172
48270347819295021
48310511186067481
48311135372750909
48350655984376352
48356281645702274
48365875999021412
48426459473271559
48437072023936517
48456506387754198
48481134490273310
48492119992014832
48540077088138061
48540077193661661
48541314683371511
48579499255171824
48583031870744640
48590509811762241
48602449329351491
48638566601824692
48653366630976929
48683410268203643
48684328446387137
48688205237226527
48690384151609451
48731194591401472
48755245827376807
48865362991237892
48954458277410883
48960190618728899
48986753416758353
48999264995662652
49003221477215261
49022386533698037
49049110431396165
49143119034520638
49146665046472409
49222635232764091
49293298864354058
49308311832623238
49355936133537773
49367682792560088
49394523435578935
49444249319123603
49450545305224343
49484881146257077
49528975449994546
49529542258771231
49578638434022343
49637930348310633
49654456258016629
49659492332880834
49659509798674116
49719004623426341
49765034226847364
49821679612050687
49836822821613872
49869525762873611
49895642629857785
49911495997872781
49932556604507359
49951683681764271
49994481987858909
50017684156792142
50105964834269700
50127090598797793
50127794747403109
50157522785154275
50195360877858248
50257137855907804
50297979513693031
50379762450118093
50431867416076797
50463730106334279
50518712994109719
50547228604250783
50590419900326386
50591011529516313
50666672240524127
50687701741361391
50758551062861668
50818652926142574
50825520077500686
50916006304736428
50940665063284451
50982881061003234
51046340461142240
51062813384006963
51122601600384938
51177103263728375
51180331361524035
51267237467265170
51284218427248173
51436111481263197
51486807233273263
51573658745611957
51586355338269802
51589676986560412
51637527822970627
51640041264410129
51659857009338379
51671804378465104
51730171172582077
51781676591886529
51872846577087896
51877911944820131
51882297503091656
51903997348430516
51913431791213645
51913440595581119
51920630804082464
51985817912051459
52078252866407522
52093697550710387
52124050852970108
52125584359000213
52207411652526032
52244050136527088
52248243280598410
52275062663659788
52281333657678441
52301114565196301
52318836852339212
52372219110012710
52403812699114708
52435505333485368
52539138706696200
52547168060420031
52637810663235502
52698083922986503
52736299801397863
52791448549864093
52809754967286743
52811876491590240
52842884413259018
52844604999570066
52921243807279195
52976757007017644
53117282482989517
53232525954235582
53256861270428474
53326928096042839
53396948677767890
53397377826702426
53418569353700632
53424409765805549
53492573804939952
53558220188123443
53596786026262227
53618737180519707
53621933202792003
53642785017700787
53676627557038682
53718524024876971
53725262836767699
53725588845031603
53746903105734589
53789866845762453
53797137718699699
53880349186137165
53960241961813586
54033203069396300
54048517169362800
54056328224973688
54077327465044297
54082862315739742
54122688067125949
54124293371313139
54128554369934902
54135058865526262
54185714247662202
54187335348899958
54196387257217982
54204470986585982
54205652716641312
54227387241798755
54237012080273682
54237534271511052
54241847050299849
54305391235221370
54337197256214005
54357310351150140
54377595867972930
54378801471131434
54388886948355144
54434701070621533
54463878629802943
54464440551695943
54528872998465264
54541205501465182
54564381773573525
54574783075989403
54577980411170184
54592245119752060
54609511324678944
54685979462006866
54710541568716226
54714228039347042
54761607001320908
54761705286381730
54818039806675432
54954719636976957
54997757666892703
55006076784064756
55128082128519277
55157587724676331
55188190358592259
55286337461052972
55316565743654846
55337159716176018
55358974903027739
55395310748908659
55397642194170685
55421038793718545
55423047905738702
55432016519941146
55583598649050238
55598285497028368
55603112173974523
55683400583890546
55835491030221849
55865777142670678
55899622844051340
55899932416635864
55918903867948495
55923301535209955
55955103467098890
55984404659347117
55988623044066085
56012923322401549
56051379381094895
56057428402748546
56077817173968152
56101563096056195
56148021003494751
56169003082447909
56174687909971643
56182752491258279
56200322683563441
56200599116008961
56261064645282135
56269896577941913
56318502812102645
56329713580394657
56329740660371665
56456917332879920
56497933580465262
56508840303476806
56511404407373566
56550749079104646
56569287695769907
56573097045715259
56608706758246865
56631676844845817
56649837880242593
56721105938006127
56744798277571131
56745012736434729
56793605864671614
56807983494790604
56816399629606341
56831593513330784
56875059197386372
56954676377364158
56955360535748350
57080039039267374
57098446218545518
57106864035395045
57107578538054645
57153749451395459
57177423029361029
57179018968371773
57181327113518789
57242000122366153
57277499988309556
57279836960242040
57336033196748226
57360168685708435
57393805175481276
57404617818340376
57449268700868324
57461234610898587
57576452311868603
57596249968066271
57596581880344401
57663485796663772
57774429495859847
57850827759267691
57851452957525391
57857507901660341
57858251158716145
57941327989266428
57964895601009486
58032663094831795
58039467351907912
58082139989753302
58097915197101267
58130469617680497
58191671143010125
58205151427831725
58250434753695539
58260770354675096
58261908136516410
58296219270970575
58303206892162434
58352812355302628
58398007397057576
58443795885656165
58502778332781333
58509869416525746
58605810995780704
58606131683085246
58643144628536034
58713124287005097
58797922545610251
58805156775185179
58842206648730563
58954846629142063
58997027123020507
59006492656845749
59038165474204946
59042770849451946
59053720352141202
59055419169207261
59135267103417104
59174097765064295
59195630596325139
59217491822218190
59260541863648841
59264913720082371
59269535821399776
59283329166672459
59316640587648068
59408619421259195
59424149247116491
59426660118746307
59498101370983392
59508782545146033
59543347508753792
59549079720273085
59646743059546722
59652833906266996
59675448961769508
59690933263202808
59695919773452958
59758968989100346
59778222906831730
59781555617252827
59864122521054711
59864697323175607
59866097474574064
59896014859300164
59902252850743320
59935097306118400
59942798989669441
59949333519005028
59982424033946252
60034149223578713
60070333737320337
60145291641426319
60321272231453668
60321649025059363
60324091499518403
60425024836039730
60580371624070039
60581647040765135
60602724109927013
60617784451012705
60707882895247222
60756686198031883
60811648307089362
60822699998729914
60891251872963213
60959535629021497
60959943759668585
60960021576731510
61020060006600025
61044959521021057
61045077361707412
61071828995641824
61127774490667613
61127788911501266
61218940717605396
61268655492587665
61307385674559246
61308491113666510
61400325652960968
61404056959852484
61405706542898636
61409753180471042
61490705496258406
61613252904779025
61613884405457967
61614470590551039
61623495860185752
61625236306846971
61629591160382276
61714140009359140
61783983560707460
61830199922416690
61956077592220981
61963166238959743
61982874000786758
62007627562757742
62010405517759170
62034819791521230
62143729937496177
62147654279670310
62215577867804491
62242362515687805
62255590836016929
62268183497035523
62271008606434679
62305375745922470
62336596354921170
62349020084214578
62349166536777074
62393773801225827
62395825407746637
62448709207984733
62485404733614013
62544931583146300
62625400650808085
62744387452670937
62759126658456153
62832525791797632
62875228121006236
62877408784132528
62960810637228459
63006236535425917
63032299302556747
63085962132821377
63142263113129698
63158748961033634
63190819999443007
63230155966706293
63249636138458687
63310621413967515
63356163550320425
63369117923869200
63415439626486373
63497702063809461
63518640982800977
63553882115317812
63632286235104183
63649754509568304
63677843312230368
63717904227435432
63723175046128978
63745154573481325
63746664069489229
63820643210140648
63851625619902502
63867668400362771
63917061673993571
63951165682122899
63987442936755876
64082359996705370
64259104838035133
64278717333044933
64377278132939656
64386175471442065
64446972007379286
64447626940157658
64520728375331644
64543786638394128
64580441855927421
64600565971760138
64617972510208700
64710393823726232
64767596373457728
64776667797627508
64796474743091854
64797936271183600
64862447082820163
64890565023448099
64893796858950670
64912830642549216
65030927939973527
65031175034537222
65116083847193021
65147021499069895
65164849591798979
65183986191620379
65202886504975060
65225394524769430
65249869324967408
65323694173960926
65346246340210040
65449972681221617
65451366250899117
65462631734140057
65506317851070838
65523188729517013
65560227994569585
65606238698248929
65618875952590118
65621838957852558
65682284658481893
65687874205841997
65714122998091002
65733748567396878
65766807160329454
65767392702286558
65771544177339338
65776626555956248
65799512084001544
65801446382349736
65804019768078055
65827395727951583
65891892016625623
65891988270955267
65970832457150476
65972847838585900
65975959686157721
65987800043385847
66027541635732121
66028541493193652
66051633788509372
66062323876191559
66135244366897944
66177649156903589
66188302817830589
66317736543803848
66324170870343948
66345540937693245
66449118759637049
66458086641072809
66512432747798656
66515995106914329
66524576048398145
66539804049664419
66560838172001207
66610620597701589
66634059051228794
66715831138712547
66776105116753799
66780193499126430
66780701380734258
66787579565824920
66809284986854370
66834858445561617
66876508878540571
66896853667929308
66901834711310164
66918925991940904
66932934997301140
66944761423824865
66955936795856686
67029287944307868
67029372185922428
67081750990177458
67137352277787272
67140722824816926
67144170207376861
67165344607690604
67181935018618638
67198687594272689
67206129299454851
67286265349934879
67393501011049432
67416793126487116
67418168061971070
67422085825750998
67462350437143104
67490021245992078
67568398655232961
67709678603733937
67713379825369357
67713965900070553
67741160557981181
67743846531519610
67762511181827060
67800916048180526
67802876272140286
67839300488305555
67859266471472805
67882893604912388
67972981338219118
67995538863208238
68006581343796905
68033040595068359
68077346788251393
68188229741487909
68193916112320527
68202043318071129
68250089891002603
68263146578608591
68266815044673437
68292911157456224
68316126069629933
68362879244559939
68373620037666957
68471594988234408
68484778344314396
68488615406914034
68596651888115875
68651143765936423
68656634064616513
68724598337017309
68728559311389781
68779057910983043
68829453962089403
68863524116782386
68909289586611588
69083284940461110
69083390880146170
69149401453225692
69149941257978660
69202850934347876
69214728667609330
69431239535232831
69469694781083817
69470591056998821
69582534889209253
69617200168680333
69736695601129492
69798396577009023
69808927497850981
69821748924259393
70050569799137739
70053897150492144
70107549593868048
70190147330750997
70320464295875939
70335400602203291
70366915967260484
70388357370516056
70392916393249178
70431979241016690
70434668164093530
70439968543148634
70470384060976824
70472484170059176
70502242204304360
70553961860757772
70616328121612118
70629421265548552
70679093497997398
70715799980800450
70783367335794003
70861571582405435
70882139709487189
70920939889358487
70994547301151355
71071890773741309
71118448907168259
71233992121749614
71271429568304759
71303143892022271
71331499962100599
71333733513526224
71408358523170850
71559711730393433
71787937643471019
71818619222731268
71910642001348130
71977391477718785
72041709893332783
72061672655074675
72064809966525299
72081779501475964
72119661143433415
72163987008588497
72224594496821726
72238890170073345
72270999140076765
72284335628577261
72350513334367167
72406951062878333
72408670936220351
72423429988084370
72426591054421610
72430999769827986
72471833542240082
72498729022119237
72570445187269083
72583386119665683
72649465621897467
72675990047677029
72683487522956029
72721018927244245
72726754449862006
72745534386548022
72757651871731422
72816545446503226
72887923169900927
72943866769192467
72945124432859356
72986532716040056
73005498784104726
73141103679489446
73204122607991035
73288794921793843
73337841021888581
73379759203962701
73389859912324835
73403497696710225
73417391951282976
73490960086449754
73512097343241093
73573588323636380
73590976543625271
73591159102898992
73595901317185512
73735995699920009
73764391175034756
73764717613120743
73778915474114613
73834810683542869
73854135981938209
73922252192905742
74053387903605634
74053440484350034
74112857946579868
74119508941801354
74182436907040011
74184779570530507
74212158983089809
74217686980896001
74270250189843431
74290257475084212
74331790808192136
74349527314141254
74379450587787667
74392070393254967
74476385508852606
74480192729471793
74496964648880913
74521853928549617
74524107564212563
74558145524251943
74620208906568047
74627150089673322
74670089789999442
74717686444737326
74753488978959251
74758731381279370
74764550675574112
74825402240020997
74895389113755625
74909699195021105
74912738687901125
74916930983705913
74926815210568135
75030657771722523
75062865169281076
75067286708125804
75077924310674152
75110063162572472
75128716150246424
75167668286276381
75231957200463463
75270032926010511
75284447721356895
75285507460261799
75370448031315511
75402557317115596
75429189405905401
75460254662348965
75468011300943533
75543525720079428
75594654928039788
75779270394463845
75804395532851925
75811271545001415
75819992396024180
75832503586932548
75869315476075607
75906049823415247
75977261967729605
75980012481270279
76017286493827145
76088751349014719
76184406163549338
76217329121800279
76335597054073887
76359526268490225
76361487573527697
76621964385175593
76623241685149161
76623499833535041
76663472976940325
76690700798628809
76696542660382994
76702438915644614
76785166592288522
76813415845866872
76909074485679042
76960283508119290
76985398782553681
77132238318758069
77150513740415136
77164107455626502
77195244954547609
77267187377113451
77288312175646671
77337337309512160
77393412182464188
77490683784914883
77496328276992609
77496414517907763
77584297938046713
77584605976236937
77598182446511533
77752943760550996
77781537616373792
77806835974337768
77882439187171707
77959218646936639
77977853208197495
78019346677595703
78030301095226374
78049753051947771
78051863910110966
78052595433507668
78160117550723559
78161310040805639
78187433749815483
78190325064961322
78293434065739909
78396716524508498
78456557087396212
78516834619619811
78605695706394347
78658141991506963
78659082984370683
78681151861397506
78704734141585975
78710058251553151
78741100229629564
78778698427969110
78790569310510720
78806726371629844
78995614461545286
79087570403543144
79101128042388866
79126967014507991
79190230702098620
79215187474565284
79216352539999631
79221046090491635
79221727070026411
79295175988945752
79363204959166377
79500906784029115
79634449081871412
79636985278958472
79677922900228424
79679245912129456
79708743247600222
79715173044293367
79738693848691075
79755548762843011
79765226388918983
79775547639627128
79780257994302378
79810995536926419
79863321774761218
79876320221068147
79898407751473939
79908219259239375
79950228357113212
79985184690831374
79985585034996158
80049361470250991
80050963206548300
80075049835491175
80124029795699366
80128796889202736
80206151340301310
80220715619584290
80227822085027125
80247003925802414
80275849490712490
80318822836745522
80365472862475566
80430134868295900
80434067818965056
80441225771441759
80473176619555364
80568323925234666
80601045635843726
80617868246255142
80663437584733328
80680097509706736
80700852812539226
80748009217994071
80786124643473929
80816975881770922
80851293176685418
80861949265422102
80935166508032444
80979653005572738
81000276976680250
81186182809132815
81222079662906672
81253862246513243
81389580813622415
81423349347475276
81428602540457236
81491170291809999
81506920978943725
81508973439616617
81591698978541449
81726314886488355
81861374144728631
81872091854973560
81897803145656903
81899717822806064
81939090310595672
81949468916737496
82016042273281888
82046557059757673
82055370245659049
82057628944575733
82060775049815353
82116805077515320
82126416518183310
82164840706967126
82264155511720875
82351980618777282
82420130952417294
82426727548564906
82435495973152306
82480724927346007
82512961023846647
82531666157780603
82541779780783547
82569987901708450
82594877583430336
82596574852565260
82607047692693905
82655035721685183
82679649164566735
82710681910937125
82738810555910245
82861718448319199
82902812671268645
82905266477031243
82927671913038516
82937540926258611
82957777362513595
83054620210758304
83057937739927174
83111850586383374
83114059565923643
83135833058371729
83160698483468059
83173081880510611
83228669382753343
83314427579796495
83328334676384662
83339223392770430
83411286272189425
83422735015208531
83431970214089446
83432231119497371
83497527563791324
83514260255661229
83550164888988312
83619413352956562
83764458108572301
83868495249719115
83896583010069555
83910332640699593
83926735065773555
83929538172129853
83937547618020589
84007280263162620
84026223910187140
84027543564326548
84153029106353567
84203603709265392
84218219552700123
84301561283051527
84428782671363982
84466639087180388
84478512481229508
84549733913174581
84587817322392833
84744361632582329
84749378877206979
84753963062124291
84789873108399689
84923236465667934
84930176746943909
84952910362480387
84996563732258288
85000526593674854
85012119935932022
85056937440333024
85082518447178487
85092253175551441
85129412359009254
85209499774176637
85212051067002160
85251658453409727
85357117878459379
85486129181218524
85488748815386258
85508744038502654
85557991966723062
85581931351522763
85738843459692462
85757598059864318
85758478701468134
85776653803119880
85780111593484914
85789997608468914
85854684373251035
85886075831422711
85930710932543056
85955180140811556
85981963887207929
86168071058674028
86187221414125178
86205223548265928
86216513174805515
86235339260957186
86298853818260983
86346073302954515
86409617664510491
86439430537135755
86442231337538463
86455136966853782
86473739299314539
86485997722455503
86495158208673525
86544826777843047
86547529968292545
86681212281855309
86703484626108185
86710279573811855
86754294438175238
86837396229712062
86880346621442857
86882008474361419
86925092061236265
86973613769106553
87005995867709917
87104808315653432
87166589023235093
87216247199244178
87236514340332484
87272689983474257
87278541461609777
87303789368412635
87322871094256835
87331840650687033
87410721415960219
87421130852241862
87501899699977477
87559518074120600
87607829812243296
87674473267816013
87685909323394477
87758167093406267
87769849186741739
87912448805731249
87934142451763506
87947336301154238
88012994623268874
88016350942995279
88065013573187750
88091258148744591
88094156389936731
88100959876900007
88100963385584731
88113282394722048
88147104428568257
88216823873678519
88284967490241787
88288346486824287
88300320432381897
88331565373806099
88340713077599040
88463985723793037
88517705752053260
88549059300274244
88572025160208281
88579154137357666
88584310794601126
88609515941448148
88617331077392113
88664515470419600
88677898998072407
88813680385528750
88864126929563362
88864431121245297
88974910980408924
89036868064849799
89047540824227162
89099348340160273
89141607338817530
89153971956530183
89176142102262599
89184654841582095
89208720894314634
89234079290516003
89234148965015003
89248320009869459
89476641908929301
89506017703082379
89565951519721224
89568873957831872
89642749430620460
89647633255619084
89731946818691589
89797512711789163
89804717837080212
89909555409751405
89916757608245605
89991286794118887
89992378022314285
90065360501572633
90079768818805425
90132584479836864
90133702751328396
90189998685601272
90201910423533867
90203420655004039
90206970250839702
90258251333206546
90290752866177583
90295244057220958
90312586373701338
90333710211437950
90515876107179698
90521328172724594
90582060623365907
90619439015740637
90700138633528097
90742505296942292
90758132246606121
90796203559992176
90812328430747097
90824830682629221
90872372506164483
90914102271646973
90920417320531718
90922127369815562
91031592394984450
91116489623210696
91122488711697826
91154114988118396
91214286868035965
91247091292408930
91286092954878490
91297935132521842
91304293520601892
91380470878042460
91412808684891270
91491456295135845
91526111968553118
91608585223987355
91630838337422034
91751384772900352
91752623171753826
91789905446256026
91902780839117329
91917647616882544
91973100360134240
91995716999194274
92050413242158839
92075074757526504
92102137109432944
92152653985726722
92184788212919592
92186163993722417
92296187002234759
92349723316669759
92380275973325415
92395957402629946
92429716130026912
92471155287769728
92518920542843974
92520983150226079
92521208247897305
92521726555051640
92536097721558890
92540454452722142
92587470274618685
92627096659810415
92639398526190442
92657340955802850
92682179539957720
92756224701333104
92761928649723200
92784156152317324
92799180958186684
92833461935048994
92835421059734615
92857987072417501
93658362540228503

