100
1 8 1024 1024 2 64 2 1024 128 16 1024 256 128 64 2 512 128 2 4 64 512 8 4 256 16 64 256 16 128 1024 256 8 512 32 128 2 1 1024 32 16 1 256 1024 128 16 2 8 256 16 16 8 64 4 4 16 8 64 256 1024 512 1 256 512 256 4 64 16 16 128 16 16 128 8 128 32 512 128 8 32 4 512 4 512 128 256 4 1 256 32 256 4 1024 8 32 512 128 128 32 2 4
100
2
1 90 94 8
1 82 99 1
1 88 89 8
1 65 84 64
2
1 100 100 16
1 11 39 16
2
1 77 100 256
2
1 16 58 32
1 15 47 4
1 45 49 2
1 39 59 8
2
1 47 48 2
1 52 75 1024
1 13 99 32
2
1 66 86 2
2
1 78 86 64
1 87 96 512
2
1 69 94 16
1 81 90 256
1 7 83 256
1 23 53 8
2
1 70 70 16
2
1 61 69 64
1 96 98 2
2
1 80 89 128
1 20 29 512
1 87 100 8
2
1 47 65 4
1 49 77 64
1 77 81 16
2
1 69 69 1024
1 49 96 256
1 59 60 64
2
1 48 74 64
2
1 13 73 1
1 6 20 512
1 68 100 32
2
1 61 76 512
1 14 85 32
1 15 20 32
2
1 33 40 512
2
1 49 71 16
2
1 90 93 1024
1 8 51 1024
1 66 77 256
2
1 97 97 512
1 62 75 64
1 51 96 8
1 32 74 32
1 87 94 128
2
1 84 90 64
2
1 70 73 512
2
1 17 36 1
2
1 14 17 1024
1 24 82 64
2
1 20 87 2
2
1 60 85 1024
1 69 94 1
1 55 65 1024
1 44 86 8
1 100 100 4
2
1 66 79 64
1 6 72 8
1 32 82 128
1 73 93 1
2
1 72 75 1024
2
1 67 82 1
1 40 69 16
2
1 77 81 256
2
