18750367
18868803
18869227
18939467
100587435
111186697
132429045
132521461
149115341
149116198
151277215
153318655
153812223
175872255
180080383
180911519
193156511
196133279
196138183
201235079
206083495
244530559
244637775
244768615
256763695
257550031
257558661
257578341
257603091
257632723
261475255
297814611
303541795
307584035
318374755
318388819
318522427
322700851
324236452
324493604
324599872
325123840
331127168
331622784
332219980
332284322
366731434
379267370
379861690
398241466
398243234
402152226
402162978
463473938
492451526
493454486
494207287
494832295
494852631
497241427
499418899
502428801
502825089
518337029
520553733
527241301
563405794
570802146
571795820
572995824
573093232
578730096
578918976
645366960
645995984
646131889
646451889
646473713
647261073
655068305
655089745
655565747
656775347
657639475
658154983
672149463
672179332
676900999
733068847
764857417
798732877
799345229
799376945
810603416
836220354
840074370
845288322
847051342
847079212
847365292
933757367
934277191
934342333
950535869
953169597
953723341
974005357
975398765
984172797
985653501
991095293
991199149
991704109
991792461
994451069
1015167357
1015775773
1024409501
1025057700
1040179764
1040209484
1051366476
1114678813
1114745740
1117348364
1117429648
1118067600
1229161805
1242954573
1259172240
1262603218
1263862738
1263983246
1263987846
1327369810
1331769922
1367522190
1367559400
1427702504
1428836008
1435898024
1435977190
1436319030
1463069494
1463771894
1464415990
1477995924
1478018032
1534913264
1540771336
1540798684
1541683420
1541707130
1588212200
1588313512
1589538856
1589553464
1591798728
1613325256
1639564232
1658726867
1659452379
1667712519
1675094563
1676651043
1680842275
1680875883
1699064363
1701616843
1709049099
1750230283
1833661963
1833666203
1868024874
1870268298
1870387606
1889347766
1911964854
1915816630
1921053366
1937653474
1937722750
1955706238
1961831110
1963409030
1967102056
2009390904
2009823672
2081181532
2081841164
2089082380
2089271894
2089613462
2093256854
2097757686
2097758311
2162651239
2181382649
2181445497
2182617833
2182620163
2189967787
2190912779
2191910031
2191931971
2192644963
2205715843
2208005763
2208077635
2210029247
2298428580
2310940004
2315203428
2323193424
2323210800
2372444848
2405616816
2405776084
2405835924
2406094228
2408437396
2408524734
2417796542
2424711614
2424755252
2425387060
2425419880
2426411080
2426975464
2427199797
2430765877
2431490165
2447614453
2447786893
2451479693
2451790557
2458208121
2458229248
2488704128
2495497600
2505260160
2505291209
2512918985
2542553281
2542581923
2601948643
2601949347
2602035339
2602038172
2602208540
2602547660
2602668268
2606305516
2634549508
2634551464
2634761896
2636589380
2636681180
2684325852
2747702620
2758016892
2758096782
2767807734
2773308278
2773615286
2777685202
2778018162
2778836274
2789579426
2803836578
2811673250
2811764736
2811778816
2814049664
2840438144
2848969088
2883548568
2885595032
2885987720
2967524680
3001601560
3027113588
3027179604
3027321324
3030049550
3037777678
3055054838
3055389382
3056318063
3056903007
3057677535
3060340063
3063453427
3158116779
3172662371
3172682723
3172695095
3190245023
3190431791
3207949163
3208050475
3212014540
3212015564
3233728463
3235653727
3236271807
3236277755
3246030843
3246078725
3246141834
3247078810
3248838042
3250882538
3251245042
3252071836
3252116782
3257716926
3259521598
3260845758
3277295481
3284668217
3293358394
3293861594
3297813210
3297980212
3299520308
3307174708
3307605364
3310357620
3310425703
3319267587
3319843475
3321641543
3321694104
3323076728
3359308008
3360395624
3360523328
3360676800
3360713539
3361563587
3361586759
3364790147
3433718339
3452127795
3459351003
3459863419
3466901937
3469858609
3484412699
3485226779
3486004625
3510658449
3522675297
3523675331
3524459264
3526940672
3528638803
3528659391
3528856895
3530791511
3530854341
3531847653
3536398243
3544653208
3547040216
3547250492
3547683932
3547705128
3564825384
3577267752
3583909304
3622177396
3645061748
3645762932
3661348333
3689831317
3689864049
3691054449
3719272817
3719477931
3719570835
3719728257
3724515634
3724908210
3726712498
3726785906
3739245158
3739326606
3739664622
3740330990
3740382103
3753537413
3753551159
3795901455
3805999446
3806051883
3806529507
3806598019
3849901520
3884709840
3888473154
3916634178
3916802594
3917034154
3917048558
3918343758
3918587622
3918627234
3922281250
3926149519
3932997519
3938046479
3939802673
3939845435
3941688891
3964556745
3987637907
3989362694
4022492202
4022947818
4022950250
4084062798
4088595660
4089151052
4096109132
4096649740
4096768792
4096850376
4096941472
4205875616
4213154752
4237795706
4237815418
4237861518
4238692130
4238703238
4238863414
4238882574
4238967463
4256628391
4276726915
4277014155
4277899403
4284243019
4284385019
4285597819
4286267101
4286423165
4298192125
4323637053
4335708646
4336540606
4336765566
4343631614
4343656740
4344062516
4348404060
4358785211
4358950115
4407866467
4410271701
4410273205
4410389021
4478794269
4479196353
4480450825
4480506089
4480567365
4480605969
4483400825
4545381817
4549719557
4573247555
4576785499
4576914139
4577930443
4577938358
4578032538
4578668078
4578747998
4615567602
4618035264
4619405920
4620785992
4621547720
4621574932
4672276824
4672448924
4674847120
4681703360
4693544576
4732762240
4738220160
4738328626
4738367283
4740087027
4742020211
4748433331
4749876787
4750447091
4750539803
4752294050
4753194034
4753212556
4753290204
4755544892
4758244172
4759215388
4764770359
4766748623
4767083007
4767181320
4767593112
4769379800
4870895101
4871002843
4966853851
4969871131
4969891840
4990767366
5001641441
5001831705
5004973941
5029168245
5029418698
5029785854
5035890942
5036100734
5036860126
5039868766
5039952478
5058151518
5062891998
5064028574
5064781162
5065594909
5083702217
5083786341
5084738917
5109193633
5110232481
5110431745
5113468353
5113471422
5113781638
5122223494
5122322710
5132505302
5132583634
5153904594
5159777746
5159871714
5250425058
5250452214
5259297270
5259392614
5286819622
5295718694
5299589766
5300018022
5300086720
5300097288
5300116775
5300198135
5300507119
5302431663
5306390703
5306594551
5307038435
5310388627
5312822295
5313049037
5358847657
5366586025
5378127953
5378887089
5379505457
5379525934
5384715566
5385611694
5388206230
5394761366
5399395861
5399569301
5407179989
5408323039
5411176671
5411508463
5413213775
5414449429
5414476981
5431117083
5436022867
5436147975
5449547959
5450607287
5463955595
5474877579
5474898471
5490772007
5491287086
5510610478
5520077234
5520183458
5520223333
5523987945
5533236457
5534725609
5552806377
5552814029
5553017017
5553029451
5586001883
5586865580
5587172876
5587335380
5587385910
5588132054
5620336296
5628143096
5634252632
5638815064
5660019368
5660518024
5670164360
5671892360
5677793460
5677996724
5695797496
5697124088
5698569448
5698898112
5699457344
5707415410
5707877483
5711466987
5715465131
5726020467
5731644275
5754296889
5755586301
5793075965
5807986637
5820561293
5830644101
5831395105
5834917665
5835931209
5835932467
5835985903
5839598127
5840481327
5856095754
5857465098
5859456727
5859707095
5888889719
5889017977
5890906497
5891564145
5898707569
6042015954
6042017236
6042166964
6042176276
6044648500
6139636788
6139647003
6145220107
6148509737
6171535137
6172084833
6182569569
6184072000
6187850740
6193398716
6210061244
6264025690
6267753506
6277874466
6277878414
6278025870
6286108302
6286600910
6287096806
6287210414
6289374702
6316528030
6329711157
6346973109
6354012917
6354444453
6354479729
6356324209
6356711865
6356718761
6361692616
6378807752
6444239544
6455419503
6455445495
6455485345
6477413281
6479056513
6480539105
6480875321
6513640057
6513641213
6513699211
6513710887
6513781875
6533493562
6533554030
6533843590
6551855750
6551889229
6554919439
6555227577
6555318441
6555344737
6555361007
6580167919
6582354607
6594292207
6606391991
6610682423
6634193975
6646001463
6655951671
6666476486
6683886534
6684125442
6684449578
6684682154
6692484778
6695360682
6695369034
6724651082
6751153226
6754745946
6754991184
6755165525
6755204292
6760014219
6760030109
6760913385
6775746041
6784719353
6835961337
6860861017
6876383777
6880993249
6881094681
6882044953
6883721413
6941099205
6959915717
6959989417
6964030441
6971482529
6982594301
6983083417
6999064473
7010694041
7099321241
7118764881
7118774345
7118857577
7118871001
7121117657
7122617177
7144899433
7155874393
7156454361
7157406775
7157517127
7157638259
7157680792
7170744097
7170745701
7177005702
7177024326
7178329222
7178457574
7179586502
7185257798
7212297118
7214673630
7214701490
7219221632
7219432855
7225375576
7260978008
7260987282
7273232274
7278209426
7295745938
7330451090
7344468875
7363484439
7367200791
7378358807
7379609847
7382171195
7386374350
7386712406
7410730914
7411148790
7419180894
7419263166
7425527666
7433766359
7444700599
7444704196
7445079844
7445313828
7447892928
7447901230
7448697838
7449486254
7449502058
7474551274
7474777386
7475189635
7475806083
7501164819
7501165211
7512563867
7512713915
7513491294
7579078366
7579568350
7580090750
7580534723
7582468675
7582491441
7582816073
7583045837
7583781869
7597201245
7602486109
7615762653
7629708141
7651348079
7651556207
7684627311
7686909439
7704035455
7715056639
7721575631
7756472015
7757185903
7759592358
7770332070
7803713598
7803718896
7804921576
7826089034
7826120906
7826283850
7836095838
7841999070
7843176670
7866684254
7873711033
7875112377
7935253884
7943191831
7943640343
7944038647
7945447795
8020919667
8037835379
8038032979
8049649171
8061845491
8062268275
8062667891
8077069769
8088822841
8089068785
8089976561
8089998257
8119492529
8181702221
8183630413
8185024237
8185544429
8185549259
8202784203
8215919563
8220410727
8225771335
8226996807
8231187771
8231236951
8231266123
8241972427
8242290139
8244847467
8244860535
8245008535
8251474417
8251714913
8283870561
8332010777
8333475865
8353226697
8355535945
8356037265
8359822345
8398508041
8398603749
8404170085
8423003909
8423266985
8428720118
8430292854
8432190335
8432278431
8439190498
8439371922
8439447190
8441528790
8441529494
8442299670
8445111062
8445163572
8456797236
8560351220
8561196336
8561324656
8565152880
8591649712
8611528624
8618796464
8642629552
8647315598
8648298318
8665113478
8685119102
8692836163
8692847218
8693865170
8697732946
8698795634
8739684106
8739813258
8741551658
8741600054
8741667010
8742354954
8742646794
8756037842
8756067308
8756223902
8786166686
8786183434
8787365050
8793065658
8793095826
8793245010
8801110118
8801193309
8801220847
8801881533
8807336045
8807819373
8816098833
8820168785
8820424697
8828744697
8830503865
8832616889
8857370041
8865768761
8867717433
8886087993
8890159641
8948945433
8949123217
8956161681
8956646081
8959382273
8959836745
8965410057
8965529077
8969355637
8970086133
8970728561
8970876849
8970907753
8971300681
8987380009
8989972006
8990151031
8990601951
8998576495
9001253487
9001292979
9001301435
9003329126
9004910054
9007889590
9008768182
9014129086
9018096382
9021411042
9027866230
9029488694
9032517078
9038218198
9050189270
9051192662
9124538518
9125568278
9133003414
9135712502
9141016214
9141060862
9141073118
9141186874
9141221626
9146230930
9158603804
9158926204
9163669884
9192549756
9192563738
9195986157
9197005037
9198336201
9199562953
9207800265
9208412617
9208414180
9209250478
9209259398
9211208266
9211230602
9239642506
9239663706
9353131990
9353235758
9355940686
9379108096
9393594112
9393642536
9393876859
9397644827
9399490789
9399541033
9400859017
9400912833
9401257177
9401322046
9430560238
9431358014
9486064958
9495478698
9495816554
9514650266
9515030282
9528925962
9529317626
9536225658
9541713818
9543575994
9558308747
9563301771
9568679051
9573991563
9574195803
9574626083
9574635762
9574678834
9574703746
9587777486
9587862278
9588796078
9593075862
9600154774
9659352982
9665895622
9668827334
9668844902
9676105734
9677846790
9690216798
9690252288
9765576044
9783872108
9785978940
9795837756
9835146044
9836161638
9842868386
9843365554
9845813362
9850967282
9851487042
9854041388
9886759705
9886786995
9886817445
9911719907
9911792995
9914216291
9944134499
9944520799
9944541919
9953111455
9953149951
9955682303
9957659267
9973363331
9973383661
9973437701
9973898773
9976937749
9980435093
9980496417
10024652065
10025778529
10036896033
10036926843
10036952385
10037079899
10040293979
10054325851
10054522203
10064700489
10066572361
10066621865
10066779647
10069516071
10069553977
10069763087
10085868627
10085895795
10086162851
10087064947
10096908147
10107660663
10107763891
10107837853
10109486653
10113148462
10133645449
10135783961
10140748501
10144227541
10144379505
10148290988
10200096412
10200468060
10206973276
10207002884
10207201164
10207209028
10207330588
10224286212
10224652868
10229064772
10229634092
10231196460
10233249580
10233430284
10236126304
10237559280
10238401392
10239966276
10241053668
10242702276
10242726884
10244030304
10245120992
10246085984
10246205740
10250648492
10252966320
10252999158
10253449094
10253786374
10272437412
10273907376
10284016304
10321418480
10328156868
10328308802
10337950018
10418768334
10423212974
10427459630
10432021038
10432228830
10432380742
10443375462
10445032614
10445652032
10445669144
10446348824
10451350511
10452613663
10456947743
10456979545
10473303961
10473317944
10473868493
10473956811
10474579667
10474641275
10475913399
10478736253
10503708029
10503847061
10503906753
10511215553
10511257365
10513194281
10514164557
10518904653
10522006373
10538667877
10611600229
10612243085
10613626189
10640842573
10640851265
10641053825
10641439553
10641663166
10669684830
10669814644
10680652660
10680687428
10680687800
10703991242
10705480010
10726750538
10729089162
10735311134
10762975128
10764153240
10764261164
10765555532
10779131084
10779169176
10787251608
10816536984
10821978520
10895444152
10895552576
10895615840
10896464232
10901675003
10901786780
10901812120
10902603544
10909890840
10931157912
10935164568
10935202789
10972633309
10973244701
10973245435
10978143699
10978987195
10980243611
11051264539
11071123867
11072111531
11074231275
11074266255
11074366079
11074456415
11074488997
11075093925
11078681509
11079310291
11080674447
11091749519
11128299383
11128306775
11128308467
11128873251
11175644451
11210599459
11210834863
11215521199
11230327439
11235234703
11235270601
11237588345
11237594789
11282091173
11283734565
11315728421
11315788083
11364599996
11382304444
11417013496
11417448120
11431728008
11435139184
11437436446
11444623518
11514299134
11515974320
11521836928
11522468352
11567258624
11577965568
11578284384
11578297184
11578313812
11578368596
11579433012
11603356925
11605732797
11608177365
11662949381
11669991326
11669992856
11680338040
11681610616
11685815448
11700129736
11700309672
11743528672
11743658260
11770389268
11796171028
11801914388
11802307604
11802309078
11836531158
11836531894
11880858305
11881068025
11881328521
11892685853
11900907852
11901003028
11906170782
11906208136
11958617480
11984988138
11997640170
11997684052
11998622932
12000134706
12034112914
12036622700
12036960828
12039476476
12073691388
12096608776
12102834472
12103885736
12107955336
12134405000
12162593672
12174894984
12221554872
12224617906
12248031954
12248123286
12249127894
12250117078
12250550238
12255631086
12255645804
12255895288
12259106432
12259551728
12261267024
12261279232
12261644480
12327100316
12354203390
12379624190
12380900628
12388062996
12396038380
12401380588
12408206742
12453650606
12453828942
12453943045
12477348933
12523340229
12523365310
12524003998
12529351910
12558862935
12559308229
12596029893
12596392901
12596968687
12596990187
12601463731
12713689843
12713790259
12714180992
12714239800
12724165904
12730615232
12791350986
12798900458
12799155466
12799181127
12799230481
12806909889
12812216275
12819340243
12822712019
12824627635
12828145651
12866586099
12873351667
12877424347
12920424197
12921955525
12932607301
12939484485
12955916061
12955947717
12955954881
13010777793
13026521921
13026689459
13064927667
13066230899
13066907035
13066983195
13069832219
13090964588
13091819244
13115803628
13129777644
13129990850
13165333314
13165454754
13166480294
13166599942
13166660094
13176532656
13177062198
13193829174
13193963644
13197222780
13197773004
13198930724
13199632036
13216374805
13261805817
13261996813
13262010527
13307413367
13330832897
13331637697
13338044677
13338124882
13340597426
13416020270
13416101518
13416360066
13423470466
13423509650
13440515058
13441582834
13449281546
13510351398
13511858726
13535527462
13535714886
13541762061
13547625053
13547880797
13547882945
13547909360
13548454248
13550256368
13563433456
13563441655
13563468283
13567153451
13571925163
13572389291
13572990187
13573325803
13573359195
13573946411
13607444011
13651589449
13651593069
13651596404
13655773836
13743976924
13744028166
13744637958
13744641382
13756218798
13763280782
13763368686
13763480157
13764819549
13773225693
13820297165
13820359805
13844094822
13844102409
13855966139
13856132867
13869771395
13878427267
13917742755
13918139957
13922403765
13923150917
13923874357
13953134981
13953206149
13960535109
13962026701
13962073357
13973997135
13974006471
13978789391
13980378121
13980434105
13980477262
13981610126
13981920090
13982333674
13983246576
13993473556
13997616916
13999117588
14012198420
14018758164
14029774868
14030210324
14030330644
14033295140
14033815028
14042827750
14139412978
14238773213
14238991661
14240483245
14250244013
14250490973
14250816545
14251831923
14264473647
14274326443
14275671499
14282806987
14308282827
14314295739
14314409027
14315066323
14315111923
14315726963
14318437624
14335794370
14341814722
14346811514
14346833466
14358489402
14359052010
14359637050
14360086778
14360089528
14360137436
14399604444
14409405512
14476002504
14488571731
14512589651
14551513939
14552037635
14553183747
14561791875
14580701827
14580737171
14581922963
14601658547
14602070067
14602610143
14603715103
14604023225
14626058681
14627704270
14627941828
14628879840
14628949544
14631059520
14646253632
14658900000
14685493309
14685537248
14722537747
14725306521
14780209305
14780792473
14798750703
14802495471
14802496261
14802645987
14806100035
14818755411
14818767034
14824645842
14824928530
14825022312
14827937628
14850640732
14851662044
14869568102
14870082046
14870807230
14870849148
14890991740
14891275025
14904956177
14969523380
14970530980
14970632820
14970876020
14971551939
15031762023
15031768685
15034643309
15047288997
15047828645
15059899941
15074352281
15074494709
15079996917
15081472117
15081748091
15081833011
15082045159
15085657767
15085674467
15093313273
15094157673
15117990615
15118137965
15137172457
15146755745
15148015281
15213944337
15215227409
15240267281
15240695897
15248624617
15284278395
15286170299
15286845435
15288909883
15292151475
15294370227
15295409953
15316904353
15317040657
15347014121
15387207657
15394895425
15395212609
15395242310
15407976902
15407982153
15411302912
15412183744
15414840512
15427098304
15428819088
15429754320
15438119056
15438695440
15439039408
15479954289
15479955265
15530535745
15556944065
15558897101
15559135721
15559454433
15565872865
15622577889
15623629329
15634541486
15637120334
15637227178
15643652778
15643987396
15663045060
15665356292
15665491469
15665598731
15665642939
15665883323
15731516731
15731642312
15742820632
15758053212
15770841572
15784611940
15857597042
15922258034
15922317164
15936207356
15936751564
15942484236
15949645068
15949662440
15953073000
15992175976
15992239340
15992924652
15992957284
15996786564
15996841916
16025161044
16029530206
16030067486
16030084158
16108279646
16185396304
16227215440
16255342964
16257141998
16258170238
16273488830
16273615932
16274997308
16291925978
16292897628
16295602268
16295636869
16304642633
16304943337
16305941737
16310612524
16310734636
16353823532
16356642924
16360713324
16360727200
16360856640
16363024896
16370246584
16384735608
16385917948
16385936114
16394427890
16436175346
16438167914
16457419114
16465974038
16466497190
16466823590
16485726606
16485857678
16526008430
16526211150
16586133582
16588887630
16602054350
16602280994
16605561250
16611367388
16612730076
16634965212
16635578112
16635588464
16636184140
16652383820
16660150633
16688436123
16696675031
16699950039
16700061303
16702529975
16739768958
16742492798
16742510222
16743116052
16748166362
16748840602
16776763724
16785728588
16818500684
16820170572
16823940120
16934010904
16951283928
16951950744
16952005846
17019006358
17021028842
17031384823
17059774199
17060048871
17061058535
17061559919
17064451387
17065187131
17065191819
17065208763
17065896299
17086884443
17087701863
17088147943
17092563115
17092625852
17092994460
17094687767
17095258711
17095282468
17095399202
17100853538
17106397388
17132567875
17134890822
17135117864
17159917568
17182527488
17182534360
17182538632
17200091272
17209338274
17246974810
17247072178
17247200706
17247202047
17250524415
17263806947
17275510933
17280161291
17296420875
17296434469
17296635889
17300197617
17306155273
17357781131
17360781451
17402555467
17410732619
17426443851
17434171537
17439662005
17443667569
17449244401
17513878257
17538661809
17542544305
17542553921
17544194497
17544232693
17544252729
17546246009
17546248936
17547198696
17547309928
17547385144
17555628888
17555648560
17584878640
17588402152
17612795880
17613189990
17613220635
17627095071
17628009941
17634228309
17634434625
17634521025
17648244339
17648804755
17668792580
17668808432
17668818725
17675545669
17675571178
17678015466
17678516186
17731956906
17789365162
17790665642
17790858506
17801348082
17802557010
17802883146
17803268810
17804388338
17806727858
17809685362
17812565874
17822908665
17846108665
17847230189
17849360917
17849445363
17852282483
17852314881
17852860417
17854836641
17855208076
17855309622
17857745933
17863398949
17864754777
17867333001
17868286089
17870218579
17870423251
17879597910
17905067350
17905214518
17913203998
17913309854
17979000030
17982120670
17983070942
18022396734
18022598750
18032328286
18032378974
18032450436
18035279748
18047108360
18050995336
18051488328
18057759602
18132136818
18134120072
18145590664
18148645256
18154913160
18156532328
18158958184
18159307304
18174104888
18174260152
18223297208
18288840789
18296493141
18298684557
18299873485
18299910774
18300189190
18324930358
18350486838
18355056438
18355218358
18358204214
18371691010
18371779394
18371801202
18375169394
18388457842
18388459145
18388680225
18391115207
18391129109
18392464149
18392498275
18424869475
18425073947
18426273691
18429522838
18429580462
18434569467
18434658790
18439219942
18440326198
18442433758
18453718238
18454044086
18456975606
18457565534
18457565764
18457596221
18473369405
18474307109
18474349857
18477060897
18512398297
18523864281
18526319833
18532387129
18540329899
18540496395
18540511361
18570984321
18572733313
18574035972
18574107563
18574169131
18574375899
18594086875
18594102523
18613240519
18614360327
18614696183
18618591479
18643233015
18643255809
18644461761
18648114345
18664867125
18666278581
18666789685
18667564853
18684760501
18684862209
18685063617
18727156105
18731576745
18735261609
18736330089
18736431929
18736439233
18736999181
18737468557
18783127787
18783974643
18800531168
18800540136
18800774255
18800963651
18813643843
18814285779
18815696499
18815839659
18819496319
18819502283
18869406155
18871209707
18872871659
18873099587
18873195871
18876783999
18951557503
18952564255
18953431039
18953485207
18966034839
18972499017
18974342457
18974615089
18989479985
19044357230
19044411840
19059007655
19061576359
19063845799
19143106471
19146593191
19146695311
19193116303
19261797007
19261837759
19293000423
19293597799
19296911719
19296926085
19360578949
19363067781
19364555333
19365171533
19365182309
19367571277
19367871669
19378869941
19379029941
19379087337
19381702201
19427918009
19443751609
19449247497
19457567241
19457942384
19457966836
19464263380
19464284359
19465915591
19466253975
19469888535
19476016631
19476530015
19476998367
19477250863
19486124847
19486208889
19488834729
19488979865
19489126233
19492981337
19494920771
19502665283
19538082371
19538089126
19538350538
19562181834
19562517002
19584141834
19585010218
19585099110
19588087782
19666379238
19670263686
19676416102
19714314726
19719383490
19720675794
19731559666
19731569406
19750998110
19754330260
19828540564
19828746388
19835644724
19850715572
19851096116
19871494608
19902765520
19903018740
19904383668
19936588300
19981152042
19981207198
20013245070
20013319566
20013363034
20013600856
20040564824
20040566180
20041126571
20043390251
20044356859
20048902907
20049672955
20066788521
20071807913
20074002441
20074284297
20076189905
20076355877
20076356621
20077819597
20098187469
20098444416
20144764717
20145832066
20146425154
20147133986
20149472082
20149492729
20149605977
20199913101
20206051981
20207014994
20210636114
20230110130
20232036178
20238508834
20240078298
20244234730
20256961002
20257520586
20259066666
20260818000
20326478928
20326514004
20329658580
20330276372
20348447405
20394160421
20394669285
20395378917
20398504283
20475104165
20481316389
20481417219
20481516947
20500726483
20500826129
20512732177
20529028881
20530906193
20531921105
20532372817
20553456761
20580055161
20622053497
20625559673
20625800345
20628442521
20628617113
20628741753
20628784825
20634317776
20647292052
20648650388
20653625236
20653670724
20655366724
20655485972
20668067167
20668497657
20697367889
20713404457
20716726057
20716795313
20718888529
20722529873
20732377681
20751031185
20751150375
20758679911
20771558759
20776319064
20795106150
20795209350
20797176710
20805845298
20821593582
20821863870
20825012926
20839213902
20845568752
20874459888
20874728096
20875140562
20895185874
20903695090
20904009122
20908449314
20908513522
20911563506
20918734994
20930530698
20948414762
20979256618
20980341886
20980355138
20980430130
21076441970
21091325810
21147635570
21153125874
21153278452
21161959912
21186482664
21187097672
21187600808
21188532264
21208220720
21208268054
21219021590
21222911350
21223602822
21227168518
21228558494
21266747022
21311175722
21314565162
21336757341
21336821441
21338946497
21354081645
21354119585
21354506721
21355029345
21360323553
21361727121
21361797169
21362319613
21362989245
21364578237
21364810207
21368437583
21370954999
21412200695
21412557823
21412606911
21412659453
21415632317
21424108525
21424383749
21424726885
21425307109
21431218405
21431249949
21431937277
21434480969
21442229197
21442249845
21444974333
21444981393
21446962657
21452921919
21460215631
21475656879
21480640175
21545090341
21546545765
21548116517
21551235493
21560599691
21560715025
21561195337
21561205789
21561395433
21561395893
21569044383
21572299745
21572623681
21577590156
21581470092
21583264377
21588007545
21588018951
21588582535
21608373383
21634618123
21634664958
21640716286
21640909670
21640958790
21644465462
21645082102
21645188342
21645231733
21679381877
21703030088
21703048192
21714270276
21714539748
21716330852
21755542884
21789896532
21789940106
21809682890
21817745866
21817967154
21837494434
21881268162
21974127338
21974168562
21974196346
21987741390
21987750893
21991609837
21996361133
22031303051
22035537675
22036561675
22036567059
22036608641
22051139617
22053432609
22053779361
22057474971
22135148571
22142475803
22145255091
22146231347
22146307463
22161368967
22161965338
22162247002
22162340466
22162352846
22162467082
22162627602
22163497746
22163887714
22169523170
22169975042
22186345282
22187447858
22187690658
22203896156
22203951828
22206049236
22221217236
22233470548
22248015444
22248531752
22248734248
22248739496
22252965919
22258059452
22258430012
22278907416
22279158104
22309542488
22315889408
22316235714
22316317255
22398265932
22458822220
22461533682
22492248472
22512458790
22514684966
22530770982
22530924710
22533050278
22533594246
22583059470
22584815118
22595954190
22597112114
22597373586
22600947090
22608458050
22612525894
22635961670
22636265798
22636359750
22636429914
22637314122
22638015114
22682873834
22683751058
22713937042
22723909266
22724898450
22725185786
22761874462
22783171614
22783406222
22811341454
22811442702
22812112668
22833903332
22854724004
22876084100
22945419188
22950924852
22985217756
22985327708
22985596596
22989442343
22989459133
23004488381
23007274429
23011077309
23074834621
23076482205
23077663429
23079918661
23079926790
23089996806
23137129510
23137710318
23146317038
23146587118
23151824942
23153938618
23153960870
23153965952
23175806519
23176197946
23176447042
23176452380
23214784796
23221960476
23238199068
23252962612
23252968172
23253675756
23254866348
23271392512
23273755872
23274016736
23274036116
23274553764
23276430292
23276656966
23289672374
23289712782
23289734950
23289820286
23301350996
23316947540
23316948078
23323325038
23332325122
23429326408
23430328321
23497912321
23497947949
23549230309
23549653477
23557264741
23575435545
23576166745
23603548121
23621074057
23630282889
23630564222
23632305310
23633858948
23642295924
23643229692
23644105468
23644449440
23648404128
23651746022
23651772555
23654734859
23656482451
23678413459
23678583873
23678791681
23681185393
23713170865
23715297201
23738054045
23766032797
23766743769
23807591145
23809518313
23820047081
23820842313
23822435149
23822628429
23822670832
23826893808
23826954712
23835377624
23835445194
23835517034
23925585514
23925627236
23926006964
23930626232
23930627576
23940338680
23940821656
23941146024
23957373190
23979633418
23981963637
23991652725
24010677621
24010691053
24010725175
24014551351
24019658748
24062994756
24063031354
24063101359
24063329775
24070355439
24071487839
24157131175
24157136915
24157238003
24169870239
24169870723
24177769859
24178458371
24178461519
24180860687
24181611887
24181617623
24240623575
24240705804
24257187084
24267703564
24267721397
24277723829
24280375221
24291364045
24296431181
24296494781
24311817853
24311838448
24311853212
24312985308
24318952972
24372360986
24372401464
24376114616
24376464920
24376551832
24385870232
24386699608
24387231480
24390182872
24394316760
24394326064
24394472248
24395614280
24408453618
24408625234
24409077442
24409096358
24410161318
24423405110
24423448654
24423486138
24424325818
24424823274
24426157330
24428836754
24428859690
24440543530
24440604858
24461024554
24462008042
24464312554
24474721770
24474786398
24475357310
24488174846
24495429162
24500316714
24504431662
24510321070
24511068650
24524986526
24525008142
24527210606
24530059070
24554391822
24558054286
24561772046
24600969742
24601174646
24611149739
24619652063
24663220917
24663335407
24663370694
24663680982
24664954710
24667228758
24667258380
24675803452
24675817303
24676157175
24683794679
24683908049
24683938457
24689976281
24691317209
24741862873
24748767129
24772444057
24772625561
24772780505
24803604501
24808525877
24858295493
24859016421
24859568677
24873374245
24904917819
24907052859
24907194987
24907213545
24916374593
24918293697
24919747137
24919926611
24920055023
24923074927
24938076271
24949336175
24972559471
25004207903
25004911583
25034751775
25071365799
25087029927
25093094039
25093275819
25113971883
25113973163
25117982323
25124641459
25125269390
25153324618
25166316874
25166432326
25192427654
25194544972
25194676962
25201408188
25211059132
25211073956
25215352868
25218703396
25227281394
25252645874
25271567858
25297540214
25298368710
25301372710
25302639158
25302639210
25302697306
25305084954
25315006882
25316353506
25320842786
25321217448
25321599064
25326357016
25340727928
25340733483
25342176299
25343215467
25370011499
25382401411
25388953219
25388960189
25390399389
25390902301
25390906537
25410323113
25454314793
25454351945
25455050331
25483965277
25488306349
25488465925
25488497775
25489200463
25489249471
25490567871
25500639551
25510614144
25510666042
25510709633
25511626113
25515869825
25519534193
25522213105
25529152553
25549797865
25550125929
25550192777
25571913353
25571966735
25589538735
25589539093
25589598115
25589655835
25589661182
25611022510
25611451500
25611474404
25611524180
25628879002
25628887926
25628924870
25673842630
25674173510
25676102470
25704777542
25705467670
25707435594
25707444862
25713518334
25715901270
25728722584
25729281168
25731739980
25731742566
25732397638
25732735750
25732760078
25814377588
25846444148
25867922058
25868382442
25868668850
25869977323
25885433579
25895981747
25905101107
25905454275
25906459619
26018012745
26018461673
26018868217
26018888249
26032415279
26038184879
26040294837
26040931997
26041295821
26041297255
26059097741
26062683597
26062687481
26071923193
26072350649
26072449545
26087026697
26089393161
26093647185
26117803217
26118105857
26131040257
26181129153
26181142023
26185600695
26189398199
26194135287
26194340144
26194382768
26208206064
26213752048
26217177840
26217189614
26217301970
26217409302
26217450842
26220680538
26255678810
26259891450
26271659258
26274252026
26274325338
26276100463
26276162331
26307994027
26316021099
26339010923
26340236651
26343808875
26379267947
26381090059
26381976688
26406243440
26406525898
26407644106
26438087562
26478023050
26480370106
26481134289
26482132881
26482162313
26487682731
26487709973
26491335445
26491420647
26491904007
26498302343
26498741639
26498852925
26500566205
26500615073
26553365409
26553559489
26553567806
26553693040
26559894256
26561407660
26567914668
26570484180
26571342842
26593818618
26593890298
26595320426
26655098666
26655966298
26660255638
26669958434
26670070582
26670095392
26670118855
26672244295
26675568151
26676473751
26676530241
26682940287
26684688399
26684945919
26686554367
26768137471
26769421087
26773493151
26781383329
26781406520
26784263736
26784880080
26819484624
26869801936
26922237880
26936935452
26943788252
26944007740
26946085436
26979781180
26980011638
26982942326
26988242734
27015989550
27021665022
27031682430
27047091070
27048769368
27049084752
27105273760
27106384264
27106455304
27124516360
27133757448
27133839870
27134706046
27134807600
27140949520
27141877904
27142618896
27143849226
27175668426
27178076042
27195974546
27199009670
27204230868
27204251825
27204532092
27204763588
27218737348
27218815598
27219467630
27219829918
27220227486
27247835038
27250190265
27250637225
27250673729
27255840321
27256135827
27256150014
27257076634
27257149817
27257192760
27261945656
27286043448
27298872270
27300496423
27302322035
27302511399
27303312583
27306224331
27306270355
27327422611
27329979799
27331708343
27352486263
27353726295
27354553597
27356935469
27357434797
27357739952
27362003781
27364879941
27366599653
27366685605
27369477669
27370114805
27393298165
27418685173
27439300341
27439338301
27448227645
27450353725
27450366634
27450389625
27450493067
27454872876
27456106668
27466727596
27467531499
27474379115
27496723819
27496827827
27507953215
27508372335
27508380039
27510344359
27585306691
27588716449
27589699105
27606487105
27618199041
27618282801
27618297006
27618432942
27624756742
27624963654
27638764595
27682701568
27685400416
27686581552
27704744373
27771207093
27783037365
27783275465
27793216457
27842239441
27842239701
27845039525
27845068649
27846654505
27846943193
27847281621
27851722197
27851808029
27851823701
27876958901
27876978201
27877498051
27901304259
27909328579
27913302947
27918183587
27918442019
27919297891
27919352867
27931906083
27979566115
27980394895
27980960975
28021587151
28026802607
28034127871
28040502783
28040561175
28054377623
28089427095
28105445803
28105482191
28107653802
28108449418
28111445514
28198996744
28199231356
28199844220
28211271468
28211474204
28217424412
28270795180
28318660596
28319016564
28321805172
28352882822
28352945766
28356521190
28356865382
28357715682
28368108770
28368203706
28368236350
28371317334
28384937498
28415935098
28416452986
28416777466
28455589502
28472115838
28472490159
28496419431
28588208025
28588471017
28591254505
28609993705
28610018937
28614349497
28627246377
28638397993
28691588649
28691631254
28691671227
28718165627
28718726041
28804910393
28820407093
28824330501
28824449333
28838352053
28845225353
28845369925
28856880338
28857133252
28857158788
28857288868
28857433216
28858741056
28859063744
28859284507
28859291829
28879008421
28928260926
28928280422
28929150390
28929608502
28931536342
28933390118
28933393662
28933656606
28969948454
28974518758
29005947982
29006020229
29006229096
29026837784
29040588824
29040608182
29120341366
29120374084
29122464004
29122799260
29123613852
29123620076
29123806158
29124126606
29175729891
29175940331
29184572945
29184607893
29209550189
29209666549
29209774965
29209867220
29239017863
29239138679
29251925495
29252510839
29252734871
29333651351
29356810863
29357113135
29358818887
29359188007
29403229883
29425861703
29429134215
29429587873
29484106221
29601752205
29605784141
29615029325
29647989293
29682177901
29690146077
29708940297
29709372057
29787198385
29788274289
29790947825
29793787889
29801107853
29804562317
29805374117
29817125797
29818258309
29826854090
29827165514
29851600970
29851909458
29854923966
29889253078
29889316965
29889545511
29897491751
29907853271
29944570199
29958451141
29958461261
29959759565
29960479981
29994595053
29995253877
30005986593
30011850561
30065675825
30065690221
30065742647
30091152189
30091769661
30096269565
30096287761
30096329261
30096330031
30096721975
30096854733
30124333483
30124352075
30124387899
30124865083
30125097243
30129352467
30129416089
30157470913
30162645289
30163586601
30166225065
30167251561
30191853739
30191859739
30192876891
30195377915
30195467785
30211162121
30211164770
30214098338
30214760098
30218142498
30257674850
30257861814
30265873510
30266181092
30267215076
30268704006
30274872598
30276801558
30276839553
30277255961
30277719405
30277719621
30280563601
30280605901
30282880717
30282944742
30282979038
30325823006
30361846085
30365171653
30365251535
30365328945
30365447281
30367618537
30367988113
30380637969
30389283601
30389841937
30408585165
30408615245
30409863153
30454743497
30455769513
30455780153
30503368505
30506150905
30507137329
30515179265
30515733185
30518140417
30518217701
30522663513
30533035963
30533377291
30533402221
30533424669
30533516087
30544450243
30544463534
30547899054
30549000257
30592823549
30594424701
30595217417
30595268092
30621287032
30676661880
30679885368
30680320618
30683415274
30685952812
30686437084
30686443570
30689788874
30690246594
30692231970
30714886178
30716610434
30728495776
30775954656
30776366039
30776379123
30785532659
30790223475
30790873731
30806910887
30815540352
30860755912
30862865280
30862885248
30864698016
30873883437
30882025137
30883441073
30888321832
30893787432
30940271208
30940272913
30980034939
30981516881
30982415973
30985085413
31058214285
31061755405
31065046605
31113908167
31113956231
31167172981
31169761036
31171742028
31177703526
31197173438
31201134782

