117438652
121643676
125914396
299044714
336277354
337831306
338158245
381017413
387647357
388055037
388094239
388401006
411912046
573130606
964708206
964720730
985883178
985905318
1129056422
1727547558
1754333350
1758423974
1815461158
1863618026
2169383210
2181562794
2181564085
2215404213
2215561653
2217343157
2225341621
2228162357
2228191797
2257341653
2299644409
2299724281
2304698017
2304772617
2306235433
2309381925
2309771045
2366716709
2368317781
2368822421
2370244661
2804846645
2812721906
3015152302
3071831422
3075147134
3148068222
3148181566
3282025687
3282263623
3365349095
3365374699
3517843299
3809870179
3810515939
3812664163
3877602879
3877683151
3999553359
4085457347
4118346179
4142633923
4456253823
4752253535
4752702943
4770285915
4815073475
4824660547
4845663875
4868928579
4879516739
5218087363
5219272387
5219417493
5219475717
5230757061
5264059589
5269439006
5269966302
5345566174
5349372254
5353984094
5766033502
5766165550
5769293710
5769300238
5886898446
5886909558
5942194646
5942209100
5947529164
5961006028
5966287820
5968757452
5968989532
5969136036
5970569636
5972975268
6039221284
6305023012
6305332140
6310616560
6310662150
6369283590
6381669318
6387235502
6387574254
6402056686
6844019046
6844568974
6850117758
6897901694
6897977566
6897989941
6897992616
6930745907
6985151027
7882619699
8273144915
8273857493
8278885845
8294190229
8298904853
8312940549
8312952204
8314639372
8314729181
8365010653
8365323853
8365341309
8370402941
8370446683
8371161115
8376510450
8377008946
8377312562
8411790642
8489913650
8857298898
8857371150
8857667214
8857951985
9033092244
9049136132
9115918388
9127932980
9127939844
9384742660
9386994052
9388108036
9388130596
9785524516
9785813956
9803744668
9804162620
10034617916
10080599612
10120492220
10144423356
10146860220
10148241852
10186832316
10188518972
10188626108
10265753788
10661096597
10661193321
10661226529
10671400873
10749632524
10752578292
10842289652
10842335608
10888679800
11126308266
11126638474
11126644618
11139424138
11252074458
11357544018
11360003666
11360370818
11362580034
11362688422
11432978054
11443779206
11443783390
11564161954
11580812322
12438706978
12520449762
12709532354
12709542101
12709574841
12717519289
12717520361
12717521589
12717559297
12828564819
12830979411
12831075915
12901995083
12902256595
12968329171
12968900179
12972558067
13057572227
13059983051
13065338587
13065613051
13065618331
13066487707
13206814867
13207483539
13218684149
13361137329
13387494833
13388074577
13463559761
13469660241
13469956121
13515850314
13517156700
13519297116
13554577244
13569225829
13572091109
13572622245
13572922965
13573356195
13583037091
13744091171
13751191675
13751192055
13764776375
13770107063
13770514407
13851246311
13851269607
13895156199
13954945511
13960799391
13970812767
13970818002
14154421112
14513116024
14555307720
14555436902
14654707558
14821333334
14822020278
14822482144
14822511222
14828854390
14931955830
14948606230
14948639246
15106585838
15106814894
15115273134
15307377438
15365161758
15502730014
15553602246
15854137066
15869463754
15869492020
15882570036
15893063988
15959713876
15961954388
15962011926
15971140630
15971463506
15984628065
15984672037
16028622117
16158629157
16403684645
16404419877
16464369957
16464411667
16464602810
16465250578
16490506514
16490528890
16499122810
16499890074
16505345394
16505469686
16514609790
16746825678
16747536076
16747616862
16747698510
16748512334
16754780502
16760470058
16760516314
16761561034
16822671274
16825231954
16825378002
16825585874
16825672374
16827087766
16831376598
16838614130
16840172274
16845574706
16849869234
16921500082
16928693146
16928737638
16929008142
16933071630
16934678277
16934689287
16934771575
17232776055
17262435191
17272531831
17291480327
17291630495
17344101001
17344364144
17344537222
17345880886
17346926646
17355797814
17395652918
17399841078
17400986838
17534684060
17535437940
17535635572
17535662388
17574542644
17854721332
17933735220
18613695796
18614324835
18806554211
19043767535
19122719599
19122789623
19732421879
19740423159
19740628939
19809316155
19810559803
19811288763
19822452555
19823775051
19826385543
19829227847
19833819015
19857481816
19859854232
19860122840
19888970968
19895528664
19895533708
20580845468
21051478546
21116850706
21209464258
21933236930
21937147826
22361897502
22390183966
22390252222
22979055234
22982126386
22982153056
22985139680
22993844704
22997718368
22997765418
22997979082
23022428874
23023368906
23024025898
23024523562
23026943370
23040052106
23510353658
23937265462
24342286134
24357359158
24626142046
24627979422
24693374110
24694908222
24713260650
24721444458
24722327146
24749024874
24749025989
24749151013
24753935141
24772587717
24774536517
24784809797
24785086277
24852393669
24852981733
24871376349
24888131037
24888185115
24909484315
24956277019
25110573339
25126166811
25138260955
25138388467
25139090675
25148609779
25161057395
25161133115
25169966715
25170015518
25170074292
25174503860
25174871284
25215065332
25236141300
25428014324
25633820770
25656872898
25701050562
25701105922
25701265640
25701651624
25862491304
25863650536
25909497576
25909583522
25909645665
26407424353
26407515569
26407526109
26562805469
26581819101
26691530461
27003157529
27003160067
27030717955
27268291587
27308095555
27308179575
27314611755
27468215171
27509054067
27512343023
28436589039
28460788023
28464168247
28464251647
28483625695
28533607135
28821277407
28822304991
28830637279
28831522527
28836187999
28837928799
28838273023
28841548031
28844126463
28844134693
28846009061
28850918117
28852456933
28852621285
28852671141
28975505445
29026065445
29085243641
29085301697
29086609153
29234995833
29237375961
29246471129
29246549795
29260417001
29260424495
29283384623
29283410491
29283412723
29333757059
29337049877
29340584429
29344274109
29347918525
29590660167
29591138567
29592370230
29615814296
29615818115
29616014619
29616095219
29616107529
29712216073
29723055305
29723149605
29729176485
29878049701
29878353285
29878383621
29890418069
29974214273
29976499841
29976508687
29979646223
29979832335
29980831887
30002587087
30002627335
30040868103
30086852551
30091699207
30229557767
30229610355
30262558979
30441822241
30448774220
30467240012
30467276304
30540427106
30567210338
30567219666
30567390394
30572870714
30573106746
30612577844
30629724630
30656109014
30656109790
30682943198
30892924798
30896191070
30896682222
30983594182
31003591078
31038464422
31053159334
31077931942
31134490307
31134495511
31143293352
31143324866
31275723970
31277674778
31371499802
31373573258
31478793642
31487132842
31616611925
31740102925
32398287789
32398304817
32504977553
32625580177
32625598695
32625648699
32680594893
32707742669
32981715321
32983760249
32985220633
32990561817
33102983321
33378517845
33378554577
33439486673
33439509631
33600183039
33602227709
33605258749
33605518117
33705204287
33709263935
33710547007
33717366847
33717424921
33741454641
33761692614
33791742534
33792118086
33964467782
34084536126
34122813865
34162366665
34165884745
34181784649
34235998893
34259761645
34261229453
34261288789
34300523861
34416471381
34432319100
34432368966
34460077028
34516829668
34746083844
34845793712
34845876126
35043351175
35044766471
35051271231
35055072831
35135333951
35183477270
35183511190
35202525302
35211949736
35248887464
35325584547
35712269000
35713173004
35713228284
35721577148
35721685808
35721690192
35934493808
35939211888
35960213706
35960500250
35960523072
35979629024
36163475640
36164617659
36332190091
36401282907
36423255387
36445155931
36445185703
36446401447
36556886951
36573777195
36639273259
36639714803
36640318675
36747767923
37066507871
37070116767
37072268575
37074264021
37091995605
37117948885
37162138581
37163010293
37163932751
37167430911
37167541883
37169140219
37228196347
37297870523
37460746651
37602547867
37602610843
37620820379
37628551355
37681541819
37689946605
37691967130
38027238426
38076811988
38077270164
38081982612
38082774484
38158814676
38220926580
38224124592
38231769776
38248951624
38656324960
38666959200
38667740284
38738661063
38738662239
39029927583
39097346785
39097359015
39220316223
39220825815
39221435795
39264632723
39310828947
39362955667
39398267667
39563060795
39567356731
39567756347
39567784083
39568526483
39582194323
39587500307
40030228755
40044980499
40048017299
40058995603
40334029939
40334034430
40443237886
40452030270
40455559990
40455598222
40458256782
40512954542
40518285934
40518923608
40530714162
40531340418
40555782914
40563147386
40575687290
40662697537
40662814817
40717424513
40719443153
40719521387
40721298939
40721371643
40722090491
40750430715
40751016683
40751087781
40827002021
40827115049
40831505513
40834065001
40844285545
40844813913
40930487477
40930524025
40950635385
40950649545
41096422089
41099222121
41111615265
41116881569
41122789606
41139819366
41305783654
41393076846
41393116750
41393192974
41662909134
41681471066
41730267638
41730312534
41772279839
41773504031
42038358176
42038471328
42038541290
42202794092
42203248236
42203296556
42658437708
42688567884
42738104908
42753297996
42753829908
42754583444
42765154564
44078854521
44284427653
44284546941
44290393293
44365890485
44683013481
44683157749
44683309573
44717234693
44816844413
44832503677
45294802427
45304802309
45305681573
45309414565
45320219813
45533425637
45741793253
45741793443
45743921477
46382956613
46383175301
46604277381
46604286913
46605023521
46635392545
46643604385
46690603041
46708181281
46716113113
46716390105
46716476441
46760745903
46804290479
46919528751
46923231411
46936312611
46940168483
46942568611
47137930915
47175683747
47179065379
47184925219
47196305955
47215101539
47220265571
47220333934
47220772366
47220805134
47311620462
47714880898
47715071502
47777936910
47780153358
47946463246
47946504437
47951359727
47951582927
47951636042
48037458826
48041592970
48089908810
48090088802
48097142114
48101158626
48562617564
48563306108
48563312638
48563371342
48797621582
48802837329
48803201873
48835972945
48905305969
49172094171
49217583131
49247406619
49282380359
49358317319
49360376071
49368681627
49418166587
49418203115
49969762283
50141466603
50167071723
50167073871
50168981839
50171400219
50182471707
50182892875
50190504011
50596825971
50596864113
50635054849
50636874453
50642678757
50642706708
50656933140
50657232148
50657277375
50873775551
50873799577
50873824157
50904862621
50984140485
50997741765
50997940525
51356516909
51850357677
51850503257
51875063897
51905476697
52072792153
52072890529
52155648121
52231413756
52242790652
52244352252
52484749748
52991895016
53022417736
53024774823
53027073063
53028390439
53045960615
53045979042
53083053946
53125579213
53259723213
53260633645
53447929605
53560471301
53594932997
53644360837
53644707549
53668888285
53674220637
53674673565
53804817373
53805236357
53812060293
53822505349
53828797829
54274581299
54275430259
54276598563
54299768611
54301622527
54469779711
54469939839
54469952679
54469999715
54473504631
54473724255
54473747951
54484940047
54489869583
54492759183
54501436463
54501460287
54501539046
54502239462
54541241462
54546196230
54581454598
54612478470
54629602118
54815698470
55265070630
55523167782
55525247334
55525483322
55542412698
56098553526
56129569846
56528391734
56528943410
56903444786
57160909874
57189651506
57270469682
57419248690
57422997742
57508235502
57510164362
57578362762
57583926218
57584017234
57593941330
57680928152
57715428760
57784014232
57792785970
57795257660
57796013940
57810779508
57810874666
57810918860
57811619468
57825519774
58467961342
58546100838
58547746406
58564173414
58575201382
58575222351
58575247821
58575292109
58594049211
58650336443
58777902667
58778002945
58842097153
58842301373
58885584829
58885634365
58885965437
58885984777
58886014957
58889857005
58936264685
58958191769
59080006809
59096864462
59097683982
59097686510
59098264174
59100886638
59106676462
59107383342
59142187054
59205604350
59210323408
59226287046
59233484742
59233554374
59256762846
59324588718
59358426670
59358470702
59368375214
59392249710
59415834478
59483273070
59532948334
59689795118
59689850028
59690228592
59690294427
59875175579
59876657115
59876808923
59877515739
59879691611
59887039067
59912558683
59912667043
59948833315
60036819511
60037018440
60511152968
60664143229
60664185811
60664417077
60704831285
60721504053
60723191477
60726890053
60727748685
60816972621
61062626125
61086677837
61086681523
61168333235
61227511355
61267848771
61329196747
61336849803
61336850824
61369001352
61370048968
61375106288
61376128528
61376137170
62020151250
62245496786
62257902546
62257994594
62291084130
62291258930
62682239419
62711370983
62930664679
62930712344
62930748888
63118383398
63123254054
63330124798
63330129062
63330681686
63641536044
63641694565
63642936277
63643467989
63656010179
63656017300
63656170812
63656196086
63729866606
63820117870
63821421422
63821911342
63849058606
63849210598
63909967981
64009043693
64023985901
64024022573
64025658253
64245973053
64278150415
64279798479
64279897295
64316637391
64317889473
64317966017
64326905215
64327787631
64328551483
64419696619
64419959113
64420768457
64464870103
64467647831
64467755991
64663864279
64679901527
64687247895
64693772311
64833767063
65177446039
65184811671
65193295652
65229609972
65231322612
65286680260
65324936900
65343454660
65479136708
65479143560
65479148480
65644417216
65644477764
65645105796
65790468740
65797019716
65797727412
65798163220
65798533460
65799484468
65809164468
65811314356
65811358870
65954550934
66121811094
66139627552
66163450912
66164998720
66165049139
66180809703
66180821963
66183339083
66417712203
66460507083
66463675467
66464187595
66471038485
66474973821
66476598649
66491501025
66491585089
66492079233
66492821345
66525526081
66526140801
66526152065
66744083841
66796163851
66889329419
66889400851
66895644307
66896560515
66896736003
66903236563
66958585811
66958690531
66958716201
67062689577
67063290481
67064613265
67136399761
67214312049
67222344305
67223449841
67224432401
67233691409
67233784919
67548107887
67809842287
68561683663
68561712491
68682990799
68694291663
68695385039
69125225679
69126051023
69266756527
69270687663
69519928875
69527051435
69527102307
69624341219
69639515107
69681534947
69780232163
69780849809
69805218193
69805250845
69805282761
69811328681
69825055581
69831025743
69835221583
69835247638
69890227734
69894695062
69894701218
69897677282
69905915938
69906180562
69910436562
70075076157
70087373885
70168157782
70168161822
70515486844
70515560384
70515622600
70679254640
70706862192
70706887034
70993936054
71003147958
71003172822
71003468822
71004089622
71004101236
71053963812
71058447796
71274814900
71275458356
71275623160
71295608202
71295697354
71309459402
71310992866
71353945570
71359771090
71473845778
71502128934
71746563670
71747373366
71795246670
71851611726
71951255118
71952113934
71952142347
71952300531
72157529475
72202427235
72215479395
72219075683
72219126107
72219432299
72254275777
72255105177
72292716665
72297792611
72432114819
72432119889
72480411089
72480891981
72542818061
72542887082
72630808362
72691236650
72691474026
72728760426
73187135013
73680455195
73687637019
73714125767
73714162487
74272338679
74275813588
74355022036
74361814228
74706447572
74727873748
74746521812
74748371422
74749544562
74982657906
74990647620
74991174836
74992190100
75015904076
75040221637
75041686853
75371974421
75379171205
75433512837
75510183178
75510198667
75510693931
75525456171
75525485559
75544424277
75552378253
75553025581
75554567279
75714851951
76028508578
76063220258
76063706082
76082800866
76100996450
76144907016
76156656317
76157029613
76159056621
76159108763
76159266627
76173588291
76253449283
76299251267
76301104835
76348846787
76348891733
76349957125
76641190917
76789997573
76790586017
76839536345
77288943623
77292744711
77292899283
77296203783
77454942187
77470231019
77470586459
77477863732
77485612340
77489903668
77492562724
77495225608
77522049588
77523430708
78105415828
78134999700
78148478642
78213166386
78213171344
78213278632
78260818344
78272587400
78281038728
78281139040
78281367008
78283003360
78283268576
78322504160
78487646924
78489773596
78492147416
78660469528
78660508142
78661434286
78678445099
78680288027
78813063243
78894313547
78894368429
78895052365
78896771789
78896788770
78917455574
79438084218
79632726138
79632828090
79632898582
79633060910
79641891886
79660471854
79660485295
79660558635
79664419627
79908276779
79908599323
80034958591
80035844991
80081882911
80103873695
80103882463
80172441311
80177431775
80179206403
80206739011
80263173099
80281806059
80281890899
80281922335
80282022145
80282081665
80361462145
80367106433
80786938005
80787755881
80849595241
80849636597
80853822773
80854842005
80854931337
80859128585
80873466633
80912800521
80921605129
81267184649
81270711945
81275001710
81275458222
81456810670
81469299118
81469932050
81544684066
81693058606
81693226322
81994611794
82845169746
82845380306
82901935110
83013200902
83172954598
83212642518
83213313110
83344155222
83358914134
83359585942
83428717212
83428900028
83428942409
83491462278
83513988230
83515579526
83516147926
83521794966
83724866454
83731786134
83733214550
83733396182
83735594710
83932335574
83948639190
84135654358
84211023030
84224827845
84231213509
84260294956
84290856236
84309237036
84309558488
84317410520
84317951040
84318162784
84325396608
84326662272
84327656060
84486400636
84488216556
84489054756
84543463334
84546834806
84549711734
84554349174
84558241286
85160059574
85161009558
85161167218
85161260946
85166216402
85166524674
85199978754
85331575874
85332297538
85445743266
85445768061
85445921305
85762539009
85765372417
85771200001
85771581129
85796190593
86334677163
86340503731
86432053427
86434471135
86442872799
86491097055
86491221127
86526818743
86638525419
86640280621
86657839533
86659399725
86660643885
86660652613
86681837125
86682040618
86684764729
86723478073
86723957733
86724211139
86724542403
86874475075
87066215811
87197496195
87197500337
87279640849
88009866601
88009986535
88108346907
88108890843
88108895787
88131280667
88136324379
88182909147
88199886554
88226470041
88227671193
88228781313
88229257633
88240682657
88256915177
88257039361
88271926593
88280615281
88280841360
88281215464
88416281064
88416390376
88751124200
88751400520
88752240200
88766025288
88768009288
88769621384
88774115464
88819136712
88820409320
88999109608
89001006704
89001010923
89001626171
89005358523
89038368187
89038380683
89419482375
89419715719
89475939799
89476013939
89769369459
89776077843
89825830532
89826771652
89827043373
89827950221
89828623181
89828707117
89828854669
89883513741
90209772389
90210042280
90213368488
90214814894
90227489582
90227493362
90227780466
90227824942
90227907566
90238747374
90238749864
90469315784
90469455640
90654046488
90654065347
90809814979
90812154283
90821077625
90821089401
91096090745
91134725753
91139543481
91144748473
91148287673
91148515001
91682059961
91682685895
91684508807
91685895815
91694623693
91694628193
91715117371
91719121723
91735359035
92135700443
92166068627
92166318547
92191556917
92216433157
92372187653
92384030393
92420288185
92420289953
92425792417
92426879729
92465074929
92466053425
92603956001
92670236961
92670246451
92685431859
92685433389
92701191725
92701195632
92724804976
92754282864
92781349032
92787366056
92883146920
92883807968
92946602086
92948012710
92948800585
92948803985
92949344129
93015363457
93015364545
93088730497
93097745545
93818027145
94048605769
94055655497
94058223977
94133363277
94133514631
94143161735
94143169355
94277754443
94408240715
94426183755
94429007179
94429239267
94443824099
94883820387
95258178403
95258458467
95259654243
95397746787
95398281975
95400301111
95417528375
95421376055
95424545591
95424551738
95429375670
95454211254
95455068382
95455616190
95455739450
95471654266
95488708986
96288419154
96353391874
96361995522
96362487682
96422939522
96423021950
96519231294
96519321734
96528114854
96528320796
96601340924
96602410023
96610438183
96612942119
96615692007
96618271503
96673549071
96691382159
96761269983
96761463843
96761617905
96763166193
96763791217
97441326961
97463528968
97463596814
97522147950
97559143022
97559304934
97564425318
97567310182
97567419024
97570021320
97910479816
97914543048
97916789192
97970980763
98136513892
98177429440
98180257728
98180704103
98295241063
98403094887
98478068975
98479083183
98488014427
98488172255
98825312287
99323292679
99323910119
99355721191
99356389239
99356590423
99362116951
99362153980
99363350076
99387017788
99433485404
99631068252
99631443036
100465938508
100486204588
100520660140
100521796548
100545647100
100552643836
100553626556
100570565406
100662743326
100663526398
100681866238
100696775806
100696834392
100792936792
101033835864
101208136920
101208137991
101209792967
101209817035
101220742779
101224264315
101324742555
101389902747
101389945265
101408320921
101865353377
101868189884
101868231884
101908144394
101908258882
101916445750
101917676598
101933089334
101933188998
101933355398
101933377150
102086231866
102101652538
102101666418
103094427482
103112163162
103114748794
103115552154
103140857658
103164561210
103173817530
103279594170
103279716386
103369330252
103370886536
103371642395
103372578331
103390100827
103390895195
103395441755
103398106803
103398147353
103408024601
103411799257
103518317785
103590436057
103624791961
103667195801
103667682249
103667942345
103705176009
103706544201
103712844873
103712864427
103713099531
103713133067
103810262539
104027184779
104031183243
104033917079
104176010903
104176564887
104176853549
104200157741
104200255057
104203502161
104203514953
104247627833
104289744953
104289791679
104325008063
104335726271
104338755559
104338866247
104339340359
104339998311
104579542335
104777823972
104780237124
104824137764
104849863620
104860538308
104862363844
104872309012
104873909243
104897539067
104901604235
104902562123
104907789131
105258812963
105870239267
105870415363
105870681043
106091061217
106091396513
106091431399
106091436613
106092178885
106406739397
106408992453
106409922885
106411102117
106411104147
106703189907
106703537680
106736819696
106754586639
106785001621
106785035093
106836395493
107214584165
107321383269
107322069221
107322465109
107348977845
107805796533
107805842325
107892161173
107895679637
107901047573
107901047716
107914394532
107928138660
107929368612
107932657700
107932692778
107933205290
107933460970
108061682826
108064390182
108447644710
108458633446
108469384854
108476412906
108625127922
108721851794
108723647180
108991034060
109115140256
109137303200
109140196192
109140200736
109218186576
109218463300
109218487564
109276396812
109285605516
109297498124
109568444428
109637903532
109905752172
109957190640
109969960432
109969963248
109980108432
110041559696
110041896000
110042139456
110066190144
110067482880
110068290816
110230940928
110244247920
110254260592
110271595888
110271630156
110612615820
110612629463
110641097011
110641108217
110641279913
110681409685
110685935509
110701807509
110816315138
110816338821
110850692485
110850702159
110891123535
110891511927
110901779141
110928943899
110928980438
110930965974
110931029494
111161266518
111164430294
112039417814
112039864310
112040435702
112040462928
112040906976
112126108896
112140123360
112145377874
112152380754
112152652826
112221438268
112221601780
112221720005
112393479973
112393511349
112448835509
112464412597
112495669173
112569106357
112569137717
112631280181
112843787509
113297992949
113298471605
113361783477
113362223391
113368117535
113390539039
113478986047
113496912703
113499015999
113548729029
113883282117
113883386919
113883487271
114218947923
114218970723
114236626531
114304415331
114304436781
114307596845
114317362061
114326623239
114327232903
114386059663
114386090011
114716980289
114717022300
114724259203
114973117843
115310415251
115428781459
115428795431
115585868839
115592108079
115594533743
115680771695
115686736175
115695971631
115735885103
115757221167
115801677103
115812526383
115812588707
115812594611
115856990131
115860544514
115860889858
115861553534
115867344869
115867668645
115871690661
115871745861
115871908541
115881736925
115881989573
115882112235
115912830187
116056782531
116059036547
116070533219
116221544547
116221614435
116241577943
116687944551
116692290273
116733385441
116733613581
116757932144
116757933296
116758191680
116778681408
116778688377
116778733689
116778746381
116791336365
116803461549
116804408419
116807638627
116808393451
116808455479
116824860983
116841981111
116842970902
116847318678
116872590160
116902294352
116905182032
116933569360
116975505232
116997689680
116999511696
117014712976
117021054480
117027001600
117027010298
117051298650
117066261352
117192110952
117234451304
117234756136
117244537192
117244544757
117253057061
117276817573
117293626649
117400024345
117400337613
118577806541
118577833741
118651123393
118706227497
118706243457
119146078305
119146170465
119148502241
119227063477
119285986997
119299543525
119309975369
119315035561
119318022569
119341555113
119342846873
119353459609
119361143705
119376619417
119643693465
119696614833
119696987985
119700091729
119706273361
119734411345
119742181461
119752779861
119752797461
119774416527
119777084463
119784611821
119792986221
119797554525
119814337885
119814423563
119926879549
119930806845
119945395773
119953926717
119959898685
120048726589
120051856765
120144987517
120145504941
120147240749
120147476013
120171646509
120174312105
120174357364
120304044916
120304093977
120324440857
120427704149
120428501685
120469973685
121142869429
121234812981
121475735445
121547649877
121607545077
121844608693
122759982773
122761260005
122785040253
122866491901
122867145629
122872410949
123055990787
123129066902
123138398838
123142557302
123180998806
123181765622
123182055382
123182157446
123182719366
123184772614
123205318854
123205668830
123212115523
123218525795
123228893283
123284066147
123285673751
123286610295
123329268607
123371530495
123371610515
123410428125
123491213005
123548672791
123555461911
123839721663
123842854847
124309929919
124381855679
124382523327
124458235083
124567549131
124567999867
124589153647
124622575983
124627453295
124632504575
124702128615
124705862119
124831511431
124839243143
124891603335
124932978055
124950764679
125084862471
125170776005
125171414821
125171471303
125190857171
125247439955
125278584915
125280104787
125365162765
125853922061
125863027725
126043772961
126093334561
126101009697
126209468497
126211599889
126365212475
126365364859
126381136623
126714217199
126714663503
126717285159
126718787911
126850277703
126850479939
126851057155
126851060443
127042537691
127087702837
127190063925
127194260789
127199027093
127500488997
127500939877
127853664549
128027771057
128047793973
128047908661
128048394293
128069608501
128069834005
128070919413
128071910073
128213401433
128240771081
128261558697
128262175145
128455432617
128456290257
128458542289
128529325205
128608686809
128609063953
128609364545
128617530945
128619789633
128911974187
129016294971
129218072907
129218487947
129219694219
129303137931
129303249547
129600441207
129825522825
129841761801
129843417609
129940585113
129940713241
130337427225
130345568537
130345656973
130345661039
130535867751
130535919655
130539585215
130609265855
130616988095
130841851167
130842015951
130978937039
131073650835
131073843597
131085334925
131229743501
131230231053
131242352017
131333717434
131344614842
131512683962
131513040554
131589330602
131589914970
131600678938
131607232410
131666151018
131847514582
132018872534
132021442742
132055883958
132068766902
132630009014
132630010639
132630182131
132630474467
132634051427
132640025443
132697432867
132775525923
132788359331
132904607907
132904843171
132915335451
132970090779
132978408411
133063223819
133063294663
133063368591
133128880015
133128961611
133687942731
133708424018
133708478662
133810472874
133810526666
133831416266
133831512586
133877503498
133877760394
133879638922
133880718682
133936250202
133938468122
133979621658
134119002607
134119084015
134121383391
134138125583
134141797839
134141798257
134299715441
134366011809
134368522145
134426197093
134428625165
134429417917
134434524362
134434543875
134885663234
134899640802
134905659874
134915648650
134916064666
134916145514
134916677050
134919852198
134923797670
134928467622
134928537359
134928641491
134958022099
135256276179
135281261779
135292419611
135292426793
135292596017
135334544689
135335059985
135335123579
135336091643
135336170491
135644907533
135717931021
135783869549
135915514989
135949650029
135949672581
135950955653
136047376573
136047409446
136049843846
136059634262
136090121135
136150741987
136150973795
136187271075
136187313435
136188326299
136189674107
136196960083
136197727731
136198826331
136205848923
136228656469
136372431189
136373066391
136424007831
136603177981
136605723373
136606579437
136607672605
136837919373
136956654221
136956698545
136981487537
136981500177
136982176705
136982486197
136992641461
136994929109
136994955973
136995077063
136995299310
137080678382
137095170214
137095570982
137149725734
137149952138
137171195210
137172781206
137253883030
137254341178
137255426618
137255446890
137269632646
137270112518
137338426486
137339566326
137339731838
137514702294
137515915426
137518563842
137522910722
137756826174
138061528382
138061538602
138146048554
138149253789
138149257893
138149282841
138151356441
138187922841
138198835913
138205459145
138205786377
138215397129
138216372553
138225747273
138668433737
138779184777
138800099529
138967412937
138967420191
138967430239
138984576095
138986016799
138986712639
139023450185
139655521845
139657318197
139778065309
139780156413
139869299117
139879315373
139929948077
139931282349
139935416173
139982422125
139982554989
140135708525
140256264360
140269338792
140451332264
140453849256
140787020936
140787226912
140788005570
141072525314
141076669440
141076831144
141278598360
141279098200
141869035257
141891301559
141943873719
141947159735
142028321975
142028544599
142076953175
142205934167
142206417347
142407383491
142437873875
142566945939
142665433635
142676077347
142676267255
142676283481
143133827434
143134199562
143140355032
143144492692
143180656276
143180689652
143181482656
143294265896
143322320680
143329945128
143364106280
143383916712
143385285612
143391687148
143472082412
143472089813
143472290237
143472337545
143472365914
143621628474
143655537210
143655592150
143668537814
143973604822
143974631514
143977925210
143978630874
143982716602
143982794233
144068260291
144145405379
144145419911
144153232235
144412263275
145450976699
145611806139
145611915451
145612448699
145612450299
145621862907
145679793659
145703564795
145759079419
145759186309
145822170629
145909087749
145999595337
146121996777
146122171177
146149188393
146179863481
146180683591
146180915943
146211464071
146229213111
146375562159
146422904927
146459916895
146520847367
146521976935
146525923431
146525940319
146527887711
146548770460
146549297020
146549297068
146643267260
146742816029
146788944157
146803385573
146812210885
146814987973
146815023429
147015366981
147065758021
147086606929
147087577041
147097932241
147101853457
147107333329
147107365283
147108627491
147129206211
147129227555
147199405423
147337675993
147436293349
147440238565
147443084435
147507057811
147507347923
147524219347
147531196074
147549060522
147549874986
147569081130
147694031816
147696645064
147696733568
147708255244
147709354476
147791522420
147791601720
148065131704
148078346168
148078817208
148087807416
148463177144
148558638520
148563228732
148633573361
148661178994
148662776626
148662781269
148716352853
148716401703
148716433063
148718384535
148740932493
149232747033
149271727129
149271765784
149293525784
149295411992
149295557336
149299975896
149319746680
149332068984
149332184904
149341082740
149397246583
149397297119
150333427399
150333495651
150333763051
150334597147
150353556583
150401092711
150401150783
150405527359
150420438847
150427708255
150446615391
150449101407
150450167375
150454588495
150465038415
150526177359
150572728399
150574464399
150591591823
150619525519
150619544468
150619957512
150774600774
150774603725
150790758433
150806137889
150817920033
151073338401
151074575393
151087158305
151228689441
151229295681
151230038081
151451685315
151451740607
151451789587
151453622483
151453713850
151526948794
151717467910
151717698822
151717702903
151717924919
151747407927
151749022455
151749094571
151974888363
152465990571
152466212743
152469753223
152535664103
152536392743
152692567271
152693060583
152693064843
152962995811
152996787267
153000783676
153005168892
153005977500
153096855964
153107200412
153195764124
153255531376
153261091968
153277304456
153424817800
153456291272
153456845112
153476288792
153476447916
153476651993
153476667111
153489217511
153489257434
153489281036
153664851764
153694909748
153703171528
153703252448
153720144352
153807751648
153828757984
153848134848
153929419968
153934241128
153934338986
153934397486
153934459182
154295432734
154295461738
154295486100
154295489386
154558396570
154558590426
154559356336
154560627990
154560677142
154560704470
154588689366
154592274623
154598662335
154599232271
154686612239
154815403763
154819949299
154832469711
154832509679
154835180783
154835866351
154919603839
154919615367
154980863823
154981706763
154981711475
154981712823
154982123703
155053555895
155053848623
155054545271
155054549959
155054638699
155054948523
155054994571
155087558027
155100317067
155100322347
155214293547
155334089249
155334216045
155448070397
155448901885
155449016877
155618101168
155647971952
155881129792
155887011406
155905168974
155905475446
155907709302
155971451254
155978226422
156005762806
156694031620
156700417796
156728775428
156728797427
156741246579
156749162259
156767504147
156769975065
156781777913
156852483017
156853218569
156853303036
156894746364
156896444568
156968978584
156969033106
156999572882
157021961766
157021978342
157066144158
157066555974
157108740678
157110614494
157510448606
157516088158
157517706782
157518170318
157531636622
157531677058
157534868862
157610499454
157610579326
157621683310
157631765614
157631995854
157636461518
157639091150
157640210334
157686559306
157686727440
157698073104
157722026716
157722140576
157722150688
157737653024
157750620960
157750631643
157751582043
157794789959
157808439879
157808479399
157813615783
157813635359
157813639601
157813642193
157813799883
157814775755
157814814908
157817768616
157985905320
157987645032
157987657256
157987825204
157990845908
157993493972
158030810836
158030888657
158032370337
158075584673
158272565842
158278419026
158282153810
158358411482
158359113786
158365141774
158368998670
158369087002
158680365138
158681576914
158852406738
159211354290
159211454326
159783660566
159813986535
159814023512
159898364632
159967102754
159967463970
159974048290
159974050022
160006808230
160019745958
160133780419
160139469251
160139844035
160170902979
160407528899
160439363011
160449932739
160450234115
160450389459
160450392695
160451003255
160470330231
160806123325
160806132061
160858988365
160859017750
160880005654
160918622742
161176500650
161176920874
161179960106
161216536498
161334426286
161334457862
161340704262
161578739802
161578843764
161580341396
161612084444
161613528092
161613552051
161613648435
161645056563
161736999357
161738841021
161886017533
161886175197
162575799645
162649994589
162658389029
162676680741
162848075477
162937359117
162938232349
162989878373
163048062117
163048697477
163054377605
163499908709
163504989749
163524528693
163961505861
164045323077
164076697689
164076745177
164077303513
164164779961
164192594153
164193501161
164193751537
164193760539
164193919047
164224661575
164370395067
164466167739
164502226315
164502364535
164602680001
164609500337
164614669361
164624408369
164624925409
164625021386
164625732810
164625741940
164660092020
164660161676
164660596684
164822364108
164852856396
164867788984
164879454392
164879547974
164879628330
164957756325
164957769724
164957770352
164958853488
165345352048
165575098864
165613042160
165909218000
165909918032
165910895427
165965429571
165990306337
165990678497
166092536033
166102632161
166102704961
166113576897
166345316531
166351570912
166351976896
166498154944
166505007040
166563889088
166564126704
166564749240
166637461432
166702580550
166929995078
166930763206
167115227270
167149628806
167436559750
167465682500
167467131220
167541756244
167542170132
167557331556
167598168260
167613671356
167655573263
167685582327
167685898867
167689484915
167729883763
167730051403
167730338788
167794114881
167842350646
168332215606
168332380234
168336171594
168346289035
168346991249
168468090353
168468668801
168468914321
168484109600
168489585184
168491590784
168492066752
168562786570
168563025956
168578320420
168792811556
168825719492
168959408836
169037697732
169043909316
169044133396
169082561592
169103830072
169104921400
169118498280
169139201514
169139339118
169140216430
169161172666
169208737466
169210455994
169210665810
169247186034
169267915890
169733524594
169789100146
169882597682
169884902130
169927279346
170209357500
170310397628
170322688188
170353668544
170353895936
170364557532
170549053660
170871331344
170872676880
170890936848
171158392784
171165456856
171223291064
171243761548
171255610508
171567825678
171656904872
171794814902
171799039398
171811753382
171812501206
171812740534
171967919542
171981495670
171991173178
171991248564
172272455348
172418907828
172533292724
172544715380
172547598708
172547613080
172581603736
172581808920
172582976568
172893240376
172893901456
173078666236
173182794984
173212431819
173215254250
173227682538
173230316266
173259324138
173291669294
173292052014
173412038062
173412095234
173484113154
173549995378
173557168719
173567353935
173568353839
173790144047
173790147751
173790339495
173843989499
173855777019
173856104683
173857216299
173864239035
173901077103
173901080999
173939196295
173948434209
173957200659
173973617939
174146840403
174146908403
174615079027
174634122611
174659925299
174714293555
174872294707
174927742259
175073787187
175113310437
175129366247
175169819635
175173428547
175214346563
175214347245
175221891677
175302644317
175304089117
175304914720
175305028098
175319951362
175376537602
175443833922
175444300552
175444751408
176186741808
176225944539
176230754251
176276451787
176278358825
176471958139
176481929339
176481932931
176482023491
176551295043
176654099734
176727183841
176745059169
176749219425
176753707425
176874975649
176878113569
176901447228
176901592900
176903676484
176903724204
176907120620
176907154780
176915841453
176940280237
176940685525
177298125243
177298648011
177310137291
177321122763
177334471256
177369387567
177387934639
177408602887
177408749225
177447708329
177526943401
177530213033
177550623337
177551958121
177552340345
177755601897
177755625585
177757235057
178142333505
178385285656
178386266824
178390760744
178418244216
178512898958
178687221342
179011075678
179031150174
179037829726
179037844990
179044066092
179190274264
179360937380
179369792932
179369811436
179418850213
179419620539
179420599483
179585673589
179586777397
179587122645
179587667925
179587688097
179594483361
179858421409
179884978659
179886439971
179987989511
179991154993
181301925588
181301974024
181303110376
181415531240
181530422876
181531569948
181531673500
181558739868
181757742796
181794128076
182251307212
182251407356
182251644106
182252530122
182344694474
182879102410
182880337194
182883063914
183002446266
183004245562
183004529050
183004756157
183005158077
183342103909
183387757925
183495231539
183495369637
183496111909
183789238373
184120834149
184123889903
184132324591
184132531139
184135305155
184136707267
184175256003
184221942947
184222525251
184280596803
184280794327
184750564567
184753935055
184786932431
184787062543
184787763848
184793584264
184794622443
185053426851
185054275075
185071531011
185168562279
185171330231
185273107127
185273218231
185278392759
185288803423
185986099039
185986144187
186193528398
186231686166
186231887638
186238459158
186238469566
186265331278
186421469960
186422543720
186650121576
186651871592
187053347916
187053417844
187084973428
187085301140
187089874324
187090202628
187096430980
187096788228
187099594372
187099789956
187147037316
187147186942
187210007854
187214250988
187214288940
187404553157
187408002192
187554080515
187661561628
187725995804
187841214236
187842141324
187849897488
187861956112
188000603260
188003571580
188004402138
188004986058
188237873354
188238670666
188239073336
188253362973
188253633721
188253784253
188267090085
188267321169
188267340842
188384488970
188795860438
188797228780
188798095169
188843724609
188938153793
188940124295
188957790039
188958219799
189056652423
189445356698
189480819354
189481851973
189971602501
189987002693
190008861749
190008893948
190009283132
190095565372
190597122300
190668622076
190764242684
190765904556
190768072100
191246189906
191285234939
191288048679
191926543921
191932398737
191943042961
192057137041
192058535025
192058554737
192061274353
192073746929
192073754869
192074473557
192138988353
192139060523
192148273111
192152556845
192201318949
192201550758
192201840890
192202323586
192214966333
192241735788
192243391952
192243466080
192251662304
192326465842
192427121398
192441848662
192448638758
192450570534
193046193740
193647986252
193761805900
193780954700
193780996284
193901498556
193904178748
194037021244
194057491244
194058039596
194161496432
194161632544
194161632618
194162889201
194187165162
194187289376
194194323232
194200393888
194201471251
194206531859
194208905939
194209433923
194238499139
194239116801
194240685761

