50058616549070
78266829348516
138781020757218
188269482759210
273283205376819
274815188448106
309622151726692
317058155391331
321204264888835
416741028567306
436968862140099
471493168903589
526518017118969
536358276359325
691004198348276
788223585734319
881178883353285
893809616932303
909302450284831
910138624624975
911665363480510
932231825423662
975966283285820
1039935801935035
1081931980124710
1131782076979826
1170562688562118
1194857664388722
1199907803588814
1244873060548469
1262891189874945
1294902798373923
1332061886936815
1361085140893974
1362817367670397
1380777873518332
1450165295965964
1470548552968248
1481706561032899
1499169518729611
1572721420055742
1585856034237708
1587982565413776
1606171235198459
1614812441823966
1635874042279645
1668111029613955
1685355810065749
1745629824000078
1755954306391364
1768544034882879
1815528177213508
1968733957211498
2062172691099343
2083113300052447
2110354279538047
2120046969853797
2166289574977488
2186447751038700
2234999315905169
2245192652886261
2288537752581811
2295973148729630
2316357445419303
2325716767885279
2355661356799868
2404990761113318
2467531167643619
2536747419937576
2543956325912869
2574122577529018
2644298427364124
2703693357618310
2751150063797040
2798686046383861
2899702596165635
2949138946640717
2988774306934245
2996764726333808
3155342820130090
3190250695833518
3230742763704095
3280958744268553
3285994736534924
3304093971428669
3306142903747025
3317970159196217
3318003664996769
3389534299150510
3391265178464335
3398129433470816
3403935179359896
3439385541938304
3469877061930776
3494830333826609
3534344958574009
3550213114967377
3691203669024898
3724453571650279
3756475236929119
3801729053522853
3801922665358653
3802895434925973
3866152011363887
3965202662178698
4036686369169678
4072780553538067
4181295087320713
4212608092835293
4214813266990893
4250525720594710
4324604497967603
4349229357675293
4359951167493315
4369895258272625
4370394817042541
4370724576285741
4377984065202150
4408956427237100
4499570714553801
4517446477838229
4519692561393194
4538044615876331
4604201467547500
4640097014770546
4640862372307234
4740359218840316
4834098920320630
4853258409647744
4880630488830930
4949855707124108
4977581992914506
4980479457456422
4999094039310152
5032809231325103
5098273603181741
5110264487900841
5155056024517452
5219223863497142
5219593636757603
5232756624070318
5233911197723203
5312493486809125
5318793293708523
5336195920114868
5341050281096415
5378358970870731
5378583938701791
5406619496092293
5433382644392333
5561905617966546
5565693910718394
5584858094739318
5603038281275670
5641892136967990
5687108832351162
5703222474735401
5746985149557986
5747384928319821
5751665217877642
5797275834542682
5813804866430460
5849633835041409
5884719590768081
5889240658394077
5891812490666275
5932639014426381
6024251458371313
6029270680501703
6049658312756361
6059923012179516
6115526780057998
6134849702330938
6217597769179558
6246136242005834
6264213922755660
6274667736083862
6275577402411731
6295089256669421
6316895110836246
6390718179070212
6393950877276287
6558020761125699
6567320414664609
6568231997393817
6591736607694366
6700543783112338
6747534126339436
6778914829680508
6806762103936298
6810240441239722
6885427033852164
6917293899878622
7016565488965824
7061600752373050
7063975395933397
7136239016660252
7170499089552047
7184243040129646
7299581101771816
7305120424532284
7341252457248592
7352378626934563
7358678818874445
7522758535065386
7522873182968822
7531574875485963
7571932808423451
7572411247402494
7594179808896602
7610928183833686
7645196390407590
7680546963480641
7721302627689620
7722876741290477
7749564873464463
7797427751500157
7823445519872247
7833955483813049
7849571073017129
7915974714711297
7918309444645425
8066732874436474
8156628241131710
8165427878105509
8190383199110875
8299458649115505
8310148422017568
8342175992806334
8355321577542720
8360207960087575
8436701397833065
8502687695718221
8502834225532379
8550734666821283
8550965012109248
8571340282956935
8574257595107127
8626171349529716
8684283548708191
8702351418559674
8703669589593117
8705059793087841
8705770354391761
8720129219187190
8732939896194740
8845560064783339
8924313518284895
8940436193094897
8955220969571216
9043339424994725
9088837878609601
9093127883112142
9119688522252177
9122721071506905
9181194648369513
9206820751825027
9212380437482147
9223860713545805
9224748936775070
9308823671254888
9508990201074896
9562296429476474
9649524137014685
9666386705254447
9668242166439199
9703783090733349
9732295533761647
9733806609269158
9734055970266886
9768517248661834
9769056165732163
9772363983354433
9866775729813270
9950544695420284
9965639490248152
9987680015632355
10020509091730355
10046930889667329
10234132110647250
10236372040283040
10240163421087800
10320495635269730
10324753736082972
10407774339822024
10414473929146838
10470065348319316
10516050484940840
10533252099464010
10601841001259610
10604496657190713
10637633276340267
10657068341323165
10699070067563470
10724016674225404
10749956286428074
10763501344861174
10767559018357689
10875197097870330
10879806046158222
10935466991247195
10936116257618814
10969596595172352
11091943914613565
11115037613445156
11115095350481496
11161370364612362
11320556380888653
11324193911564749
11504290096166859
11558635703528821
11621240870171569
11628071670760489
11708427988421234
11713323927323593
11719661064527881
11726169771532885
11812150569105891
11814947603379619
11845252754135528
11879490798292973
11886083500176087
11908428904490712
11908615947277912
12007238032418668
12077736075638427
12082557997408299
12100528848327119
12174983625102598
12192339090019720
12244108461854859
12272624204178025
12276547718306553
12302266175914298
12326627873799529
12342372533848643
12388565837418317
12422187268868525
12441076741342891
12478333141208551
12479734488403433
12503904267307883
12542745892153011
12544718308163499
12629412172132502
12641436023458135
12645323007758317
12674948196427994
12690403183853560
12696159134502760
12723230534969670
12832938723503277
12876858883448486
12913222361705704
12914252165322120
12929705566374000
12937009433282943
13006785785270403
13070183624395557
13100987798452329
13109916102423601
13276887900922104
13325676082052358
13387410292246835
13431581605850346
13484703158837216
13644210808273467
13663790736019425
13665094748364123
13724472715217263
13788357561100625
13867824780873655
13880555761764975
13911301255953955
13922757194706473
13984985018579727
14067412881664419
14159525979620300
14160750721950230
14180994133487815
14258017587271462
14297278288593872
14311484902344161
14314017033080187
14320679980010637
14342036903769887
14385488249463204
14418054621680481
14509029904949693
14512454548189457
14560189906750106
14618076289463121
14628556378931343
14709736544920005
14735172562677164
14793283222923892
14838556679462764
14857860564539592
14941618821017561
15000487207851933
15042428787080475
15057090544142013
15162057840185819
15183508320381194
15200663677271926
15200669765392171
15238169567492401
15270065692500346
15309810272793150
15345943725937139
15401651729527470
15415307839000110
15415323396024390
15457784458621190
15458105337010384
15530590071460542
15535203761945847
15622534989563485
15622578093723160
15623903892829645
15715816685468201
15746573312669251
15788721924473946
15834002534048268
15889691436144108
15906657654276168
15916961275232492
15954797004406943
16039201378814420
16062837588968214
16120067002224285
16147775925526075
16271076514694603
16320243816160480
16359987031532335
16438182768925918
16473424731289698
16482529219536350
16519887592869375
16588675978396971
16591200190627926
16598272247434974
16718532972747053
16727622538838750
16754784020225423
16766748652338143
16803199219695051
16809624897904621
16846926027772428
16925439769001510
16958012160370596
16976923042307689
17125911573081162
17231208908869780
17261044235127912
17294867740076964
17368750929122287
17371295719812793
17380618048713449
17413512177034748
17414626938379508
17512572101880081
17537288198030706
17554003887828922
17640565482785135
17766379446521918
17772753381598102
17781260949213528
17827406883794820
17828226486542538
17836967594589669
17859816315595107
17913889226488867
18002185823866727
18015886904168090
18054671117614986
18121024076639602
18131124650306032
18167892838074212
18179011034683004
18226836185099395
18227081829966786
18236684173645462
18283790941342674
18338508424778796
18342873304834956
18354240384937526
18394461580572653
18479846427988191
18526184849324871
18535076569639861
18549649623526148
18556490172258632
18568472504366045
18647270027233513
18657107874817260
18751779732102510
18773188587100474
18818406379955552
18823016156617448
18831513680845576
18862177919085376
18885395600618878
18897523898699870
18906871467456476
19015012086370695
19040440458063639
19204439040439856
19232476000505320
19267938807957929
19288932707766732
19342463635569792
19352396994772232
19568325611623169
19615018287512650
19639997468469826
19755116229968175
19851649589420790
19921763741067282
19922555820565154
19922556369436556
19945511329407087
19945790365891887
20041762976018479
20060563398293001
20089960069434183
20098648638150059
20247133247948672
20291832922836992
20324304108977116
20325407867071067
20350989664695553
20355256884071481
20379305083267011
20413392691726071
20445810385694962
20520323346335422
20522373955154682
20563458170439612
20621938953850830
20661235911422067
20685193164878847
20716668844089156
20741383151287481
20749931255805166
20834348271417554
20860828882092022
21000636923994045
21002925254205713
21015376631136025
21065192355997437
21082187917137169
21161332947638269
21216450950824541
21265962913127503
21266397750375689
21304719289901823
21377539998405051
21378095737070091
21380551946316916
21499263833808680
21516891238691968
21525823615933178
21543403966939457
21545651499838257
21621501906170453
21648340767331366
21662309357926767
21678328540087753
21735081074809632
21745716091101702
21749794165379192
21819795189399882
21858452028283049
21885696655782961
21918577591564861
21932539340854335
21946394731598479
21998120436414748
22192152299192426
22204793473656421
22319421176035025
22331111301000197
22367923592516012
22428488377977239
22429627410831086
22453964095931730
22471303554223960
22472993939201950
22503162851364166
22606527033780688
22661278136804500
22684232882312740
22731265258708792
22838288115318243
22877111240593303
22894316214090271
22981460929255362
23031409569660408
23045282030048858
23052038084195488
23177554371141702
23215162708633757
23218921248929021
23260126365302398
23266913785942425
23394846046382371
23405930362980957
23426976010059009
23511640520505732
23511725569297588
23533847069677513
23535537467913676
23554977023270282
23612411868819340
23661750912400115
23771803849207923
23802389045966101
23807743261534174
23913996313639762
24041207654722225
24055849714493759
24076056194998485
24077574297341838
24118989937630700
24126704718973832
24167420044558703
24208336957277824
24238490757541918
24330496785100835
24366973674405241
24416196415411381
24440493613628247
24483232975379999
24501825633511256
24534086594368554
24570464129912812
24722644161052478
24744266239990163
24761214585228585
24845866133046614
24917038421679235
24924342338278862
24955400431501718
24966103420238347
25007530248250983
25119217261639505
25169463849532147
25173611813186124
25186832099168942
25198163182683542
25204003179793685
25255003611950072
25274505143422688
25336330524519348
25341703771398710
25406485139147501
25424203916860793
25461626795286276
25543558415472693
25615334801003054
25625000063612069
25653475092116885
25676840575670016
25686344940593226
25693484701832058
25710909659051082
25832601128201204
25838319822408576
25847119066526296
25849149822440080
25864716056761525
25869487499121167
25880220192276126
25881255098327382
25884408316131798
25892906233014094
25896223212342914
25926512652702368
25927260135738272
25958314156855635
25966085839871729
25970268053974585
25979089264239749
25982198295719989
25982462004114493
26033102700614206
26106103468662362
26112653321163482
26119553424334531
26145687914802067
26203939842313755
26256515737025550
26267618530995096
26321576431909570
26327952810556414
26509182478491429
26537056066322799
26555062023464721
26598700776570447
26602748611260769
26612172643396207
26778085908037835
26871431602042232
26924110628130452
26931689487892466
26935431738835634
26943602351739179
27001870774512665
27010484683533395
27026220230146705
27059341751356889
27117373331009321
27160277686204441
27173752336237735
27177110920820461
27195927350707877
27222111955990566
27227289057105934
27228677333562894
27266664507669627
27337468891313387
27339144670863218
27418970208667327
27459223734483864
27491076134466710
27577075607134978
27701460138040177
27772932106432467
27782112521669746
27810468997534966
27840952830644135
27843571846643200
27852924878194990
27895037071914410
27927831745888755
27935620371926646
27987245176352034
27989488713206592
28006780335839643
28037975952553017
28044716606328917
28048915283715265
28049063255198849
28102768310939728
28114978238043966
28146513123737539
28242504088145366
28371219834491765
28392301537536453
28395232662587189
28455397358461052
28575965583411973
28649330032711733
28666376155559998
28740521847502821
28791464625798474
28889915479893630
28911218097728425
28946023323225721
28964209966291932
28965137780718295
28966651618439167
28969880146965977
29033022077414291
29035957966044453
29095572888004985
29136495437086355
29136562126565015
29192175034636557
29200985284196402
29216615164901332
29231565704703156
29237665316664780
29257927361937206
29295793774661764
29298064316511222
29350572636040023
29352971029373163
29357748387681291
29380094519464485
29508742028867996
29596698042658217
29636106102144436
29638345016709771
29723404991736535
29778811001249698
29875122461854400
29881526893669720
29883777464807292
29908995056002032
29925490010459368
29988784502530128
29989104820579356
29989154073520668
29990892356763348
30014902650214585
30052961062344353
30111226548432165
30153153005562333
30156659736409928
30273304032602742
30300974189578764
30303157935643539
30324470493760922
30324647915900944
30333682258519048
30420863581586948
30421619466469620
30430885803519379
30541495904862317
30608794665741112
30633678939534893
30635452477657893
30699846243173219
30700085064522377
30748848409286498
30804061272813967
30809759638996036
30998732271051389
31043455510512057
31114402469738773
31136733666911155
31152336398062285
31234148040149891
31519623156277404
31548915795783082
31556095703740178
31679906540444728
31716888577026414
31721094986097838
31755450648514603
31828376971649306
31857043338193655
31867298678903075
31891813745104315
31898325766869610
31901010969050042
31947243361123007
32042568892005092
32044233954473522
32069256387393834
32076503167607079
32086898513657329
32106504484117493
32157930464720867
32188628167708295
32206208968908119
32244244110430380
32300274924543308
32300877956216868
32352075785370329
32355634631876374
32435913636757187
32440657629705835
32444087753499400
32484553268450036
32501817508977293
32508724652734546
32595020610088404
32597515161624288
32620249093894711
32651780546546509
32657041648718029
32692183728279878
32729220414589420
32731094945796936
32731119283018446
32773126780126545
32775786883125756
32797542931170027
32833790382914459
32852239548862011
32872340137328727
32921026439423380
32954156691449807
32955497626063574
32956148479702126
32969206894985103
33170800478107663
33171981801865711
33176639450916134
33177374125516547
33341659652202560
33349595588010731
33378866369179487
33384812153923941
33433880165379692
33437657159565153
33489397160971024
33518715239585649
33518993008937805
33678869691124200
33732984397449171
33735543054563443
33737053573289668
33788940503817268
33864283137739468
33901373595826018
33945433539207543
33994779779110025
34018737665854121
34030407734672626
34143456823792885
34195917763520645
34196295376589421
34249400201958920
34290445467474996
34292809370356032
34297136674872782
34298501229800230
34318495166647589
34346737898398225
34392175558819966
34393868546063119
34403709927962802
34432571244254410
34433937470034046
34477862986409536
34493173862091231
34507379083490391
34536894279369554
34555011150878486
34609912704992493
34667857940797723
34716535181936145
34755370789966163
34803909985746255
34820951353133524
34823082055953364
34967540434340489
34969928137587159
34971810690364927
34987674238741823
35056241830646236
35155556280809840
35176458868157230
35195085356476210
35197942740321110
35227379882847968
35276735657939854
35313733585151167
35316585536028943
35331457313341068
35425583431591935
35608019734722077
35641578935157604
35721743616841248
35733634674331889
35766637799367250
35771855948034450
35803177288763090
35838593626747078
35873126554827676
35949065870826674
35956298843937882
35975357003266674
36010725159924556
36021983834283241
36022576280880955
36022805278524907
36023011864224577
36025816674088002
36075334166083842
36214702960211803
36240388585193786
36251136335755490
36304062822512006
36304626750006206
36373022135336858
36418590467912243
36419883018404719
36432208226729147
36508537825274233
36509629009071895
36517056069012367
36555730961887802
36700885758699971
36814368699869271
36850994572457484
36892422732802193
36897936043776724
36941490538778702
36945247277836849
36997016759474817
37022013213300103
37036252847655880
37087768039541502
37097643922867646
37151241503615860
37152864523175630
37180575007530782
37226364381814710
37279657120913088
37280966802758172
37347547176257481
37356957406171629
37374954288314576
37447598355837908
37526436470209995
37545791772852300
37561226740389258
37562328468304793
37595690540349503
37607588638846221
37608010746604269
37664446560788790
37791539673964698
37818940793579602
37825197658548925
37880084916655961
37889222073663087
37896001596264855
37902276151532307
37921780080481589
37960725500190358
37986194820699058
38064509328382878
38075008744919135
38076181640901721
38152956757490944
38165288515496476
38173038125807047
38178851758793719
38224583804727306
38228175633496589
38234909408068057
38278700657874453
38303688251221505
38325573295035803
38330761963440064
38399110958640090
38404720297682447
38482944521615020
38487879132976708
38498218346993090
38544228313574411
38544232175888477
38569083078556814
38581325791981826
38598953733551664
38621992384776382
38655620280541123
38801212251457456
38816298399902942
38822229123807881
38869216534270672
38901440833420410
38918337805977096
38920105706340640
39011711556171346
39056096744831070
39066133096627948
39094144704563303
39117745850360943
39118227012078567
39182060788442201
39198471034558458
39254819839269983
39295857477829706
39353772821897600
39356836421386695
39454561070525460
39526615714276793
39558296182886674
39580837054401653
39582698124219199
39598003479486907
39665461287976955
39706095339553612
39753822516557719
39820631856492639
39848965081230105
39849097290108678
39897050909002314
39900748189077218
39958585090668957
40024715484904959
40038576553691969
40079095254272129
40080260567594131
40080678949574716
40116282460844388
40165911071774723
40204228331269296
40240254698825595
40269634554420922
40274127302602111
40295699344287099
40395696833177076
40461924506752807
40562699161603220
40624300174570133
40645833559102132
40650618026594740
40672623488317920
40673456940089503
40790436236242135
40798152105444547
40843332352853347
40857962317808682
40884882927357252
40938030668530953
40953555801054309
40980740828896128
40988657478009198
41139103715065909
41158686713954869
41161660023446621
41212668903022735
41251150292738811
41255775276476226
41256194770860232
41291091965834560
41291337369912146
41307109384823306
41308201688207786
41337438264841788
41384484109873942
41443678479209127
41458554149987480
41499643692475672
41500767142468653
41507392092890753
41560325984187837
41565830794846162
41609348104567016
41609933582632716
41691204260898206
41825988826335455
41915759007953620
41956591032984058
41992802785650562
42035169112194724
42083695697019354
42096348971150298
42161787042227828
42258553212610730
42329874154626792
42365518727210385
42389050787158547
42428578374153002
42432478822226719
42454458351162424
42614738589545195
42640581451678770
42748958086715681
42840996230227514
42905948559073903
42934967550447080
42969738463510505
43011584090346715
43049028589459179
43059134902574635
43092648851250428
43104906922648568
43124471676288432
43141298792785068
43158074865200668
43179917012670406
43363944416572416
43372721911722332
43373843168177866
43379091602030964
43482280038299435
43527398823687291
43584919567977229
43661926425156157
43749492340090594
43750324296027664
43765352942636771
43775009605892661
43795282988439671
43796171558406626
43866323041380629
43874923287524953
43918714410117794
44088855237896827
44124857736840201
44129340937499222
44133001166736814
44198318930590447
44215910045968591
44365797776587533
44387114827611153
44446502871388875
44450234422576818
44454651023350341
44482295020915670
44485818867323654
44525494727395966
44611930714067984
44620362688690146
44623300492341376
44627662701607672
44640129136736248
44654159039849630
44734943943806610
44735192636160208
44750856717652023
44766229747040916
44786350715097360
44787397214594410
44837269630078529
44844142435439694
44900271762345430
44941717211135210
44944258341924730
45043391780348216
45077388057234025
45171023388137329
45190675368053349
45241594037011394
45247447273425089
45276380631259835
45322930440827213
45421248036961496
45482748026710196
45496651757223332
45570988856488247
45633796681150314
45633930928516917
45675182935874031
45683387871788265
45746836731729340
45769289139340987
45787075924419281
45800787953480881
45801166421713009
45851525922499180
45869270831167526
45908407426745993
45913538114711004
45925832709577866
46009462345660079
46069163528898015
46115224346466493
46132734545961250
46141733984674639
46151430036078964
46177290574615134
46312233951280168
46365452716411799
46367028170350319
46369073868779379
46371585013649307
46486098658235075
46503862211975931
46525414647451806
46573329000841287
46575525511786003
46603504215093795
46625301316826620
46656362429139798
46659534844561062
46726037237860826
46898936537217698
46984642523267954
46986701034204865
47111925227292043
47234445146527611
47344335381542485
47371293406953354
47380610632306449
47400288461495270
47410375199705822
47465805012416553
47513092302404741
47637938482185130
47680778082944148
47720414038320721
47779230256358683
47815135624250456
47816598150867579
47829046936342925
47863090902720263
47863180913311423
47873322669319323
47893351816234821
47962858011031221
47976853549846037
48067774265660304
48083882478010254
48135074290015616
48158623746914816
48175755654133060
48252220972149355
48265107804206618
48275311000517755
48347825847858775
48352088560224127
48374555417067997
48382564279684837
48385904203446446
48414299820030914
48466756334363209
48584149938445105
48590525567005175
48652564125556389
48743213085864951
48761325678297949
48769932856211961
48782647489437506
48809207577140096
48811005885145646
48832549913549780
48860011098796404
48876108227476642
48879426582062218
48879771081883714
48881086446452650
49011966512675177
49119954839174655
49133855651504558
49237126976284231
49317588382842246
49331727699918007
49361838260099668
49370829402013081
49472601701037774
49476833068186544
49506933355282219
49526636320957963
49618342501552351
49626020755955541
49645160781279505
49646635024196869
49718694122682957
49742588628963338
49792943311305062
49844231434001132
49869659816613836
49879734863867981
49915849053213474
49917552803476274
49936398783933586
49962762860334527
49971455464919583
50024681739610220
50046569434910220
50120004720756495
50231677380889554
50232841262878989
50248476692988807
50312126307556975
50383087122848620
50397759534301470
50410246438502227
50424820434838687
50425139789615415
50468870382688987
50473312374175216
50572772989111904
50573331630376176
50578614189104140
50583155555719580
50598445099180630
50606847586382784
50614186374992409
50629577977680508
50685567262828980
50697925570745785
50706793415904281
50745630115302826
50787958609328569
50814287736614744
50850965787254268
50899022891023416
50925660116927187
50929856281592012
50932089903673808
51004073156710421
51044663152770272
51045232599550097
51071489568459814
51154004306353247
51187890019643155
51212408924938910
51213990258795914
51220845118461584
51221360346054160
51299883042520947
51394042658304301
51395040708361971
51403994673848138
51505267981896666
51583036023593796
51629399001166842
51654201482007678
51661321058820236
51663433865282630
51718909655206810
51827630757196027
51828838702696188
51968156412875793
52045608536646896
52085386135459263
52142612437627242
52157054280876702
52213699644427054
52213871904132685
52252988845332671
52374916540753749
52472688119723891
52482014981653042
52534082190966081
52542974668862457
52570491255558169
52615288942111992
52711184059331137
52722870120602423
52734047693934491
52752459616920519
52757854272440115
52792715711025410
52794127250375176
52804635434005018
52809828488709354
52810280678797057
52830745448248467
52931390014571148
52991175953834378
52993639430249210
53005310723623706
53005504418802897
53013375564494469
53107062570666911
53110909328252323
53165118512587896
53226301278962327
53247933235513784
53259687753548994
53392262526263102
53395949723082109
53408531294267844
53445695154851785
53604957012409110
53665831008900904
53670519770945824
53672898177959314
53766081382254780
53824123237408413
53858727769643018
54049385246757092
54072994020035895
54087150947354906
54129090744620979
54150791821273386
54198440718527658
54208173389772879
54260338866676188
54279861329428998
54315747637884615
54316107889198260
54317006041865122
54468489005970399
54510051405761705
54625504425702773
54634382546772421
54673066897418710
54674977002870122
54681389414711040
54683745009028665
54688030597969351
54697604850358419
54789784317425992
54802912487836492
54929056802875706
54957669719093458
55009958050359164
55040055436173194
55053999957926262
55141664714017734
55160506619698426
55216485452172934
55258457961647468
55307751779318927
55480313457487706
55482816757268858
55533153485559119
55690503780967175
55717314660690204
55749859450959581
55758130476931933
55864549825674154
55933336730387598
55963828172750055
56102944552560531
56109629816082953
56113812136030835
56126358874305875
56183891592604870
56194225255918144
56225909564268213
56232833928481304
56273908979567394
56329841265695724
56378082699570580
56397752381826194
56405458505157042
56407616158189057
56430999656707482
56437615741675214
56498218285355547
56569290212950797
56725499664110848
56731950423514608
56749003677055050
56787542858712636
56813254887101068
56866331237027216
56906481254983976
56928176224830188
56958365740681416
56960028004838358
56970900279379867
56971626359867500
56990769218683059
57139407280240108
57141056858464836
57162899422192920
57247474046444389
57298092086447959
57343089090846693
57360033834165658
57376171886608784
57383233633186384
57415545311152306
57421671786959134
57473456829888422
57476409364230118
57484233769645980
57487235163666104
57509121155114580
57550535744201008
57555611407327737
57559695773953273
57600981653791980
57609401396266357
57609459865276622
57670886397269342
57711563052628546
57726730740190604
57755152509229912
57818746679162092
57863362144048446
57864678756795667
57870926435883953
57889756420788519
57915228330258443
57952304033994032
57987053075679014
57998522245874646
58078498874449559
58190365128666209
58199333638213863
58199532305645952
58211244889931197
58225876592102414
58343057525963286
58351656268711981
58370612764572768
58411226553481840
58486387016252612
58489289848727687
58490862967083494
58500088852432301
58504395762527657
58510251706472037
58577053376276718
58629070527214479
58637391356488635
58640883461467405
58658737968897079
58756671336117761
58781012583172706
58786077657475502
58797268127826236
58831385355261758
58832221113522420
58832335407130340
58834575211247095
58849675440098823
58965785496491494
59036087865850586
59159087339006154
59159189670638250
59248562237159713
59259635299144169
59260347559410090
59312578233099961
59446469211018306
59480471808166463
59504925862737294
59540408788210540
59541588841591665
59601735684043621
59641236378779358
59683039101805958
59748763155836745
59750189030961880
59793654878596900
59795534942623741
59795543981950472
59880542028325199
59880727666035247
59886065596717293
59976978520197932
59996148668860002
60021015988650777
60084779015902080
60192314577658335
60218856177489859
60278821340725967
60339539385951573
60363619832880616
60388266786992001
60404513400721658
60411283504241813
60443333673261994
60478851826410198
60498584468180216
60513716735189396
60537003762928436
60542939836502244
60549480942856449
60634196019291145
60697907199626559
60700709317883079
60722346190081629
60759831470835081
60804175628640827
60810605712320227
60819086100779407
60910282811043555
60967013225031916
60984621718869667
60986340503661787
61053402308977368
61114694898176359
61169056999327946
61185644695074658
61244303257028840
61283944134321192
61312272138379816
61313178456252360
61314585045622248
61322360916029400
61323063299644625
61372355872651403
61450262969786484
61591438460638807
61600621984832473
61651326802960800
61676894444945802
61731933962556670
61765080764812317
61833440140145971
61833985185617378
61836846509459612
61874806239796337
61886818049069087
61898907909432987
61907327491784384
61928011202170854
61932279080386894
61981217885547462
62071687591312038
62076976198718937
62077067970189468
62085285267085018
62157552516331212
62238844939756380
62238900245305137
62259175791179125
62282681928801637
62296604612494399
62301395097269384
62367446666561036
62450431482568527
62516349246961351
62748119111155398
62851734388627223
62856635705193083
62881369504711903
62932299656828671
62936348314811791
62996307547624043
63036032663895235
63107759226628044
63114708881000654
63115444908835119
63125852748662199
63149361828463576
63151872782814423
63168870562316443
63168989251427245
63206778672396763
63207881444561422
63259954251773044
63276393521622034
63366369587967410
63442409665161997
63532479345438118
63549706140899364
63552574243926620
63554569952260016
63595848908496324
63616701593210230
63616852163596534
63616967076383634
63737274015345292
63751207860507928
63798281834093489
63873686431519097
63882521823800084
63882553722109848
63945548924492014
64004728284766478
64011444335307873
64046208453123944
64062378407517004
64064327651876477
64090452620626571
64091226368481696
64124332095007835
64125181158198149
64208355878413253
64408250378164734
64408253764977774
64478707543558801
64517065259773928
64586922832703555
64621074115357243
64625828875422769
64647424718080100
64647451708009460
64711039464960675
64729194612176812
64740435386655199
64741800472126472
64742390978101486
64756041308904081
64760928307652625
64787398797434913
64895805180151290
64932786444999726
64941089516230464
64962036159680755
64986156878847200
65013791135635400
65093068134801760
65093279527662544
65114732935663522
65134660547621427
65162495176587307
65189897212797223
65233820162470035
65247917372764536
65344920737479387
65401384934521095
65405128740969819
65444750666415124
65447187573255316
65448738670012372
65508279815468245
65537299776875010
65565007098732981
65569621419178987
65667271269107497
65725754039958020
65730267695203390
65888128710726920
65944125816579630
66001869976635063
66005438954836691
66094470336885779
66103800158906014
66108309044280788
66131565329189890
66134506659630382
66146421488891364
66173087513761668
66273033910125203
66322392093097455
66330399766150653
66482564659567497
66497369967238575
66572927209413555
66709960213025608
66734787517894750
66759676183654395
66770144442595401
66838720910272564
66839388575934939
66891192112123691
66986379448500031
67074746900000314
67209449956304196
67349200475761397
67375292249382723
67473525971150641
67473555731501766
67483098067616466
67485246237793080
67491306754209446
67541749642159326
67554208010425872
67600036405184924
67664766858322550
67723563553850150
67783575864814715
67826040470099938
67843028729519594
67845932863759796
67945146835340192
67957604125396675
67973480085816052
68053349151173728
68060703200690464
68062073425202851
68106163057236370
68109712110986905
68114269966815964
68159708718808771
68185280348601371
68290080468323931
68290150131531774
68332925976440308
68338408364384886
68355776451834867
68388105299716302
68389701233169702
68430480365826040
68438351348378762
68493534021384830
68540958965700553
68569764202719111
68591800871985421
68643351898121029
68694781306862363
68781429008256532
68788120549102582
68789670670542538
68842536427598621
68866999621125009
68926273188157784
68952656213769094
69012371548354655
69144286969218932
69157039067534872
69160355431497838
69214842482911776
69233715794568222
69299435396880907
69299811101008503
69393747862802223
69423690832600913
69520428513522076
69528667717286152
69564309456858381
69591902962175527
69620896509058194
69624562003626471
69668967455099422
69678120061746616
69713323696193456
69866006420335913
69906545650728770
69949348553194871
69967592310581039
69985182158577109
70032416912499446
70167852273534800
70172805660469752
70255659856993342
70281363514672460
70348503468758665
70483450941246287
70485664412978247
70502363915119437
70537898962103965
70544760623447965
70584398131642773
70586989777698197
70671797324743939
70814053106143668
70838904814412168
70876258227348872
70909272700078912
70914695691354052
70932020309223655
70955046682870356
70971954764138616
70977546491284841
71072419919295552
71096310283352496
71132337267828438
71164859950953261
71175010765777495
71189725319714671
71275463247734960
71337444582349713
71349964773893495
71395427252570686
71398634848385650
71479543031187756
71533609801051604
71549827919570916
71569386246936125
71576940652224926
71578910181311721
71616072474567511
71620488474713673
71630693127043513
71632306753974502
71641039364114182
71650563448413563
71679605470875857
71743175944823502
71746880380060490
71796969560020701
71827838457578346
71881441311486691
71961094070782613
71971711643820808
72010938410650984
72094972698469845
72162685697925172
72184182749471717
72211656993212133
72314156579146923
72321905247153393
72331403523171755
72331710499647704
72367383832353079
72414332275405053
72414517695043344
72535340686609397
72545341583489591
72555784997545974
72557812087269205
72587912363250761
72710093828124239
72730189890407639
72732115988926989
72785348428815667
72785497983853363
72837222999226641
72899728117750371
72921934342665189
72975105221305907
73032548708409596
73052204267548655
73068398174274719
73114945788156935
73116503242467107
73129594832621795
73169704219429312
73220021042424358
73220769177812806
73226829107492896
73268679320693209
73275304256058719
73275544667196719
73284425228382597
73284705178568757
73327499411041097
73376529275466385
73386123506146489
73393934643193313
73490355385845102
73524311866896342
73554063955171764
73572471044470464
73696234890473928
73770842415310318
73773031047707550
73780448729190762
73807684200663341
73820181534121268
73845338928094058
73963937016582289
73965658611344225
73987677026065509
74056967265811390
74063289804391734
74073361409328694
74130829007524729
74191259519657642
74225362576966368
74238685617157228
74392508830732223
74448707102541001
74485007366069406
74546698387208135
74592422998725568
74609385472718630
74647937795574056
74696415585414228
74697827877697702
74725403481027941
74821124410983407
74834814881011502
74835753780374462
74908503581582266
74920280627956393
74962185396752091
75070417733350457
75071566397904050
75076312460959784
75079250006775473
75160222649317717
75198181562670045
75229472718184647
75319319276940664
75367718364505940
75371067087264293
75459576983173348
75505590844262073
75566221117814625
75605058714630975
75658551214946163
75785554315894171
75824908652596556
75826888542351168
75844291035881946
75921693969538928
75956133205574724
76043098856285708
76121196175785630
76168370235070696
76179076155792490
76188068541327810
76200650445562532
76223855951464939
76245767291851489
76252039333857194
76295152347320128
76375713575161576
76380333824942752
76390593667684923
76418633336252967
76430291352174621
76481284034699561
76527321511410265
76536592962224830
76731935259553036
76775573372132163
76861258839829037
76988990915853570
76993718481108361
77018732941123225
77092659866501672
77185856540757644
77295791278471480
77484208016296289
77529370234457189
77701349789025310
77705788153626586
77714772952981406
77765749379588873
77794031491118979
77795842052383819
77795866157220135
77845927477550761
77852219863470237
77853082675269003
77857954529526721
77870521853859691
77889970213019419
77925561876779644
77993617682522938
77997305525012624
78018810661749944
78028741379994201
78087425603661666
78094892780014850
78121080752578199
78121538780958229
78131149611034940
78162723459442314
78169324244354004
78235595788122272
78252660035598122
78252871679236574
78253124399823599
78257349749120529
78258338326820851
78269433375222067
78295600976539531
78327895752277129
78333040160470933
78378726140305896
78413367926894932
78430155731598655
78465196641964085
78466384323381683
78505368128469045
78543941478015187
78549422284974967
78577446795117805
78587332638458485
78615555097215799
78639330461938283
78644435356718603
78674319811338616
78717775183621609
78795275425546497
78842620238181295
78884815099538242
78897383502518702
78962637064706662
78963535064045570
78971274371280040
79046866405470273
79070595336906027
79156616374327640
79268927706898745
79275881865453945
79295943811329418
79376605706867408
79397197137324938
79487147824205032
79539701768890233
79541462751643033
79560663756445298
79603907812873909
79752411287252600
79779917447840338
79796524877576035
79817981211470455
79820724325413184
79864144865642024
79873277377523429
79899238272223141
79903520338414077
79936331173458449
79944573336275563
79983912132115613
80004065905468017
80044452888276342
80076866103096810
80100575012964456
80131538122274160
80134877850615530
80175952059066083
80187148318342103
80195560188334882
80298593147691261
80298902889168561
80329109118034066
80530194596938986
80563065105568167
80579795631421503
80593570227968609
80594270533029029
80650675728711615
80679538531248137
80693822948246504
80729280971449034
80770185439466459
80773689285756590
80855515293869754
80899469693939573
80994198111108506
80998782644855842
81051453707086173
81096686562627915
81100892280539968
81114308279297682
81123761436082980
81133298224555612
81133596237895582
81145714831616542
81209909722430848
81332414346309777
81357304266903512
81365849836728983
81400443359854475
81435482922000598
81440605238887660
81449736576584596
81577654872650521
81579003400767241
81632615152856654
81636295355600366
81636375924670750
81736003374038661
81737338016165957
81746616203927198
81769290478599061
81813066233796412
81817769734117522
81970526901630698
82014151896435433
82043407948800261
82060724934846001
82061398011940160
82100290855916036
82102066348051548
82103051885667557
82178934423029873
82235570537647794
82300647704725516
82305392895526784
82305864518908412
82314709105679183
82376790921625756
82392586797136622
82511488680811272
82513365913864688
82555226908874932
82603232594598228
82665040991683717
82676115904021843
82699821159865760
82731026117847422
82743654658130508
82793346775099336
82803886088346096
82807508815700386
82887943132738602
82947602963244960
82948526196941610
83002160373864612
83007375797758993
83011191742222324
83051456707115929
83053810630534595
83073443510679598
83082771961860979
83128170739832499
83159167117629341
83161489904364407
83292223654555505
83338660308752132
83401088621674727
83405114581461503
83457998696935018
83463165047697272
83463957473923620
83479112478856813
83486984900420981
83544246630517481
83660583687511651
83662571895310522
83736418119535889
83754667013512117
83810601585486375
83816691053364090
83852442595089972
83879692085974055
83915335088979431
84025143869901713
84084059486454145
84164854989349794
84221335564663506
84257408723274513
84257516274359504
84314269623273616
84391559877690629
84396636718811441
84562601583675657
84665338131541933
84689771585214408
84701528817008988
84731014446141128
84744848725851311
84764074334666212
84780304345310012
84868116221004467
84904083135848627
84905447186212576
84910475808832366
84933057188423190
84934632608792098
84938529137207188
84951994290905520
84960146138659776
84964365016530576
84966740480322600
85015585915251286
85129156101205694
85132645689025978
85161322301540011
85204855011218329
85235451841165569
85285074540201819
85286776899532386
85325663418948767
85379066162544135
85415521762662735
85429789101547755
85601831006041306
85604174784418220
85623088356258371
85776476794207694
85814238037774330
85897748629710879
85934438894689753
85982705314233122
85991835994140982
86042345230422457
86141549520028114
86150290564504681
86176767522882809
86190408980877281
86192292983935406
86198923537419912
86202358467608472
86307842066084772
86366230693815440
86410804580551531
86436971733861223
86447949618367483
86495825909688601
86582998598413310
86605546024636730
86660695404749409
86674120482849684
86677131149408220
86733670387125721
86742678147818517
86786620986700248
86810390483238278
86851510439349868
86879716634583934
86894675666993314
86958811334348404
87002066553991595
87002469858705337
87090082962374653
87099309098105941
87100784528537311
87117233236051928
87132945302705556
87194160757575304
87223692622380760
87238456303816780
87267581361488699
87310509217147509
87355015700654849
87412653686466292
87434750723467407
87448896706185137
87454179810356435
87574914502753440
87612002716353101
87624758756814477
87625469605373799
87854967303046657
87913350441647505
87972631207639478
88030349177191427
88073164998323739
88129741456589595
88196876811867618
88303578896848618
88352891804688936
88353320000024823
88404955210134447
88417581224642059
88462388558324019
88501388376407981
88533031508318045
88562575105912041
88627398894507683
88749159020857957
88772116937978861
88786626115669733
88802616078002740
88825253026790834
88825840774617274
88919252194489474
88934470365624564
88996768874111517
89032100323078365
89034708399051840
89034841701025344
89057895415097136
89131186376008120
89134091056402141
89205086536673869
89284821835831608
89353900427608975
89392542393702277
89445698133067505
89539093699802922
89595005120019567
89619821869196867
89670365274018040
89674367204869096
89694609532446894
89709204960632278
89709644409264033
89770568684773552
89886265741350269
89938518029833955
89939605809497495
90047225926925821
90065955144320866
90086613780089014
90143774290314144
90145457486761932
90317175137521656
90360934081981546
90404076860249811
90510648914992656
90521774161668332
90569636378459808
90574069533595087
90603459856360712
90605574161439712
90630607328117442
90661869183212560
90738811223421310
90747623492373766
90817599581891202
90890623930559834
90918734603478318
90919408188617467
90919780533597563
90924423833754872
90968873184143171
91093179023559255
91096773954374865
91107627440443070
91248867931536282
91263455420391912
91373978491831934
91394705405613314
91410563074362755
91469093197770515
91485066333775154
91531198534279642
91588937249075537
91613808544775021
91675629421068975
91746581306564546
91747417448371406
91792045072312592
91792055916096657
91798302795533889
91816844078629257
91830796492001928
91843394624294104
91846485906574334
91848753853836398
91856230172911547
91911225068711172
91913879758894084
91938570629786476
91952884143754888
91978616467621156
92025743160148721
92060402728032982
92062147081384723
92135600881508081
92224811127517810
92225311838769386
92374201103333719
92413520265188529
92425076311740121
92462566253359087
92464010251944215
92469132536588825
92506672420292793
92524868803020071
92543567601358969
92625112373675685
92643987696956109
92728911889570664
92779518339521615
92787396685070220
92792370097799720
92866425443307403
92884351314697394
92938304871845076
93003006268376136
93003180632573160
93008683155971333
93014863150475285
93064593308431713
93106292164986958
93107019155635342
93187096535121158
93193873036424441
93268299324760498
93299782249923725
93300527859973667
93378859639892196
93390666114692184
93425135856274806
93496297281328906
93497818540729075
93502908413701693
93530492907206787
93615080008362910
93935588445618971

