50027070936505
71308056391393
98232258094653
162096400440019
185783609622719
202084591988439
220418491646400
311494078672232
366711052811151
393277441977756
395541593431120
406627178198905
407412940948845
410528388615870
422825537911374
427039102322726
446203362720811
462344758798291
516851210006364
523898903873721
539142952696997
552431029702023
567907682733863
569515704996611
578721800176696
629684140713846
631000936337346
657767783613414
658549757834834
706691595972076
713716057367396
733034397431590
756592168013364
768638864471424
776506935920259
786003992063838
786997196277650
841925676540329
911639382647909
953440090303380
962133180040158
965791832843433
996700928883466
1062230404279042
1063966827370266
1091403959989266
1117035694481766
1144955481697266
1171888335391591
1199338293664861
1227746977993927
1281357686890004
1283158383202254
1367414846479598
1370801253083858
1373059747402450
1395297199227350
1399515634719722
1400061481468534
1400081403086044
1412935326105930
1449193600237284
1498867458618250
1504472757551822
1548606326362958
1587466726155735
1588198115551703
1622257358309160
1633125723285115
1674242529120231
1678693137164815
1707825879807132
1714054778735280
1727330898311487
1750633488671001
1766110232748634
1831533301229129
1905662907621543
1905666189863488
1907950299070777
1913802436994285
1962678710333373
1969373985626989
1987680385697704
2004634915454967
2023457809962372
2037995853974330
2038089402785204
2075593139667320
2108394068218373
2128269104576079
2128966243683954
2160380594145474
2170286375654014
2180502984052614
2208810731521213
2339131766311635
2347501330391655
2348031746058465
2370916214569137
2371045801287891
2408651793317251
2409447970950484
2437064891150908
2446031149739338
2475580923614613
2476586134693458
2476605962737026
2486815987044252
2520696758657128
2634755004193595
2637379150735523
2640759175070642
2659113215476524
2669455371704099
2704661350844596
2708152442914036
2710747091037912
2755262238212067
2755291665006469
2756817704997238
2918538745510895
2918742698586662
2921486896553470
2984967733059928
2999862743635028
3010469868233558
3016719488387340
3046876997178540
3062514142887345
3068191481514095
3078030825921845
3079057937420041
3114592036896422
3114772490157686
3133357617557966
3180433085939578
3217352003667206
3222392980044632
3246890084218568
3320077169967479
3327345783446903
3338482420128344
3366462565673826
3376326129689436
3393672235330490
3464193588254321
3481842403147058
3486284853942470
3508935445248060
3509090169899862
3536303244929521
3557137701748373
3564461430453473
3564502401284111
3578951815568517
3585803334877791
3587191037506330
3625547168113234
3721449155521800
3739431953516034
3750313280072846
3772205258549216
3779655370221992
3805182176701125
3835286229220987
3838771008495027
3846373303931917
3875839984523809
3893080787635719
3899893528358862
3916385379734712
3927440181579571
3932968185925715
3955056345255725
3957887071314525
4017297130502295
4060466411232019
4075982728836436
4125740842857254
4127047559734350
4148200349322661
4155019181459140
4155277928831091
4169800983777855
4177315621814439
4182825563221375
4244124810971810
4247419178387960
4254974602153963
4292030857709390
4292881246991534
4321972091382692
4359816679761548
4365520182334934
4365804335511160
4399307072784099
4412776226654457
4434854386704409
4446746561234281
4447351038864177
4449690747226687
4449699356081547
4494677554989259
4497899412448489
4503507718983576
4504263031093932
4525503250854042
4538181098093620
4548294775695725
4575156756196849
4603622258455609
4609908247768161
4613807178504663
4615852523255608
4616049126121016
4636706761924428
4652126380478277
4710357209465594
4711446406261606
4728096663703948
4785767454804384
4820430042049996
4848899549981380
4878747373332858
4879966731724538
4890924961925548
4902088285612780
4939778998559428
4944832388220265
4946551609493216
4957051634672512
4984642377404812
5001199526948825
5070572806161894
5098036973319638
5112694765906902
5120472169553582
5122612411471118
5150067251320071
5230277656673975
5231641949188791
5233342153771831
5235810735851041
5299482792643366
5308822080038522
5392779680600803
5432120493616230
5434426106707438
5476238792405940
5480521631842256
5481759876336488
5542730358630113
5569174603409547
5577588948471672
5581473723286740
5597712974163148
5631979217897400
5702268020239788
5719840324471788
5735367953756473
5757062902276085
5875284093215661
5875440862538691
5895723095009361
5895885916139401
5947971641896131
5952568076117818
5953073371683030
5976952081529294
5995760332331258
6052682997798103
6062923857187566
6108327231962427
6154501273826156
6158049560071738
6231706277226821
6232948668577465
6235661168384684
6245515644640294
6255700530532982
6326321912161699
6396388105648609
6401231224711009
6452045553682099
6463265837580337
6505230941671789
6536361488931058
6541300641042682
6559128148248097
6587373587307169
6629776783333439
6633479150330234
6635734072810508
6672873020919796
6688685553718813
6717440986508113
6720332968844846
6731071495527596
6800592802579998
6803326053878178
6804408963789092
6811653702051280
6815203383679724
6818770138568123
6820709065715848
6837782199708039
6861060494599920
6904692843411361
6913171164391446
6913309050282790
6913328758979065
6934844404351647
7033242338268670
7082867593119720
7088198344815063
7112760366299543
7119979305340462
7122639283883158
7127223225161494
7137328169829194
7149989243877502
7152561991695134
7153995842543067
7195724902638933
7200791403246001
7224718664056230
7265519632878582
7287664734816070
7328639625654975
7339362074306298
7493170821481839
7518093067553865
7519823287486561
7531961486509081
7551450449952872
7558895919435962
7590220289365081
7590739245275177
7628716046630033
7650169131165137
7682425692825772
7686945491218766
7715491512463730
7727490102968501
7728766559519961
7728895462946041
7739192172704733
7739871746762901
7753605664040441
7754772670825071
7857324352830867
7880480758833050
7882158321912384
7890949845590157
7991224395206048
7995463307310293
7998382026339812
8000446143728732
8030626982826667
8049663153192688
8090729907734137
8096078099510067
8127904564938077
8173926823206255
8215060936144598
8215633502921930
8235760010519274
8241966525087417
8295347199178647
8316555417972343
8320216037427460
8338376126777440
8348326472600006
8359868545471557
8360135252081413
8360305974605757
8435476566068617
8437908377473152
8438155325258873
8484724623867743
8488053591061253
8500769425804501
8586025433778208
8600700377790400
8640193110068848
8652639252713953
8687970360007634
8692664376353954
8717267729652758
8792651122690133
8822717525488110
8862980939323380
8884972340101098
8887807208222826
8897727693608692
8979882342359002
8981054011466398
8986007666520595
9013547285388908
9023260360633467
9097242217564797
9100595812182429
9108444456798108
9114321196363448
9114440666888193
9158851737136139
9227329994554268
9232517611323218
9236880337260938
9245838797578876
9297764534671487
9480176738434158
9487695301584731
9525107407008524
9536889438920966
9537345275442761
9539547057146993
9539605111488991
9567631983070623
9575363713739879
9621913392291204
9746218854556390
9765074168872376
9765470122557944
9771749143760632
9852510935008095
9951387721818932
9971636422422207
10048342504612561
10064858860283761
10072353896576981
10117911523016856
10143156888135814
10146187929124417
10185370032449137
10186406433933935
10187209510334971
10205363409791763
10236074745234862
10244826851209057
10264160810111034
10264982030737818
10307244481946088
10318842657215606
10320451264585674
10356495589352502
10358193238529442
10359288411707465
10368479577604263
10400255564188913
10423607033802631
10459219597340536
10462802502875712
10488101680813578
10509787838527271
10514560967802631
10557139574287594
10584904655976522
10608031994716794
10637973442304754
10657390685405804
10720789132195147
10790307107247511
10799216703620111
10807659829641490
10819928502525355
10841277072768247
10847095686050416
10894520746178390
10907917689964880
10958393179574888
11005613833043963
11052666334965851
11077410737901654
11112901034604144
11127007185158706
11159718187041438
11175023429860438
11217090434113782
11239666395403167
11271563996170097
11315076546744219
11368811429214459
11379737782082747
11399069707900122
11423117114784001
11442572769138353
11468883339091557
11469485898135573
11506498249046843
11586585227399981
11613292549229313
11613544483465111
11636371887048581
11663599002317733
11666074041256758
11725839171482347
11736426137090967
11750217046850025
11750800181156232
11763357241748792
11796220505390716
11804219835287896
11844443139140116
11922638348114734
11936266734729014
11938513921323120
11938537261677885
11945659779722703
11991600738077279
11992587390741367
12038144147398237
12081994982298433
12098621341205096
12160948430011625
12176127743962615
12198093420241494
12225193879395090
12240625662104555
12292117475555864
12320525612995590
12399686428216032
12499211072509144
12516140561361360
12531500852898600
12539090727374277
12556572773697033
12559297260493869
12564862006414209
12602170146395594
12618316609458294
12626868274543551
12635423989243050
12712219266992290
12720873215895236
12725812676618068
12731747160810193
12733275724900701
12752144231835251
12797130366448883
12798365756059023
12806285181636599
12812178607387799
12821806356038891
12825256119103268
12904718447127086
12920862915556627
12922147690748457
12983771974941636
13006563033682809
13089910828610340
13094794166990204
13138724434595335
13149212851294788
13152082723379578
13152827739543528
13183556105534230
13203061140990293
13203532267871765
13256774436962430
13285346907072663
13308461431724664
13310286292382750
13445262300493576
13465193356723526
13486837995782391
13488474231402059
13556506948469148
13559257084722492
13615595703108936
13617145733072544
13706416372825734
13713115736175723
13721337323122135
13749288859056144
13751739035847112
13758777040047784
13895341364456957
13930076071048997
13930460940797725
13982060317766808
13989536523100790
14016712857250326
14048937502107822
14070179273387782
14093142920341176
14097253041338927
14168098661367029
14186772221099733
14214609296597844
14224513117740534
14227501633688889
14293076195725335
14327955286985112
14328763888338412
14419787052803935
14447506886291551
14499963264538662
14524866073716916
14572420694069797
14578294274743449
14581433016968777
14605831172531439
14608080961936749
14629871092335956
14647840384677224
14652082709021266
14661588058195179
14683527948003819
14725400189760447
14776715297706181
14829404496738488
14832413853541528
14835365034746038
14886189444979326
14894555383752434
14926219922450139
14981804209489235
14987135099550083
14988057696716775
14995271738755707
15018301334368952
15034568450442382
15084419541915352
15096291967999500
15104147171840848
15104637339593104
15201825341698767
15207646257062717
15211254567911717
15212044211483349
15212388997933020
15220746448568386
15237604926000935
15255999356640971
15273468859206191
15277281998561791
15288807976773749
15290209968947780
15292994798361818
15313285996813618
15317402367553939
15335246149894702
15395298580540216
15395968251241885
15416920225828758
15418530567825972
15422319501954864
15435346967842454
15436623052788674
15447825173503443
15461138017912314
15467604779769603
15494729329794357
15498845121878851
15500084835867208
15600298141133072
15604345755367936
15635243223482551
15676032360293751
15685747310448393
15691528622288468
15714993308084904
15718030841963574
15765224099975333
15767024670133629
15768961471088245
15771840651462317
15771865747935238
15773402527026326
15776196421041061
15781578842153317
15789038794232067
15847789652217752
15869189334843845
15869621080430385
15886972605956454
15888177635937921
15945001574294655
15971917971809203
16011372251373375
16063501516862275
16067728690509295
16083516991387352
16113716967288767
16116920272437357
16171430458307221
16176459017237515
16178573795106359
16181562332943597
16183790641343319
16209751192336839
16266958786559733
16267970223326094
16274711908043874
16282150922970245
16285060246999155
16291813355372400
16305801631269875
16331024813136790
16476581990869513
16492243905804037
16512761573928076
16515957702908687
16555419675799730
16561558437852877
16567248578985731
16587211779239915
16599965787878471
16606286972695341
16633598545711055
16640231515542585
16651025393643353
16668816084827384
16711072477602166
16717901381480654
16719298186629772
16789748424979933
16817556744128552
16817888842591843
16836689994350518
16838983123269526
16842033204187036
16883860627624508
16886546201871968
16886930531186168
16985704660437374
16986830145750962
16987210132910454
17018224773917760
17095987398546383
17156386630928364
17207391611026074
17208616100164230
17217683666117529
17244245485424401
17271536506460240
17340255873213483
17341966376175763
17357590838139185
17370021349609898
17416668019358196
17441709483937426
17472469254981582
17479138585915419
17495106359696121
17524393502964696
17538181317835803
17545571461558023
17587634238734893
17633571762282783
17642149721745973
17650392308776484
17688264264409446
17702804976572286
17704190410324730
17721673982807512
17726887248456487
17739725069948411
17774227500428229
17782611857091744
17888700604790531
17890224823056046
17935816193532781
17946882930442049
17949044565070342
17953551026240686
17959124197364686
18005300036907289
18088398559559256
18105103917847028
18145031582698098
18174495389153072
18174871577737824
18243581991041878
18269696463728941
18283221122980891
18287312677188923
18289456323627023
18342529486197275
18371210573161084
18412969289663691
18455204098102131
18466486466514687
18488319764943919
18503887075602992
18504011562560048
18507341929223408
18517162633142093
18531311853354222
18622001590817782
18637173793288330
18674725031164726
18686450258819686
18689253557113746
18691833486953601
18692239576568961
18730726305204225
18811030604305213
18863901131999770
18868352670184986
18885535888468585
18886039089265340
18889458537017274
18949516149420883
18994152583413451
19047712690417815
19047730408945744
19152425515408650
19158629204978000
19200022680951727
19219165230182756
19225764426276853
19239208467610083
19246182025637697
19282018332370119
19290940248401779
19301365795602867
19332876317583713
19337182672973173
19337757463208545
19343172726865579
19347311187445657
19375951850142342
19376124222371538
19383634675782595
19389454549496392
19391266922487262
19520087526604372
19535467546973800
19545131987319100
19634490703828824
19649138875455828
19690284694398463
19735629882434379
19904600861821476
19912745958682026
19920563112846901
19921867870814164
19930640589120585
19937640052006029
20012915296897493
20043211979427195
20081595623149077
20096415857804625
20108273327274432
20111248883223327
20117893373797614
20123784926590740
20129228567001070
20146509551813477
20151791934954953
20159254738938707
20162114574083723
20177774311491171
20200628040916495
20205487466326387
20245333951034565
20245562059790485
20255856043345585
20275899616032654
20284175355005154
20295382396139139
20296630940986659
20305953092629283
20337486145179121
20338102911468961
20340716689484591
20346451582993502
20354477122636896
20381774592922032
20421124944219747
20421251597114451
20452836318781964
20458770566450720
20504897570798042
20540315378814623
20602557438089219
20613861731489821
20615369069388649
20636402332878745
20652323765931491
20682246415930625
20689380699915925
20689939351628377
20691494898855061
20691552818933823
20693932530177719
20700000574889399
20702900840917807
20709327701442840
20814989118391521
20815321547217981
20899192943444885
20902829378957125
20922565076869296
20987843193225498
21049605460282471
21051139367302735
21073001151635519
21123536696794927
21126328559890467
21151857621378898
21212247759816920
21222230796300003
21230630985363222
21253486268716252
21262879762760814
21282535048029784
21310290624102689
21368609774417536
21387372125193152
21429754766328886
21456604732189659
21457751448500187
21486535320158603
21492171119275633
21525771135884131
21532499502527481
21541780646035210
21549244768572564
21561043231570318
21570690909703588
21572091857093650
21572376567388100
21576204430628523
21577342719596646
21618343331834787
21640248866422391
21648269876571711
21681431843172295
21693431052288787
21764687083752176
21793769043957999
21815032276007535
21826510828054147
21829530594840517
21848256306867216
21915526034790901
21916064642325130
21940301207335405
21955285619675859
21993765864358467
22009223021361103
22062998285461207
22105373987824227
22113180633739852
22136163390267172
22198371753463673
22228709558083524
22229386461875360
22241695081958440
22307777159605750
22329666894498572
22356506739909196
22501321503073942
22569724307895160
22580865368450046
22653787022351478
22655156411233053
22657774448065563
22674899230169699
22676421747247599
22705674100822559
22708443302803010
22760084651775108
22793484012003701
22881181789207685
22887184297330693
22930775296870508
22949184555097889
22957097010477818
22957535899039698
22959522534460326
23008214896564061
23010076009435997
23014301270565562
23017230706084786
23033875698311450
23048401046716938
23117543019683787
23139368990364899
23186958868163047
23266156942271737
23283112113161836
23296154241125150
23406817064139764
23408910707445562
23414933924090746
23420511451755540
23436489319492052
23436539649990204
23462561128044328
23467519918871034
23571072046734431
23590429706113671
23617672627057059
23619868398303168
23696256511027947
23733313262329597
23788166976254272
23835659796784160
23890446241580259
23917223377227786
23985181599222642
24042655249270973
24060951311898479
24079615031257590
24125477183241269
24144760776003899
24156824990145087
24157364149902339
24217940613154950
24283366883027566
24336520433863163
24352421483024687
24393082095427193
24397026021202633
24397100499244513
24419359975404805
24427637912604820
24431015400581868
24450243340025349
24481413700135429
24494563520950714
24506992742844274
24507238113818125
24519375563287354
24576138484465264
24578488250694816
24608996099012134
24629869413188736
24658096920759521
24726814616066007
24735429630019118
24740383779894486
24798426099286382
24810983921995120
24834861889894840
24845603738491777
24849046403299569
24851263210100245
24879625320790155
24880837362579511
24883893170489716
24933706214859532
24944774696041227
24954955446804462
24988700737313518
25003673818602718
25008633750241870
25018670793491558
25045897582794083
25062255575829950
25073414842356659
25126548487315819
25135863290009832
25136627702040146
25149311098876003
25190889664942921
25228249898959390
25248431696069617
25325408658911199
25328163928705107
25350314607880137
25377334180661127
25378294401457707
25379192055177408
25412966023067635
25417264358230672
25443780009090671
25503880577021144
25518252953776062
25552249865690694
25554240765593514
25560575523174935
25560951871082672
25561422588368844
25585585454666295
25586864805606735
25596322899897411
25615486023443833
25685580966668731
25686255230906137
25687035367069193
25689852646645661
25715162432348585
25717187256797531
25780916521322147
25815174280718239
25836347434661263
25862692139530934
25910886994969704
25931193884513939
25959657632927854
26016352861809777
26021813192639950
26025163467765694
26026593328225939
26042027096906799
26098031569692683
26109050468439411
26125492116573637
26133334220830021
26164219266900254
26187350446690692
26199060327060147
26203276005356042
26320888327257289
26321670115319384
26342012546803712
26397210432801934
26409553868649454
26410194592653406
26456356129051604
26589708240289451
26590126215725945
26608161517162617
26638242413641020
26640081369236380
26680953007581721
26692149454736973
26766129490040875
26784720855090040
26788954359023598
26795461106195733
26798904880200183
26893460382111853
26927812327670801
26984291810506000
26984786891053687
27001679857737761
27016071214001721
27018995555781619
27031297190564987
27032409851937687
27080556024596511
27081022031388990
27185171020141253
27216067572751939
27220854429708215
27236584236657533
27261287875933353
27275595338044960
27276495312990770
27276734940895217
27281430317504508
27296164003704518
27296508892510934
27324076540913226
27364312224679499
27446832920622821
27452678059482382
27509453179482104
27571686206417024
27574929264653537
27608459317488257
27633652619531189
27646066481123093
27655569074556220
27728682118273622
27729435108833726
27729983987198662
27734060594322156
27756293670225528
27775861588928099
27896142619155862
27910869113235266
27915580081338506
27987991876298733
27989733823777602
27990457107572718
27991101321763415
28002892549980035
28028603395849736
28071059207603642
28106380185961157
28118156407951807
28155967528291591
28181720023770175
28192995897118175
28232706597150248
28253225739808797
28287237310906884
28332966032546404
28413833768707053
28436468541282284
28455173265720392
28471469916967058
28549905417553825
28558202188121575
28582165049473991
28596773225989721
28600370284290539
28651719165444515
28750994228400166
28755347813077072
28770417872545434
28776028203705543
28777447103870323
28784071047421362
28796415268593030
28829840464703364
28888914148698903
28908134134882671
28929483982092815
28963111125874801
28971630583735459
29043142595300306
29201068276365778
29259098409804398
29259901408861156
29383041450892587
29406174439020539
29506899466847290
29520173506375743
29522260782214151
29538819669996211
29545939551156309
29565238693974783
29619214906276868
29623511652810929
29676196652801468
29713783063571592
29741391657151974
29759936981686128
29767572976663798
29771213430660207
29777867620699799
29784110302681395
29797567928310479
29844578294077665
29876612576661297
29877199294359000
29883127441810142
29909694176445772
29944193497684161
29948459846437513
29961365698508422
29994376685744647
30003536382811287
30062194484587296
30062257042130099
30062499522832849
30076274573869449
30080721266013157
30095749858332477
30139736276756041
30172497735067061
30189707825226990
30262385254903112
30263974707555524
30279746140841120
30308013655538124
30316243688915808
30321717654929724
30346186776110580
30347008306353651
30349740177336499
30352635123064577
30436326921218957
30443992932703327
30449813921074123
30529758894508168
30532960994523706
30551700669099158
30552372469505318
30558682549064438
30559906653975150
30645618943862740
30647407201068355
30659657684299429
30691602871428852
30700861822034952
30701205599524721
30711010300189481
30728715421366732
30737359173411138
30739700271316338
30763663595482663
30824635262178497
30833196786924257
30838135343902757
30844632839553149
30854937499432689
30906778995612494
30906891162358250
30917517557929530
31136054321531537
31165000367991824
31172990464065113
31184865206753050
31185447123959354
31194708517362278
31258149619582938
31280013911996582
31335993836260298
31337164209796049
31351073399849304
31355528959396201
31466300975503841
31486640969187620
31526451421709369
31554091233943937
31557651098719601
31568098525760241
31625033897653864
31628877838405167
31635743897085199
31651812928945381
31666062219672657
31743771463467893
31755634034605560
31756741787564138
31776038292145875
31808472878435765
31824009061500566
31825972793458364
31834695978262654
31898382068882790
31900805584793826
31966132982232549
31984542361320609
31997411088480860
32003845186297916
32041639382327036
32082491319887233
32083030683234094
32113859672748445
32124272881110820
32132310243247345
32158730620817337
32221826199611685
32224916857895709
32226408675065067
32238491945114532
32272030049929662
32274106441170922
32282880019936810
32300456701253646
32311029316066446
32316845254619563
32392387321059944
32403607036774600
32407747493966104
32420452680323268
32420798539086591
32420977782396160
32422854289266040
32423197438030733
32433159224609964
32482926502112778
32533187121850007
32566330601408542
32585164545309257
32628454761785594
32704687590845503
32715640774158672
32715868342255449
32719584153458904
32729324974546076
32815778132791854
32816575986826972
32824822127839750
32846825692671811
32847857321661832
32858638736356750
32911439871037624
32934547680159280
32937613950902242
32974382420600517
32975421597206829
32984497436208794
33037274475182234
33062803166114574
33092865653202558
33095635059418867
33098255846721987
33138715210140031
33173994654599916
33251946942073106
33252277637679808
33253508325314201
33254257473166267
33284288181120121
33318308685264218
33346666991533686
33368198824761910
33368974179949510
33381974658192770
33401796297505190
33477244714710540
33488455638995428
33503033409674460
33517440609450615
33522740417492739
33621985384289990
33629910783846190
33630075039414290
33633666714273830
33646469076970742
33647435924721884
33684138876840971
33695593025879252
33751624912035959
33762874293638759
33803178050037758
33834585584411829
33857855128213263
33897398522932743
33897674906901978
33936088697085676
33958113022818086
34004793128706576
34016451047346931
34039677058583951
34064029665886045
34064693846314021
34084503858993438
34094847000340078
34117546961853439
34117629697041533
34220778752768931
34228695712460031
34285350953505942
34375223897028927
34436227474402117
34458575527856887
34617513983787625
34618351705084375
34627129783960555
34643447418976051
34647132289236343
34726913397101185
34756793696556114
34775764030012471
34807559014675327
34816745156815983
34824508213817810
34833867837518258
34848132112529330
34889874497238026
34934727886440212
34963682542374962
34964161229303001
35123943720200862
35125629264178507
35132394691045606
35146268293635670
35149477424932030
35149606761848485
35256689867970837
35296118111025105
35304841806472286
35355659712436946
35427848288654241
35431518373632189
35443336115326787
35513837321586602
35515060389538589
35530957038372269
35532810308798428
35535003109703534
35628563686432847
35659693447920779
35746801098158236
35771998340850420
35772256129340730
35777925218370936
35783961436440504
35853434888056281
35853684661168179
35855370305907153
35905637396800679
35905665681737007
35907065969558057
35925673898507915
35944108900409746
35959304451254878
36054380367309653
36062079529471316
36116599044401535
36116869344772383
36145636427333583
36202383088092242
36218112112451648
36234558249549272
36247189498683342
36284923078141618
36309727304884288
36387144142137457
36399945973558184
36400049871422087
36405960282506379
36436305047434306
36489296661091611
36505171638029813
36519921085166547
36546743064419466
36596277825841030
36610192647094072
36610852330979660
36681172000443355
36681790359283675
36681937596456783
36717220439363658
36777846550680504
36802976726662140
36803302444455772
36827090711157532
36928742690091886
36952775748182666
36977714956788805
37020022945838556
37021922512477426
37042223191500972
37049942638477022
37071459217030436
37101967220843288
37141075188080639
37153523684846094
37153594894210219
37153880221187089
37155537568228277
37227430193604567
37249023302717550
37251015680336118
37292059699462098
37313026793343818
37350966112394464
37351316174993184
37353500301963664
37357901256907864
37359105779454184
37359992262999654
37380940168807238
37388004423204066
37427274270421085
37523584648516860
37537971017883186
37600837562968280
37602391517615768
37617246766908762
37633782810777068
37723534779314569
37734375126878514
37758565352008589
37769296399183118
37770326057175841
37775380065342737
37791984238756005
37795726957598334
37806080864251180
37808108625345868
37856466961668794
37884234367905773
37886902898385773
37890966620698904
37974609019441514
38054904510382212
38092083451196452
38147378947082225
38153292779796426
38154330995756282
38159334164295804
38222535985374007
38247965653883383
38286479848099781
38318696050979285
38340800911191733
38371124943689715
38375421371252595
38417643344892333
38483265181482817
38489134380309324
38542729926348582
38544365053834689
38549496640357257
38551586629774542
38583307699173542
38629715209526577
38672010385499159
38673502561099619
38696436173458826
38697456716499466
38701046795795826
38718803642623711
38775148964795447
38776677953669313
38810166899161533
38858983656614934
38938553402786028
38962093803500082
39010156653673480
39011953496944016
39031818364839757
39031890404948167
39050976083550847
39057179909353509
39060361979281634
39063848374565182
39078128680071522
39089752834385518
39094266352035609
39148654668948617
39173207456437364
39178297912761901
39184701223034739
39209112034110184
39236781884264816
39240599716783976
39243131406892184
39261520263746748
39272268058826487
39453474527636154
39486250558356202
39576575678128773
39586468301158713
39594560031897320
39608328736467887
39612379874961794
39689556756709065
39695754408065529
39695782197893357
39722169594348174
39752634089460061
39752865474535576
39799065120413043
39814728288290397
39816416047130226
39856457741418657
39856914123747488
39879890768062887
39882210414864421
39942548440595204
40002698871956492
40085849667996026
40105086196203584
40107368514488276
40119779083942733
40136876234533402
40141813527278847
40186184904930025
40188110858802275
40257959627712274
40293133775381288
40369760380174311
40388826529683711
40430481789235362
40437510906229894
40445136353085534
40507011259566656
40513005249988467
40543400459262257
40570052198762416
40594195373543102
40625709546236106
40672955328955880
40676788345744151
40678341592247435
40681903142907784
40682050812659559
40684391130214722
40685423870914722
40723635410774788
40781596316745040
40844053350972848
40852469959877842
40865035484719144
40891774343869082
40912727638188121
40960322292496168
41014079241207905
41052784804974865
41053178664423715
41063799162641395
41108947351592339
41113226436319787
41119190563401172
41150190573942112
41170472100415437
41179641367998845
41204527002010513
41205601987437713
41217010614358856
41225249217606716
41228951229544508
41251450194475277
41299753253596172
41326324127790092
41332765509757706
41333736157623018
41384785656699034
41384812561712684
41402657322223962
41412530547189558
41415084781036460
41422969293155212
41460843208092916
41507977677806148
41547337415155865
41561276745163940
41565709707049380
41577253569387570
41684487521472656
41703731310176963
41718010949130091
41763023379417685
41794166990698913
41797324330220201
41857805788013300
41871159987503252
41896520767496494
41898602912827198
41898668718833194
41936520416969707
41939548910729476
41939908730078986
41944228761158511
41962074831725223
41986959226361074
42002279537427505
42003209914729195
42079339888334867
42140025040679525
42187563176177602
42191232582533602
42199830200084950
42202119220522620
42264829762926998
42345056118485904
42345213382019416
42375771033926276
42378979404099446
42394909721228562
42444735907674252
42481576785813499
42482497602397739
42488736973169769
42513011864411696
42537105273867536
42572306656112050
42590783451106993
42617076752140321
42632170223228970
42638014360467160
42640606011378669
42649166404692765
42676256677296567
42682908504283359
42709805467969949
42784828379688492
42810879690430408
42852817176040454
42868659080136752
42952406145350691
42971719978977895
43045297709902983
43132183951311153
43155430817733954
43205298627740406
43236254137472375
43283683867879818
43309235799185054
43311631409317884
43337775470954736
43345111553205706
43417916447957667
43456121759776521
43520362371042690
43525482447183045
43537916110170726
43541456947850666
43585156115396956
43592634083849212
43634964618036865
43716552991010755
43719376984687895
43723520907585100
43776988941250204
43797065024686052
43830872300107192
43846356923753886
43849562081137160
43863927622488798
43885316812323438
43900083194839498
43928203829378254
43938478605160867
43946151987125925
43946856477751931
43971201049562039
43988241843447673
43999894600582390
44001894772141034
44003476075843754
44037289710831662
44043521664251366
44104969226443475
44179457350924664
44195975241060089
44215174668457826
44264561355177410
44313971278073267
44314254618745767
44334101472459467
44343729929720720
44485803983670801
44505074269921103
44524619764924340
44525950737917756
44567725496963196
44569024708048956
44574582881591421
44626487340712957
44632396834817107
44633523853966967
44634431127551239
44646913351737849
44684086146071601
44698546965003810
44699223795263958
44730949520632724
44746199494985834
44763345736682177
44763914270019197
44806711647657331
44806766129773411
44818966203963759
44875540980026849
44876163871397954
44906456558923383
44909008364191901
44909547367843137
44989524621290181
45037416422011477
45076846678817557
45078218304891266
45080649364147068
45116493729944355
45137563507285755
45147849409664955
45147874601963511
45148098006549552
45166087348207300
45178340024410115
45216722669209071
45229267531164821
45262275315759233
45300562439282482
45370861134326333
45374002636480145
45374437425961754
45374625764841234
45420498198461675
45426776862026249
45439818929358912
45456493064012984
45461809388403841
45463703017224013
45472087348304362
45472147472955850
45485416820243074
45498687028921124
45500103009217280
45541219506420446
45578802829188408
45607754707988200
45684430627202787
45702900202797714
45725696660759618
45741677258312138
45818468026972378
45835886925724243
45857642689251389
45864485595609415
45890519160901482
45898972809310348
45955693696450380
45959999415234723
46030583064072975
46046696817652319
46046786343850206
46056214782635417
46058173979529197
46067102786145936
46074177450149187
46113154355291907
46214013557383178
46391910829481622
46464421878815124
46468702649351956
46486541250157364
46513149469204270
46513984314477595
46514020380576125
46520615406381010
46531270342101580
46549882947836078
46609364414001357
46622390901971660
46628523835938294
46633084775684804
46649517088434539
46673845047232368
46697248411742380
46720418692944079
46729605399583002
46801341676985479
46845237122499853
46869980575347435
46901064435318312
46957648193568978
46959254789627276
46963043343633772
46980829087568940
47033988210840817
47062368498075417
47080188571296777
47080205717297191
47152590373015509
47166832624445657
47171653046358227
47184202586316817
47227383529833325
47259578823218226
47264056774743222
47370909499632641
47371175546617191
47391584218750506
47442660986012023
47560296051478378
47567522981000705
47589329978558105
47598422830163770
47601636832952473
47623766969585870
47625838753550599
47629638655409585
47671740097228580
47681028242741380
47697670408248567
47700253451491333
47722020804697135
47739630997540704
47765116234000634
47804356500271260
47804449162824220
47807435209774460
47814893912130652
47846632899444268
47870679784178909
47876776832720984
47969867201158033
47971700712415015
47986114407164875
48046468207153517
48046477057359409
48071500612911873
48076399032510739
48080332816705296
48105728314217797
48149633613313010
48152396726589932
48156279060665076
48278068575589829
48284643950596919
48302875085495831
48384004394532690
48434151186621680
48469813970985503
48485487814355689
48492511527810289
48551874225104509
48565419140059961
48581375114214755
48620230655795771
48662684191560405
48663561040320901
48685597252983463
48692374419331943
48714240386832233
48735319171713401
48796283035460914
48797876588768422
48803328513388136
48816636906643894
48841716362885399
48864917963086167
48874870463560883
48979216673379155
49067576870132481
49114116061720310
49165691748447665
49166101682732668
49184706431699708
49209831103153143
49222887026760311
49240105371739527
49284077414530937
49320961062371378
49407946091464084
49410199751935924
49422018378167674
49441154780870458
49472285902880137
49534246482704011
49550171206831833
49570554232172581
49593525626805156
49618057428028042
49683198954902435
49684744517852557
49688747085788427
49691516624971336
49698403249414307
49781743446368522
49791334231315182
49821255048450910
49852993900770145
49876075870540041
49909790279036472
49916750728343624
49945720907097779
50069426398203919
50082134468675918
50094413793500588
50096793954506036
50099992845472481
50101652831248861
50105150478950924
50112567649597240
50116262892500467
50165230160462571
50182675425387476
50187401024022044
50194188168638813
50207297796695918
50231976182190037
50272914270569827
50280531847917571
50309932836251877
50312045738419765
50367194278584197
50375932983737797
50426785319411980
50436647816896671
50541902256896492
50567039874637042
50574225234115296
50587639935496047
50651055207186103
50724722426143133
50784012277052262
50810651285614676
50829897326435192
50830866104903017
50858076852126253
50858806558168108
50878028299655904
50894273216051496
50921365218165414
50951276987036827
50958543839347957
50958650878315861
50962176855749133
51014717275742372
51028055504684849
51028789770910901
51030538380310061
51060377867989597
51079982421043477
51153686103360559
51170988442688479
51265475309568955
51322780597171007
51380047840242252
51383902957039857
51400873474456437
51407312927936522
51468935706251752
51480717796320456
51482067078315088
51487195578810577
51499998707713777
51564092295698813
51575216781494678
51603415851285043
51616408838904966
51677521760189103
51686433075424867
51689102997508149
51805618889082846
51805973490238150
51806600296763341
51838974235251785
51843354567652327
51891239484207144
51981738731567919
52004943435948735
52013339226943014
52032041589181167
52059658093765654
52082166503135444
52098686590116610
52127211959147989
52127612065267544
52144355878581728
52159668382790480
52166793307482076
52186144498921102
52195715947800016
52197590690824175
52244115717749535
52280685159492198
52369246246243224
52409359395644778
52411755468051856
52411881168794404
52426639217771320
52465336119212768
52481964085290359
52492909393066279
52533892670902895
52576345131805427
52609129458925827
52612003354226880
52619456891733771
52708261855805179
52748069142363080
52817867093447731
52836687239678399
52950414618905658
52956084068817567
52962291884695651
52977289654022029
52986787951765901
53002552487822688
53091847690544514
53132778587579847
53138342894085575
53140984502074569
53211966034415310
53214095252323626
53292887414729890
53307741996323706
53318349113698938
53466955707472798
53467781550620188
53492236275501576
53495907553266432
53554039066193204
53554214315138912
53653369681336851
53682557488894221
53701431916947171
53710947922377516
53718049919671089
53731924569039825
53744667461994825
53821418164344783
53853022013908113
53867546386996914
53884029709162752
53969665157017419
53970216656700927
53974044220845782
54006310818478671
54013534464162277
54034750928011207
54035484032982498
54037147477096074
54056403658700353
54057920953254733
54070402655865063
54112143686069921
54177624168985771
54212575015401695
54214585302625969
54274289739982681
54278959951541061
54294258967033107
54307374707495412
54309090114181462
54326368485040302
54357680786974584
54410670094121184
54413523449128234
54415616052402270
54429838319200185
54439163336787290
54472251295319509
54489924477262925
54535520346095264
54563378406667723
54614046352441323
54626098383337152
54634585116944100
54647867368663432
54650910353492995
54653665986955151
54654026248581315
54656445382731429
54657236862088474
54675165767376300
54684827568960385
54784722172245217
54844031233463076
54857138593192514
54877223043561618
54948324394012195
54953473754958040
54953523506446965
54955518205134426
54958132650260969
54969400881567268
55025480184952860
55048052890888352
55052316935648320
55059670627373781
55060282188714486
55099111193221186
55121893556956996
55196925953551068
55203662914769425
55216442778195219
55239806103277251
55262687913829737
55307278346757707
55321924234352710
55382160488598506
55386011492460288
55491644923359671
55511315944886199
55526347668010279
55612941380625881
55624155229671221
55627361134131603
55643903713990331
55646127788687591
55658336192876322
55680533526180078
55698998215561662
55716632008127738
55717389478131728
55751611288927758
55771691802836955
55785455996031898
55810301231182385
55811419583582572
55885603078164389
55888041767306787
55891495820132640
55941376235897664
55962862612854004
55975213364362003
56031644114193358
56038525560331665
56100428825719130
56126617767868445
56133759974059839
56161780320626163
56216788537781853
56237526233064553
56271004887536206
56271828658838986
56283876537183112
56297832093118181
56306598878856612
56326963262635406
56329153001567102
56332724784012002
56336372442264166
56398537337464343
56417828940428120
56431732908609832
56432602897790278
56443901989437318
56494367633520770
56494787059987583
56509284880212095
56537094162009665
56545733514692603
56613866583407779
56663496593278211
56713464636167807
56786142661722412
56794219008559612
56794230761498968
56822218873986028
56822524564895188
56909907036051163
56922179686600597
56998711967315789
57029630470217110
57176050910876445
57200539910470129
57246520170542304
57285267637480183
57290299723287799
57324109730292219
57386876883649934
57386884341417257
57422972017977115
57487732273797997
57528258292705499
57536831588924114
57565824539085728
57652411118315796
57688324720859339
57707951534536430
57710177051111894
57752864691541734
57759116216948889
57773548648965017
57793244959024853
57808554688299623
57816897640594127
57821802022681491
57840769112404499
57841883390312363
57854559493172984
57879493695385280
57880819499239180
57892854293682577
57894469642312780
57926002396147015
57931181562854431
57944848047257502
57966228383946148
58030712389323856
58052694317672169
58053965288454719
58068827197476740
58077510102118120
58104922840681353
58109131159288027
58130110192709053
58218090901545712
58218592857163120
58235462003240864
58235474343877224
58239291940356788
58247279051993968
58264621702125152
58265008301031937
58300061583266837
58302010493032511
58312762581633021
58367558563544105
58424767728374509
58451589402428627
58452085499368225
58455889305539774
58480687906354096
58500225081128171
58536290268756316
58562351894452210
58580020537596250
58580396149650826
58590325166362330
58608224179806734
58623508095399132
58631400647682112
58682631639541080
58743064326704289
58748935804189468
58749294819202620
58760428497173358
58787598957811268
58808626331249498
58810796708297986
58908096125939538
58936472231088518
58942123047998698
59021402819598072
59026664399974922
59031556569805601
59043930081184220
59044770836416229
59081885313669410
59124929979182397
59125196452750613
59155262389050149
59236556850368768
59283542562304696
59304278002479384
59304281772201312
59324257154756191
59331597192180196
59383678339672036
59418444278594548
59418578937674263
59421125157499039
59469244745210406
59498636072251691
59499954784130531
59514558539860072
59554036739955414
59563640105511195
59583429576348802
59587564530692550
59628467756300511
59710069063181337
59727417942977481
59759536066173853
59760813165277028
59765985622363072
59823901876121566
59836298074682107
59860851414126395
59871674732807243
59907080439370920
60004035309734356
60012631386599287
60014179718450284
60017549903320534
60049054187381182
60124308704222532
60128126815866702
60139102220160024
60166464740518344
60248036709333858
60255471996908621
60264318351982564
60295931014743100
60301565956520124
60312577934125002
60326532173758258
60359644523688183
60410361536964053
60410629280229308
60524270366158099
60525437953051409
60528711685570669
60596013501556705
60597048451204890
60603884400157111
60604583439744902
60607003361284262
60611779053749902
60621925225080789
60643655958975723
60689854370954828
60694690995554334
60718719347281822
60821038851209176
60844136637092322
60854885684525850
60864480405871863
60866833824616209
60875576060372109
60948047313029751
60969631918514532
61005626887883900
61066623589271886
61082180686823232
61092529266328947
61134840549490947
61182382637736483
61241993993991550
61308323763148509
61338705963446628
61341608066309378
61344215460942790
61374687059893954
61378562887236258
61444312791583650
61559944361782630
61561711696784990
61572560919172961
61638517135125201
61639870904618953
61647512125314481
61649046583373770
61659125008850992
61662021554902162
61682245185061120
61689496044112816
61743799725605778
61782640903638595
61788469817375815
61795876948114435
61805672247198412
61816969991827088
61833606874435232
61833713096117644
61848441136135794
61852012061412376
61883604614140112
61896363245041099
61927861750001498
61934687666727279
61943719252925260
61944999459591460
61947858462569781
61976254997904253
61978871455921504
61995810101225643
61996038814041343
62030374534977374
62042271822251548
62043562879437494
62078108021737228
62106283921182823
62169324430529783
62235140421543316
62266481661750919
62298013163507336
62318230795574046
62318566575182476
62331419334329067
62363978350554995
62388300517176927
62390939647184259
62394820139783595
62395244235348475
62449769868955911
62467182030800967
62571004261929491
62607337121883578
62662332165863728
62667702906538170
62679680211894750
62693315836148970
62714785014846724
62742574646653684
62744539820451248
62749755452406080
62751863650031448
62761607477844989
62761680456713645
62785613703328656
62785621234136199
62861708149252659
62904499831450658
62908482080134036
62927026604785873
62929689491752657
62933864606407417
62978758602872195
62983683952067819
63027153740249895
63095227138678872
63095524052958072
63096022102999790
63181985636538250
63217350124346438
63294506763626839
63314247713373559
63340641955070608
63375335946223616
63426301531897036
63433091715174052
63441366265276452
63457286806338346
63546876415998692
63549278159927676
63561903777244186
63570377153420990
63571714567637786
63593614410091052
63654962370796724
63674007471967412
63677372207764157
63684781512331283
63685790889621673
63724887296519317
63724925871695899
63751610648707451
63766301719880411
63774384247737692
63809021674576267
63814242506350219
63862123734002855
63865725987120433
63885309126343076
63885669912214874
63934957469003080
63938118732914248
63954896702886978
63980777217086226
64009345869556982
64015693287873582
64020660450712142
64053330928144196
64081610274000522
64135185392570288
64185586456830995
64208646097421171
64212786364994801
64264462705662650
64282995759095850
64304879361588812
64319692209437288
64352180177487402
64356250908479086
64386911734185138
64392424982534445
64392791595990726
64393184184405456
64394113432391766
64409040862426672
64414211492653456
64422603949038990
64532234162209488
64538990142467991
64601885257795055
64604315694027023
64698934164673683
64712860564355332
64713376064789504
64715344741442804
64737255554095824
64739274179806035
64746044602456238
64814848268599608
64815472748075088
64821178213000140
64894855659127410
64900646085050182
64901057769186870
64993167598268526
65002943079171010
65003758279167346
65075052828152788
65075538723321504
65076363857030904
65077508062298629
65087360266481684
65089045553662262
65110027724506154
65143580889149776
65241741953692530
65276024046165861
65280826692223566
65308310581939915
65320193058436078
65332287755801528
65356867951615908
65357494534487912
65376593098168080
65408994244606737
65409384461756829
65434617070784765
65458494591356915
65471800764713765
65527949502673361
65529694442102201
65559056752290742
65560677484125802
65566369677254217
65573630161645095
65609770561467517
65619646068924816
65624506933983335
65648313869893771
65648326904754571
65665761572820777
65676662433384741
65681509139510743
65692288537671977
65705305460129113
65716513325348915
65721630053797861
65725398703960754
65730114591140584
65731017597860584
65736724459244034
65778052084902973
65778276798441563
65779802960683640
65803094318255180
65830280967438212
65838701461961407
65839377168953792
65850489378695050
65854356917688998
65854535061296534
65897337248130400
65899204293066916
65954143888963853
65999735484411427
66000335968240900
66032025071129141
66045399429649146
66063895699481550
66066354121748814
66067757357384031
66125379019162678
66141720467815570
66142827922866922
66212720045706294
66218874216376896
66245661857841062
66315034477494281
66345700657856037
66409025626188888
66455789553162888
66467007057001368
66468904869091939
66550999329742892
66587478669667856
66621113880033656
66628039965987043
66687642764906843
66752612056156434
66790308693044448
66793182839607364
66811571692025324
66826528352557610
66879801590726057
66939967719477533
66950876822699602
66980098355105848
67003661898370546
67022176470799771
67035852984265156
67052021585081796
67084786496896668
67090091181539044
67109474944787752
67113832262394588
67118565070614581
67144281615807452
67146234454875221
67187926755597716
67190855242565201
67200600380273606
67202801757365013
67234437575947986
67234597022349031
67255365453100343
67295382717839882
67302713502487634
67329088862629525
67420274924137447
67424420514287311
67425421385728724
67475113029902330
67481010480204283
67482634699287973
67489156830665736
67533596800381288
67533714130978664
67551772928860794
67589381680309723
67620508067841238
67626088833630481
67734887060457211
67745082410584791
67767603678490809
67776482312283499
67777482855313975
67782665796762333
67865235419646474
67866002873255850
67866740551392810
67881231926881386
67936976618209911
67995229720460025
68015850666425049
68052751000169149
68167791277618504
68178602837674336
68183092046102340
68305448927112216
68322170773513461
68327241177889197
68403220025440752
68442686904970400
68451035605478231
68466912569159282
68469428655248642
68504250235716911
68510636164410266
68513972923445722
68578155838505914
68691684544805975
68691726894068012
68707886293729586
68872672922918561
68874511798439077
68899779574518403
68902487418125372
68917663930218743
68918359578812957
68953741760735273
68954965114174129
68964935221558813
68988099949382785
69064167309037097
69078029062076385
69085253635064341
69110647344554833
69146320857924611
69146553396262676
69155449197666046
69164933800638046
69202904625564510
69299372121453493
69324531634339487
69355207286655530
69405754353790036
69426358027503637
69426848249646362
69426926583212927
69480260682102271
69483093581428177
69495051903747225
69495841641439496
69498376045333410
69500426262355410
69509103532630850
69514100850331250
69614363766177648
69657276184829172
69657300630523305
69668924421651513
69681270163436265
69705404126131009
69707563305043627
69724328351459899
69736585276588837
69818274652420144
69913792750989955
69926209712960422
69952747867561760
70014614354760283
70023709570018939
70043161862358147
70045447223889487
70049371412669859
70080558888196060
70093765170397276
70109950627199527
70131555404352395
70142555289724004
70143277304099114
70160326078301738
70183738551635959
70202186576372989
70236682489109083
70390545936589454
70402625373620159
70473036935948234
70491108407357765
70495460474301419
70496225078428519
70533368885536627
70533513947690082
70565242128201035
70567430514917587
70595666611514520
70664278498372360
70683810166242110
70688466333221990
70690698480173140
70712307459440246
70767019603453578
70775868155229116
70793199555320661
70803084077452730
70859658093740054
70877370996165910
70882628439197618
70896081149813409
70929799300569215
70963569251044740
70982411740219674
70983365396101092
70998863027304535
71020155713606452
71116316205231181
71178204811300337
71179110878023714
71179339880540578
71180281107552018
71180484471120760
71190142282150915
71194678600257555
71198983359084106
71203966082386636
71216592999111320
71240587154573540
71240765949675400
71266890517746832
71267376568921048
71304434265215128
71332602994599040
71336978372087103
71371781412882711
71381382323302899
71433851864899683
71450290074240888
71508633437226242
71518396150202274
71536199731561604
71601913267785958
71630382892892518
71660519936671381
71751284649164612
71794712322939798
71823363755874261
71824725940770261
71846734667811451
71871252857193086
71884191972760526
71923619550828272
71925631520322716
71925966654764852
71977197423044222
71996263098291704
71997436250037299
72005874900851348
72014207254688624
72057960398086424
72072914727940040
72098389900862024
72098964032285714
72173900001468363
72174008788989483
72176264321370123
72176672974033563
72203557055264932
72206004347189928
72282530654906203
72309575319561307
72310482142833763
72319168250198115
72324678650058409
72431868019843284
72483772655325461
72491717077766896
72492487888144476
72550120850801980
72551956348192018
72552415425656955
72567404160401063
72573068832431717
72615348787491400
72634388580395900
72642243722700699
72776603569797256
72776811722016031
72784002541010656
72791816315913626
72912982370290185
72956861470595547
72992476261956817
73017263802484907
73040871795711702
73046431531482532
73046773650998941
73048359647878706
73085595193593426
73108155200135182
73161745818301232
73203985454285181
73207605216809681
73249157922545208
73285144998165769
73328633310619665
73343685734513715
73384200374714317
73391193838504281
73434410334412768
73437783840027603
73537198936703040
73549033479473436
73578873959382469
73624121904702618
73624799535305256
73665980631427646
73667212695161162
73693715357826770
73694584321649237
73743593778605884
73787677497196836
73827255086304045
73836605722997667
73840271456134466
73882737282837896
73954851929578766
73956288600604298
73981413863143737
74044375843311553
74052104998918311
74069444669918431
74084307037807153
74099425568545944
74110021911777042
74110159887731122
74113732579958290
74120519623865344
74154739659687109
74169360320320666
74169486176671272
74210067175893052
74246343933376819
74266545530144948
74296953378266504
74308439535566558
74308875997908797
74317855911262197
74387185318411409
74389726768905137
74455489992614075
74456062154979707
74493489500599149
74505460918877836
74518340646988636
74520106398060886
74619417250851455
74635264446954380
74661388070596430
74663002729884767
74718696694020979
74736520772316340
74765458814771740
74773352311141315
74789032550741659
74821389291662571
74879632726757760
74898787801700862
74908705728653437
74909755132126984
74915082322942912
74920455679378382
74922483156597690
74950504128352782
74953448052183556
74995489657241831
75140880618827876
75180887738518929
75189294588586923
75193342916684453
75252893567032578
75265138859361078
75295592057231427
75315881143765239
75316903351013679
75360884162963362
75413262336482296
75413327211611524
75467283554556641
75494128825225713
75498963315847443
75515652502014616
75530837107368289
75557660782506616
75565076624313132
75567238715592113
75591619434257785
75605080913422780
75608422786011871
75614371929085509
75634233038647753
75642770718677233
75733897735304041
75738756971721911
75744839175182343
75805545723738843
75824837592842656
75828341118565776
75894219753895554
75974580253501988
76023282207674669
76067885941764959
76083821989403259
76085833144167332
76086042245668040
76146887302087281
76147063698545623
76164712208560750
76185123877782979
76255761905885059
76273662519936168
76345714085568729
76346595690303537
76348438835462658
76360353783479397
76361230526462901
76367840661271815
76395832909108808
76403857932994166
76404239476792719
76418737805820755
76490166996013334
76561483482216861
76622246626199577
76638273155701308
76727457991370523
76747132467439314
76881171521278489
76888159124674409
76896670776493517
76899081841822919
76908588261728749
76912954397636509
76913838021592308
76917138382210217
76945645544796806
76974749774532626
76975976273373442
76976587241868292
76996764915391296
76997549826286389
77038859971372557
77093145707197760
77182724201236124
77192080237367294
77221727841317740
77228598050175660
77238474784052747
77264092148559683
77321986143573999
77328233382337113
77341977953522953
77345491678942237
77359642204086141
77429682716181358
77443536255492206
77443553006988326
77546290737329942
77570324482792339
77599306286013534
77600233357401474
77712904055292618
77777088128337429
77819474170398209
77822680868230864
77832851047219209
77850729565539571
77873936324939626
77874104655676786
77881519345986091
77929672060689295
77990975939799745
78007665206691964
78091350610963170
78102595351591258
78111177516086332
78154806674449999
78233901036130689
78258954684042477
78276692048496233
78317332138152643
78319891335325228
78327683882888428
78339045118135258
78340836743149402
78372528360865740
78374718821937865
78390985935589241
78452788446601535
78471360616313775
78499296420927147
78569932170382482
78579192301841502
78603183133113807
78604031760062375
78612531905746975
78620151595067911
78631106290441827
78674398767062097
78691944102197607
78713419046656143
78744610214244633
78805962227468270
78817855885420417
79060976107371140
79068152246826740
79076473382240936
79083568596219631
79178758993791626
79199581239395366
79244897316727670
79247774224743305
79310015642048393
79392065987326753
79402002118343961
79405900143579150
79416370795875488
79428242792393831
79454641232824745
79487268156517027
79498212065125676
79508197241768287
79516874986799383
79520970615914323
79563260009262076
79569366083158739
79570499107350209
79570845881443259
79574014596438368
79574362143925004
79576712555175260
79585569817406246
79677504080255678
79683287448478940
79723655585054632
79742349909124048
79753174122764613
79764830010212976
79782572321841310
79825016383994838
79847402312830003
79867441227329357
79878467982060219
79879207478159379
79879252342827891
79886968134847143
79891456479007183
79981028660205455
80000023990177109
80046533741317284
80051079357979156
80061629445104061
80142706750929046
80241370075525291
80266551427318158
80293007357563918
80340316809654734
80340574445066614
80355609399938068
80360315300658760
80383339885415176
80403383105180090
80442934417371844
80461947912669652
80474357365239397
80558189611035142
80642683360550137
80701904008630909
80705182652707098
80732083871413572
80762870964760817
80780064307327624
80786265128481154
80787067552785302
80835891574020792
80873708616358709
80884777217468209
80993207918611412
81018410446895071
81048884738532445
81175016188652417
81175048342111737
81175671668388898
81181502402330341
81262613318482202
81291926424357908
81354231866668330
81356739859771189
81513648659648096
81518246241719845
81519010535708835
81525624566112723
81542586175693743
81543854198761543
81578528512438806
81583844614378886
81649180834210142
81651906306175436
81663135052089854
81723012928169780
81725885108914612
81727431499588907
81751710034960043
81789806796101543
81817322902668215
81820251678642781
81827955264343738
81831430282048650
81844004897353692
81897667388753316
81934741381399319
81954289162194967
81986676281544492
81993060753540845
82031691070920727
82032722345672311
82045782449779685
82065424968895081
82116620629913786
82139772775103288
82152626018273728
82152808375323858
82158389701081523
82175033606170013
82179229812512081
82343151815354340
82362165559404231
82364480465108281
82395198668679047
82477449219709392
82507456161646305
82530192121175049
82543574326082367
82549145540210847
82564817915579003
82604650095310862
82619909350111132
82642599882360112
82672212527448250
82699392789654032
82700286937274464
82772100360498740
82834425494437248
82840760809091748
82848751922876017
82853429808928593
82856030947358717
82903411396866524
82917205290263223
82967432125324747
82975064296286855
82978149993480119
83071477897375759
83084787435076421
83096004020887490
83121740492075840
83163893468807168
83195713360265741
83195830375837766
83244856421734817
83249808626043752
83267366260590523
83335091376690692
83335106326380733
83350053771388077
83439963842439036
83450384560627356
83468748676678914
83471464586746008
83518033340693428
83520319350085230
83559716941882654
83566591703930312
83601806362358129
83636435843388050
83642784915799893
83645692405126278
83652004949503470
83652266587678476
83654026441379844
83674036136335578
83734649482822040
83739051287287136
83740266261482912
83741594195722544
83782631190141720

