100
64 1024 512 256 64 8 256 64 128 32 128 2 2 8 512 512 32 2 2 32 2 8 2 1024 512 2 1 256 64 8 2 16 128 512 1 512 64 256 16 64 1024 1 1024 512 1 16 512 128 128 8 16 32 128 128 256 1 16 256 4 128 128 16 512 512 4 32 256 1024 64 1024 64 1024 256 512 64 128 1024 8 16 1 2 4 128 2 32 16 16 256 16 4 2 256 4 128 1 128 128 512 32 256
100
2
1 17 18 256
1 99 100 512
1 60 78 1
2
1 73 85 2
1 88 93 512
2
1 79 94 256
2
1 25 46 1
1 6 21 256
2
1 21 89 4
1 28 39 256
2
1 35 52 16
1 9 85 16
1 3 58 512
2
1 55 82 2
1 28 32 1024
2
1 46 68 256
1 23 51 8
1 47 51 128
2
1 29 61 4
2
1 62 62 128
2
1 100 100 8
1 89 99 64
1 99 100 128
1 17 46 128
1 38 82 512
2
1 67 88 2
1 32 94 512
1 23 86 32
2
1 71 84 1
2
1 55 63 1
2
1 79 92 1024
1 26 60 128
2
1 66 72 32
1 72 94 256
2
1 72 93 2
2
1 34 46 16
1 11 63 64
1 62 99 4
2
1 99 99 256
1 49 100 1
2
1 32 37 128
1 38 77 1
2
1 9 18 1
2
1 40 45 256
2
1 42 96 4
2
1 42 80 8
1 82 88 16
2
1 92 96 512
1 85 100 16
1 19 49 4
1 34 85 8
1 22 92 512
1 41 65 8
1 5 62 8
2
1 90 94 8
2
1 44 49 2
1 30 45 256
2
1 2 78 4
2
1 70 73 8
1 32 71 8
2
1 34 78 16
2
1 4 5 1024
2
1 27 36 32
2
1 15 46 1024
1 25 28 8
1 80 99 1024
1 57 58 256
