100
256 1024 128 256 64 256 4 64 64 8 128 16 32 4 16 512 16 4 512 2 32 32 4 16 16 16 32 64 16 512 128 1 4 4 16 8 8 2 512 256 512 8 256 64 8 512 4 256 128 64 8 2 1024 2 4 1024 1 1 64 64 64 1024 4 512 512 4 1024 256 256 2 8 64 4 16 8 1024 64 32 4 8 16 4 32 128 256 16 2 256 16 8 128 1 16 512 512 2 512 32 128 16
100
2
1 7 47 4
1 81 84 2
2
1 96 97 256
2
1 91 94 64
1 92 96 1
1 26 98 64
2
1 35 39 1024
1 86 96 256
1 53 70 1024
2
1 35 98 2
1 24 95 1
2
1 63 76 64
2
1 13 22 1024
1 55 83 8
1 77 93 8
2
1 26 55 32
1 44 47 128
1 79 84 4
2
1 6 80 256
1 73 85 2
2
1 51 68 32
2
1 71 100 128
1 55 74 512
2
1 77 95 256
2
1 78 89 64
2
1 74 92 2
1 74 90 1
1 43 64 32
1 82 93 512
1 63 68 256
2
1 65 99 1
1 42 65 8
1 75 79 512
1 52 72 256
2
1 44 98 16
2
1 92 93 1024
1 34 84 256
2
1 10 100 4
2
1 11 27 16
2
1 27 39 16
2
1 95 99 16
1 70 72 256
2
1 38 93 256
1 5 61 32
1 4 44 64
1 72 73 512
2
1 26 55 2
1 76 92 2
2
1 26 33 32
2
1 79 90 8
1 2 64 1
1 33 38 1
1 98 98 256
1 5 72 8
1 57 75 8
2
1 42 67 1024
1 25 48 8
2
1 79 94 32
1 63 64 2
2
1 44 48 1024
2
1 90 98 128
2
1 78 93 4
2
1 73 97 64
2
1 40 40 512
1 59 88 32
1 66 94 8
2
1 90 100 4
