34236793
39532490
40564010
115379370
475890717
686147997
688914461
688921741
700705733
866424417
873268059
873299851
877714827
877810952
888129416
889300360
890910088
1060350624
1063460412
1064158556
1064741084
1936972924
1939382396
1940151161
1943541017
2631005065
2634570441
2708822897
2721641290
2870737770
2945543018
2957654442
2967322216
3146478580
3146602708
3245866595
3245972811
3246761267
3265705331
3388626679
3388858294
4087520574
4096103102
4102662302
4122083230
4132939166
4333385118
4333482062
4334187214
4334954062
4358410803
4359702618
4555203930
4567510362
4568558938
4751468658
4751520482
4751874498
4758098228
4776928436
4778781972
4778789004
4779049000
4781549458
5021333394
5021351625
5081758921
5081876017
5161667877
5425013149
5431126173
5522630040
5524154764
5660947564
5678177490
5679077038
6194303068
6196237862
6196285242
6309649622
6965435606
7811129054
7813887222
7832365006
8101858671
8102954831
8122322575
8145866899
8145920393
8175419785
8175624073
8291617161
8293101885
8320140605
8495681629
8496129861
8503687525
8510145613
8775820381
8784638156
8784647116
8788972492
8876543614
8877033902
8885326190
8885434301
8885766170
8885803946
8885828866
8920737377
8921876991
9059965439
9103392255
9103545855
9206783727
9221782767
9313134565
9320723941
9627856301
9668902493
9744848477
9757711773
10230892957
10232901277
10467280597
10544083669
10846267020
10854824416
10856203546
10916730554
11293601466
11296793632
11499369212
11499449268
11502203828
11506779632
11506790336
11586056480
11968818028
11995069804
12020864876
12044870354
12073634002
12074972946
12169841220
12219130146
12358575246
12358581538
12358680362
12359997674
12470565838
12509958778
12544090710
12564113042
12589604498
12591123602
12591266854
12596874226
12609306258
12609342706
12615080814
12617244398
12617253082
12642227034
12644733786
12644734072
12708236408
12708601080
12709063672
13163513180
13164966748
13167146920
13167337064
13370845816
13507144312
13507220696
13598201289
13598228037
13600875909
13883663001
14056722865
14163435953
14163477913
14163548963
14214470903
14214550727
14419478379
14427035675
14427481435
14441942875
14616481627
14700185391
14700324327
14702339917
14739937553
14787449431
15198483031
15198485881
15231998065
15236764779
15237338875
15275468835
15303312262
15318348238
15326376910
15327233984
15327496886
15758811976
16305056520
16307550380
16311957932
16682665196
16693515500
16709920862
16709961994
17083938058
17125355786
17165336842
17274528288
17274755760
17289981360
17303860656
17307813680
17342833392
17346531760
17648505264
17650710064
17721724208
17817969350
17842610886
18023941336
18317632728
18582382302
18683293662
19480482132
19759818836
19764986452
19766150708
19778077236
19784901300
19928484570
19946118490
19953360218
20160499534
20162487830
20162674502
20162750856
20745253382
20745872774
20745942766
21290279278
21342933638
21428722006
21451878230
21457264880
21479851480
21482603700
21634022589
21654125629
21656335409
21658538801
21660278321
21661092097
21661117649
21666108529
21678093137
22111419737
22117265241
22117502905
22139608505
22139637829
22151902926
22192518862
22536430134
22540383302
22540965917
22552803057
22562932465
22567028465
22568702449
22569633005
22637743007
22660792666
22760872282
22760892826
22789271034
22794334458
22858137338
22907422978
23032035858
23039792672
23053535174
23065209798
23066438694
23361977382
23385320222
23504825118
23505479243
23513382219
23932423393
23932527649
23977833761
24119806241
24127057953
24222641603
24223333443
24317074595
24348914851
24349295619
24389342955
24597578475
24705114413
24822150493
24822327758
24947345574
24947544406
24978463574
25492428021
25588761541
25702336933
25704027484
25730661116
25730744680
25730862122
25757305914
25797330746
25828457786
25907764538
25908284410
25908391234
26303039754
26364627466
26379145282
26379428514
26394881888
26442043664
26444981392
26458271888
26458313613
26458323950
26517799185
26522080699
26522657011
26524340707
26669968755
26689312627
26689673411
26726197443
26735585723
26736436435
26736586222
26737414894
26945630958
27126020846
27159754002
27183274258
27185701853
27211878525
27212350873
27216044313
27571034905
27571748921
27731590025
27826629513
27887758217
28036132489
28055178301
28055861917
28068203629
28069485633
28070624033
28323683717
28325063265
28444597704
28495276486
28620204824
28631209240
28631282392
28977158616
28984916056
29033244504
29667800282
30280861894
30427066566
30449330408
30459081192
30733610056
30751967304
30778724424
30780515400
30782199368
30783585119
30783955039
30795571847
30797630099
30801655443
30841209608
30844983304
30845187784
31067692768
31182789856
31242321120
31242389088
31242644484
31258176516
31810585144
31860774456
31860799636
32322592447
32641804472
32653364664
32707691748
32739680248
32762702328
32762733422
33094503134
33104409054
33265788356
33295543008
33318099816
33363370088
33368506344
33371190696
33371194968
33374719563
33375042827
33376371979
33391730013
33393012637
33393046200
33409882808
33434270970
33448672442
33450437098
33459414506
33557329386
33589178854
34263081966
34263223214
34265067446
34422123250
34422812946
34431091730
34432215826
34432246024
34432252445
34432254650
34890846370
35006684574
35006762566
35010299628
35141723884
35154041778
35211497074
35222672962
35620356468
35623244256
35842747432
35843384228
35926291364
36121147476
36122224244
36131927244
36136222266
36136376526
36141945806
36300595939
36300686835
36342570323
36348642131
37276847633
37276902577
37576571629
37588103717
37828391461
37831656533
38147172321
38158900993
38162668993
38162720881
38464946769
38465194109
38526356685
38530664058
38679286298
39181539042
39186789346
39231400930
39321237830
39328262991
39616127823
39676465487
39718010843
39784964059
39798928955
39863901331
40016913619
40696798752
40698350624
40716496992
40823688356
40849906852
40849982503
41237292071
41249984295
41250871687
41366557696
41370809856
41371181120
41425587904
41426166752
41430946528
41431012305
41444924837
41849560485
43017940515
43085663974
43196844238
43495747582
43502340567
43503594967
43534530257
43598370809
44620472064
44621038012
44621390588
44769489660
45236751484
45641952380
45778411178
45835054042
45940495738
45979663738
46073154038
46216401654
46377564430
46532398002
46580897410
46600402082
46600437570
47252842050
47447902550
47609379704
47610456580
47638961855
47744565467
47836005883
47847395835
47968667731
47977495395
47989668451
47994726355
48230616467
48304086651
48314339307
48315654987
48609605391
48614171663
48646384291
48648457651
48677083946
49121521375
49258347239
49319099287
49417010071
49740417227
50059966667
50064161062
50081852198
50834590502
50834632640
51093691651
51093723425
51104965537
51186398113
51187138602
51190436664
51336426232
51341877668
51341963723
51534623250
51615094622
51615812110
51796763194
51970926138
52287925541
52294708517
52371115653
52398214277
52408348016
52508798352
52510273190
52584402272
52588793918
52601995370
52656562713
52938433049
53065472665
53105102265
53353530489
53353833325
53354173181
53372086957
53372219453
53372219505
53409912945
53751628977
53754265265
53760573484
53791116846
53791200556
53791349594
53791428186
53835037274
53835043538
54208096178
54226158002
54227543090
54237153010
54237164916
54665615845
54667572389
54667582700
54674992364
54939304076
54940470460
55110277152
55120816160
55692353280
55706154560
55765332800
55765624218
55767386522
55768259994
55768282585
55927873163
55929573451
56083000981
56221203741
56442009773
56460742205
56477344157
56537854063
56679782191
56855836095
56859574461
56860322829
56923073549
56923090693
57219331845
57219338581
57221318664
57401646995
57409745427
57494713211
57515247809
57792287845
58172866289
58386866129
58386990801
58769392337
58770734929
58771817969
58956473841
58956544315
58957349915
58958260763
58965343771
58971987355
59274386843
59444352365
59506606373
59506849923
59506860279
59820637431
59847748855
60004404471
60019756383
60019829799
60028530983
60050698096
60093640560
60093884296
60195857406
60234826627
60235037059
60348815747
60354041219
60354780624
60366716112
60526828240
60539792984
60562120388
60682904580
60719391460
60721863076
60723285412
60723310480
60758121431
60758712023
60759006971
60761372015
60767235353
60844524953
60846417777
60847130257
60852139337
60853095400
60853133618
60881199410
60907727954
60924917350
60943001190
61114962500
61381501543
61664274974
61664339376
62217954736
62218561936
62227846544
62254138800
62358358155
62359465947
62394941583
62926885615
63072837097
63145333225
63212929513
63213128489
63449300221
63461891241
63575997912
63576097610
63576156312
63576242272
63580360288
63615625144
63622480568
64236253064
64237434976
64304657488
64630557968
64630565604
64642138004
64682086628
64750057188
64752972260
64810140004
64811050020
64887101856
64933890264
64978022240
64994789430
65124383702
65126668694
65171056954
65172371642
65307038012
65307169943
65310613839
65316534607
65316590479
65316595459
65476626402
65480802274
65617830949
65625699109
65935824223
65937059487
65938098562
65940969346
65941939328
65945986176
65948475628
65949194237
66046444861
66067425477
66090559445
66538721461
67060790245
67061486585
67175926009
67196488153
67197516873
67286727941
67357602729
67486059401
67794798793
68255275645
68321781129
68322080921
68322084093
68405777405
68413117597
68437300185
68524452029
68524906685
68618852241
68635022395
68854964638
68882713950
68883528510
68884231710
68884239098
68888273978
68888592762
68888671482
68891308602
68895175436
69003376348
69233586820
69944382493
69947318192
69951714629
69951981773
69953633293
70008972419
70009166083
70011583235
70024977155
70043704067
70123090083
70123293655
70123319770
70262834347
70311500267
70394979115
70395188011
70654050627
70657782451
70873338792
71729845064
72220460544
72239277728
72341511927
72341515825
72364504625
72364721649
72870141609
73251011929
73255146547
73255193283
73257572547
73454313677
73455591581
73538291125
73538347439
73912665519
74066511279
74067492783
74068347650
74107798274
74188923650
74190151643
74190351867
74281946539
74284439995
74284463418
74641634774
74714628206
74714878378
75159214252
75977633376
75985356888
75985365995
75985400915
76296238931
76341074515
76392088601
76392287641
76395604953
76395825182
76475909150
76486788126
76496463902
76537579032
76537702992
76538470086
76568965062
76603841030
76624614086
76625173222
76626612358
76630220438
76965207702
77276869254
77573811910
77627603142
77775346810
77775381114
78318572674
78318878978
78325239378
78560269122
78574839619
78666385421
78729995789
78730085325
78846583042
79315550466
79324027394
79324335618
79405488099
79779952611
79803425299
79976243692
79977966060
79977981822
79981042110
79983349838
80052905294
80377579854
80412701518
80424756046
80466251278
80658847494
80668429830
80709877254
80726732294
81002130950
81115055561
81192689929
81193590893
81195509165
81431607725
81458350509
81472790313
81806347990
81992895222
82049878774
82049914586
82211784410
82320609656
82367241304
82368097096
82404909864
82416927528
82472808232
82694885160
82699150680
82699518525
82699648621
82716648637
82824889277
82824902669
82879670285
82882877709
82886437298
83051898290
83555775960
83827602072
84143977944
84176631256
84190688632
84192929144
84230567465
84239304737
84468325761
84672668913
84786655473
85377323249
85565227121
85585481329
85670432369
85702997668
85704467852
85704872524
85773711948
85830001325
85830009015
85888481637
86301491781
86480021325
86480235882
86480252258
86646553698
86654345814
86837807206
86923883366
86979157350
86979857150
86979977486
86981226464
86982110511
87070299343
87117351375
87118296271
87125515599
87139385831
87150111095
87166001843
87182041779
87182161155
87188027139
87190058139
87201526939
87201724075
87251846827
87395067209
87591226525
87734809091
87775999107
87776081275
87825962204
87830529116
87831893962
87867908298
87867915036
87979020660
87980191124
87980953364
87982619764
88256765044
88347028020
88347190488
88356115672
88410208616
88412118632
88415760084
88444331784
88444440672
88467570912
88467661024
88480623032
88657009688
88777771672
88815142284
88815561868
89351997528
89417581760
89429920246
89430087418
89461527290
90251562266
90680670618
90797118505
90797266557
91076827281
91123208337
91142680893
91400538933
91424780437
91428633615
91813397647
91813854435
92354175579
92356972763
92372268093
92410498813
92410521495
92422373823
92422553215
92435156351
92471674967
92474117463
92603586135
92825281943
92827252799
92831683647
92837634903
92837649735
92865772871
92904086855
93148069463
93148416343
93245853041
93344787825
93511783793
93517439377
93548633489
93560016985
93620290810
93775646138
93777151418
94440610096
94452181576
94452206312
94623304808
94640984936
94690544612
94691177540
94710509092
94710541652
94710586046
95232909738
95263967022
95267840841
95280466857
95329446161
95640296410
95679070106
95681494682
95685137060
95685327556
95692827332
95693143189
95720373237
95996569663
95997050879
96007304683
96022090501
96202734511
96337436637
96367946653
96384014873
96393154841
96401206937
96668078553
96706256725
96857658013
97255502493
97286395437
97411149357
97412642989
97556509538
97568857724
97616085696
97617423305
97618973761
98129122369
98189288897
98200638549
98357795989
98361385547
98407611467
98408384379
98408934555
98459136411
98459897355
98592517643
98592785099
98595519435
98620510004
98622764852
98730469172
98731596500
98736708564
98825800004
98932349240
98932939928
98934878168
98967744056
98982550520
99026209784
99315356664
99471047750
99472563953
99492894449
99500966873
99761130105
99779015289
99779117103
99876630575
100536053295
100646953167
101015395339
101579957457
101580095700
101652707540
101922617556
102899189592
103231557560
103233293240
103920114525
104210938717
104306878557
104306916910
104842321198
104882195232
104885449772
104885578964
105332895569
105356262737
105370029281
105448427377
105452101361
105900804169
105900809433
106003996889
106004007401
106017306601
106025524324
106048239652
106048562468
106064675364
106120278564
106121343660
106323839340
106327277420
106356229996
106372999070
106417162546
106419295538
106667496728
106667551320
106809739864
106810799064
106934197320
107171403272
107173832703
107176707583
107223031479
107338607562
107339984634
107365997874
107370754098
107374157702
107380572395
107414542587
107511037991
107511113319
107519226791
107741930398
107747586654
108123530518
108133242902
108153035414
108250126950
108379291402
108384992010
108433175306
108690326888
108697700768
108910548912
109151507942
109730747878
109730808742
109745383510
109745603934
110182306346
110252700202
110254960810
110254991446
110402001199
110402380219
110422536635
110431618807
110434559735
110819429271
111189511767
111322414997
111322932554
111332863106
111332899234
111988976890
112110431482
112110505978
112113713950
112497121886
112507300088
112600267000
112755937528
112755951040
112774630024
113163534039
113308265691
113620847324
113621423868
113646877748
113648404532
113887594548
113921179188
113921589232
113928042352
113928674448
114092186528
114092249650
114292845298
114314662034
114316811378
114316822386
114461782234
114549517530
114575431162
114576357632
114618427648
114668054804
114668071928
114828679261
114834055143
114834151043
114835016596
114937528663
114942158935
115221946999
115239825399
115240419575
115486765447
115487960087
115536465559
115818196631
115828690583
115828799349
115870267015
115870279623
115870285023
115881174676
115885383952
115903673096
115990554376
115992060104
116224303304
116312707272
116738476232
116747931848
117158619412
117540486808
117592161161
117592407993
117593035513
117681414905
117807606905
117807609836
117818213356
117822134700
117822521520
117884372144
118170395824
118170712560
118202850744
118249360824
118257259554
118367100644
118368586420
119033209600
119282104008
119553582508
119554177324
119683868076
119957829036
119958021388
120037177612
120049129996
120198572556
120202850060
120203546988
120205654892
120313121900
120412814444
120412948140
120440008364
120440528006
120537802630
120538638230
120544720278
120598671142
120677547194
120724280198
120724430126
120728338366
120743575930
120750132782
120750678030
120854808796
120865260892
120873516636
120873516922
120873857658
120874603114
120875205706
120880492874
121100742986
121147488842
121151855690
121412806526
121448002220
121449837384
121536176968
121536199055
121536445007
121546042959
122107768559
122114490463
122119571951
122201884143
122227137504
122308845470
122802241438
122946867570
123152880042
123174415324
123175177493
123180033397
123180179837
124102395246
124102402769
124114828271
124120588483
124150246203
124190284265
124201139561
124260178153
124260809209
124275706873
124302452217
124304842409
124304868773
124305396535
124305573991
124436842599
124448321895
125034590567
125037551934
125607605366
125958196342
126185613430
126203283574
126216596854
126216609494
126221260886
126253021131
126253107019
126403174491
126405792994
126414191457
126414194530
126414676330
126421652474
126423022762
126459408268
126477985676
126478138324
127115287508
127200094548
127200390548
127205680916
127690781300
127712812756
127734968404
127768417656
127777682808
127790359096
127815266680
127815268130
128114554213
128114573197
128120249485
128120447445
128185347443
128638384299
128701208747
128704029106
128710050018
128715247650
128738750754
128813345058
128893548720
129099759876
129255979387
129262856315
129346006139
129508097704
129512498816
129513884294
129516960137
129517458313
129672350169
129759572333
129762253165
130008685158
130012238406
130012248019
130013272979
130133742483
130190543261
130191886096
130204524252
130212266972
130212356260
130292021412
130332524397
130534953423
130576931864
130577436764
130577466084
130584418500
130585107396
130839450136
130871280992
130871284320
130871394636
130986061318
131011321858
131011322442
131113923998
131114725162
131174704426
131226213674
131234732121
131566547969
131755695041
131763004873
131913328073
132009488329
132100003081
132624284867
132624317954
132625628682
132625648296
132636076968
132644456376
132648771448
132654276472
132671340664
132672008304
132758156400
132758840432
132759237418
132969382802
132969615282
133032347186
133108084370
133113846858
133124731978
133195527242
133195609598
133221736510
133224301198
133224454560
133226040992
133296880928
133299127328
133946360864
134333891616
134907913248
134911261760
134911364760
134920040344
134923544888
135247391374
135261096914
135410327506
135411055506
135411449522
135453201362
136087219060
136098421462
136101595254
136101724806
136359447418
136359760666
136368886474
136444822926
136444915186
136445053260
136445121886
136681264478
136857906794
136858836138
136859565602
136859597232
136859753264
136978717488
137069179496
137084096104
137107335510
137127562646
137139579098
137328564442
137743144666
137783501562
137785344442
138132281274
138166291018
138169347594
138169467642
138176861274
138229889114
138248619005
138250131325
138253683709
138722513547
138722695947
138722989243
138727378939
138728177601
138749774933
138749969981
138750035587
138751579281
138861612923
138866387835
138866614939
138972977435
138985246603
139052120971
139052722855
139823851339
140154035751
140154050769
140252488913
140253012721
140254061569
140257629953
140405649825
140409516065
140410663369
140487882185
140487898830
140535925308
140536398092
140536625954
140551125994
140792032600
140792104524
140792686220
140795572364
140795730312
140809583624
140862405861
141271471297
141382984421
141590929509
141687257189
142522414341
142523453201
142935780913
142936878449
143080352101
143306021221
143315312005
143572886189
143719705885
143782268750
143782904398
143787376068
143787587004
144063282876
144063487740
144379326222
144664719118
144724383747
144724501195
144938849343
145075351183
145075414902
145210585718
145255536410
145440448970
145490977802
145496900130
145497403778
145705416834
145734934530
145735019008
145735214180
145830364888
145830652675
146425640380
146468647340
146503964286
146504002462
146509814814
146512925982
146514524974
146514583808
146516082944
146519051424
146584396576
146584397492
146588534468
146621214196
147413814324
147496027188
147504093322
147510715414
147513089715
147520477995
147635043467
147636099339
148136627535
148253456383
148254263231
148255322815
148402009775
148727569023
148727578392
148830812710
148841526134
148844974250
148848600234
148885297092
149077038916
149107578180
149436503805
149504980285
149506795197
149644138173
149644486789
149680296581
149809543303
149809543439
149863466775
150109291543
150284996839
150294493943
150295048695
150313053871
150337653632
150339705768
150358343592
150392327238
150392650150
150479712294
150584207504
150719027344
151156832118
151220385654
151223232886
151300639318
151302978390
151306757462
151454461902
151663795294
151663795882
151666624106
151666633002
151727845966
151728436830
151728938582
151807944278
151990190164
152157395300
152157414570
152196270298
152227547680
152278100512
152289574304
152289712324
152326553668
152539961271
152539962727
152549929703
152948848877
152979934445
153166196253
153168980541
153169406881
153174552417
153200103845
153203098533
153418563541
153420530069
153624123657
153624227941
153626018790
153628375261
153639735037
153644162301
153655408375
153658410391
153762229639
153762344403
153922056477
153958306757
153982195603
154133656195
154217513603
154285060739
154371714053
154563406085
154563438304
154638702796
154641228172
154758175948
154768008604
154768283708
154768335836
154772103132
154786578076
154787166978
154787497314
155347074303
155351114367
155384748943
155385125087
155551654623
155631788767
155934400119
155934467291
155961709787
156414561208
156414979000
156953672200
156954393264
156997533712
156997559965
156997655397
156997776129
156998729729
157008261121
157072732593
157170606160
157177609872
157230978448
157231012549
157232073749
157256908949
157282216085
157636174847
157649249571
157664283939
157679667571
157679874587
157734474626
157735662518
157736100854
157927259894
157929885924
157940538118
158066481926
158198077830
158211037830
158225365638
158225718054
158226632518
158226728148
158330197204
158379813200
158385031094
158385854782
158398957886
158398970084
158692833508
158692895564
158694368460
158760635152
158795867920
158796372656
158909652912
158909659080
158909718884
159351726388
159435955640
159438891128
159438899084
159439170924
159473251692
159557124972
159569306252
159582456940
159612053100
159612169464
159615529208
159617848824
159927875576
160242379588
160579331852
160580823676
160583406126
160586193454
160689953326
160702226190
160781065038
161365190658
161368222370
161368743698
161393057128
161409299774
161416069638
161553981539
161561560675
161566717411
161643987505
161644091713
161743128897
161749472213
161775947239
161777888583
161884725963
161888130499
161888614267
161915359227
162117709951
162117719851
162117722911
162133737455
162163028795
162181700922
162240715490
162425345377
162490770785
162584277217
162852183508
162853990216
162961247403
162961257631
162972479849
162993271145
163004290841
163126619929
163197061785
163207870235
163319667483
163327209049
163397941213
163417723869
163911027677
163911316573
163911388709
163911995981
163976717165
164185925721
164186651161
164188106237
164188195789
164218575821
164272627317
164407065265
164407193009
164444700081
164447230833
164593174221
164601398349
164653989006
164657409514
164710330346
164710543242
164919369610
165156074122
165157236686
165168127890
165200819602
165291382932
165291427146
165680998314
165682146522
165694565594
165704533210
165707549250
165817446314
165817694082
165818170451
165858164047
165864864975
165864945751
165865615831
165885325783
165914268143
165951000047
165955347695
165955417055
165970298645
165979350805
166736600522
166736664729
166739360825
166745891897
166763840220
167122535132
167197220518
167198453900
167198819308
167200968704
167201064581
167201505701
167243041189
167284073701
167820819257
167822872937
167823684041
167826729929
167837067209
167837443961
167837586273
167865658721
167875250977
167875359025
167875519401
168170751708
168196650199
168198843245
168201888509
168201982717
168217985789
168801320899
168808845251
168905949123
168906379011
169380633711
169380641739
169382483851
169433995475
169441545283
169441545641
169446405765
169446461073
169649592842
170382152510
170400796478
170510747582
170676209598
170676406446
170700559318
170756436438
171109989846
171110187127
171219830295
171220004839
171255048007
171279941207
171282449111
171353392975
171458588653
171584069805
171593520749
171594180717
171636666989
171994624621
172076773997
172093519757
172217219777
172626266817
172626628812
172627466780
172761721372
172769091484
173011263388
173083639776
173179665376
173378320728
173382807320
173386852792
173388335544
173621039279
173621749935
173621792107
173820417391
173820470031
173905354255
173905839055
173905920663
174162501975
174164256471
174164575831
174164604326
174177990054
174178175430
174203352270
174456026062
174481531854
174722196430
174749015502
174750060846
174760124444
174771423260
174777766342
174780543430
174780558906
174781497786
174846600812
174847814746
174847956758
175539246998
175541056214
176044317430
176257219456
176326048233
176327481605
176449321221
176480145029
176503181401
176862049210
176881932514
177039767502
177049841862
177064219334
177671014359
177671588407
177675118561
177685042657
177685234169
177685488121
177690891471
177690984943
178023800799
178088429535
178088479909
178112981669
178123239934
178147555470
178169492110
179107656334
179107677998
179181152046
179189319646
179189978288
179330247432
179377774120
179411363408
179437350228
179560330789
179585089669
179610032261
179611163353
179621555075
179663180221
179836224011
179880541383
180118180537
180158933401
180158937385
180197292329
180272433497
180273119489
180348753929
180348925665
180356554625
180359059585
180361785639
180361802202
180697461385
180705486553
181065298841
182001038049
182001293281
182010628321
182012653473
182012811103
182017845983
182026099907
182115401883
182115524923
182115603837
182209332037
182593012757
182593382533
182596894853
182600232581
182600237061
182602712069
182631846181
182651122661
183029697765
183048635916
183222338140
183264025818
183276771755
183287932929
183288139125
183296577763
183303060665
183848399935
183848402915
183848437781
183853272085
183911524901
184174768910
184336173910
184336234436
184336519114
184892799050
184899390538
184984862667
184996484043
185054773355
185090354283
185146426942
185150002110
185155300286
185498585022
185533654078
185534705494
185558636126
185566021626
185566542166
185781295900
185907541276
185911015196
185916162324
185934774036
185934808852
185968291555
186130105667
186130106423
186872723391
186890248895
186890568980
186916367892
187022860401
187026815921
187028040845
187238747277
187238961233
187239444849
187240551657
187328935145
187343386833
187348459985
187362893905
187561173073
188098596153
188605074222
188622374380
188722993088
188726843328
188726866777
188726868881
188755706297
188755707744
188758590028
188884217312
188927966688
188981816544
189023919352
189026251768
189027245416
189034846184
189036107752
189288519144
189288606622
189582289822
189612766622
189615922270
189637074874
190375832566
190779074017
190779160937
190799020952
190799608238
190799658344
190800672968
190803816072
191049608520
191114232147
191405684687
191405987719
191407509575
191660242495
191660256399
191660359391
191660812767
191664643135
191726212311
191734298325
192302822589
192336660413
192368046013
192368133161
192375034981
192391507269
192430026053
192533954765
192538426701
192538766765
192538803245
192637146157
192715966173
192717106061
192717117017
192720837209
192796398993
192856752181
192859535751
192944841289
192957362039
193331066364
193369742652
193381817660
193504004412
193699695365
193763029765
193763055889
193784521681
193791982745
193969808273
193971910929
194165864721
194176992555
194242404587
194257307659
194279932939
194480822667
194569265451
194569265619
194569302179
194569501443
194592025091
194660872862
194725218900
194725222589
194821271638
194940663138
194941903453
194944268189
194953158557
194956753403
194985412539
194985695563
195264073035
195595395883
195626812895
195628231903
195873246431
195873344407
195873836133
195890187698
195894974093
195910307981
195910335579
195959043163
196138857115
196237816123
196455239995
196490647867
196542788915
196697722461
196718644577
196731032929
196821907394
196982773574
197181709408
197639445920
198470552328
199005305252
199309142384
199779753763
199864748835
199872242687
199873392127
199925604163
199937147243
199978224235
199980869227
199996716011
200010143723
200020386795
200022978029
200022980401
200025301233
200025314149
200026898949
200129492229
200129518917
200133345933
200434225805
200444853901
200444910941
200478287325
200633356413
200648887308
200670536954
200673868426
200856497368
200859502424
200861482254
201231496974
201306212474
201326816862
201687009056
201687245864
201735289560
201835702135
202188683687
202193957799
202231751911
202231899697
202234732833
202251672133
202492567331
202493557411
202503632969
202504512852
202505970528
202678442848
202728645520
202736935376
202830572416
202839781318
202942703046
203399603086
203512837246
203514289726
203809867904
204170420576
204170690944
204518396576
204976443024
205320632548
205543300708
205826518804
205870453524
206079265646
206080070766
206122064854
206122073210
206170105678
206170435550
206206124174
206207958234
206208296154
206208306189
206546120013
206546137421
206663300685
206671004621
207103899757
207104140589
207164182285
207178908099
207197551663
207210456111
207212977519
207273373335
207273504883
207308313945
207308376505
207315147961
207315448657
207315456563
207319194931
207561504529
207739754041
207742275095
207763894423
207764762775
207774571159
207925640188
207925997552
207930978548
207931022748
208074973084
208370926684
208460075307
208701194539
208720261419
208782238507
209004100779
209004607243
209009965629
209132399083
209171040620
209171054222
209171261982
209634460780
209668227212
209747518220
209749677836
209750228748
209750636172
209798878092
209943657378
210141664256
210296051451
210331553191
210469465511
210641649482
210654529354
211082140898
211082231236
211180047428
211323204420
211323831236
211849956292
211851359980
211864507880
212584930100
212586210484
212587620772
212627906468
212707052196
212881708394
213408767722
213408824042
213454326571
213476576043
213535098511
213547356711
213594978951
213597296263
213597392939
213613910059
213642685827
213650531587
213796318467
213959045039
214151796387
214151848310
214180703527
214200350183
214282371559
214345603549
214364631517
214475308487
214684369671
214684674055
214903801863
214903864263
214934567879
214939587563
215040683346
215086011026
215303784505
215420319801
215498830688
215503008096
215505381392
215505415150
215507116882
217780829835

