49960648441801
103303104642786
107337444654930
107362699381910
142218588811691
179644956311547
182422077542732
228803213832721
274834921398016
301647401336697
301739049848697
301879487516067
372287858771828
471715268225674
537679812393396
578732664136246
606925529587320
616548514426259
656525899038439
682472275309322
723524312033293
734996772275242
956971541228862
976323415294065
986838502100544
1001489887455709
1013299049978082
1040490966498051
1042005864792671
1079308287712361
1093337397654245
1124257227828807
1178147812023898
1216458975632958
1397309928183248
1442169170543453
1503012395863015
1585373113193350
1646584088787240
1667565812302542
1675985355584979
1849961740980475
1864892863451968
1908509044847476
1951603206215397
1983161586639417
2014868404127951
2069413352251524
2141863025974423
2172819381889649
2186824898108052
2223375512172154
2230182936142293
2356189914313172
2383382778959139
2439229119084617
2459722101296899
2485459729841899
2491392623429095
2511210365139975
2541035818854031
2562854067795513
2598562041317487
2602560004957607
2706096791041076
2709919819114010
2730556624477122
2752315146029400
2769152234999209
2771279425801176
2848452333976775
2879207845362364
2887537892327493
2943038708789539
3031642565535619
3063689381425727
3205919928030341
3211148781594526
3228840798860079
3235945912491431
3238656516414791
3245289118263074
3302665156214662
3358386124816378
3364501300565893
3379807252652837
3404818789404683
3456845762647917
3485137739322358
3496423655885706
3514330812753498
3530346452106783
3546245670018383
3561064591650903
3596604067271723
3602418227191599
3605747058119329
3635510566096317
3733409436467932
3802320105459536
3919649645456512
4045826679982662
4058356019164925
4075660421466895
4179471427509287
4196036715714332
4214809052891338
4216212538438900
4510525198705450
4632093292215320
4656038813540608
4768971064956244
4787794972586324
4815689555537704
4897224589057264
4921875996548883
4922286484961101
4926372781009324
4930519676177380
4986137011740615
5054154582863694
5128953513490925
5179070867509073
5225953398986633
5249369722738547
5328174488341770
5343200796616216
5393602944600635
5525241527579166
5608622190425759
5649127918958621
5793497678200559
5805426030323420
5818644405653491
5818721325118619
5846190318676072
5850285586558607
5891519144490405
5902754463120840
5920475536445065
5931823827778081
5985724106186782
6057380787351104
6058258231426832
6208717570840063
6275729503598742
6289607518396634
6340437846099149
6413710148147096
6465113347208313
6467450084159329
6490388106237369
6499033239846063
6500335207095963
6503507403005967
6638328661601032
6649526351698404
6767424054672715
6879688771691753
6881959285240285
6968688922155291
6979118538023111
7030937068227979
7135751830900195
7141457482166695
7188407511431176
7255823160687706
7260070369030468
7265557613237864
7306945219924596
7311086769541574
7333068537124752
7408601871409109
7447934021809721
7463061330030755
7485187752146119
7535259793958441
7535274403738175
7557662299486302
7609543168141935
7640391905647700
7650209838108691
7692048649819610
7692884445284540
7748226982136170
7753811430611048
7754225583724532
7793211246078060
7803339641437472
7859450854781749
7865019632863244
7870903668141926
7893474361785898
7940325555732740
8088007088835979
8145602269870538
8171337259425360
8172227165987550
8195326234658241
8241527279679339
8246412545850295
8277516641531897
8322263504061200
8446215561775812
8461454515034127
8510988972825215
8525125493932972
8542033001249204
8542897852453357
8546222304524838
8577554671853062
8599577483902157
8869702172794819
8871529279062411
8904971365999323
8960821183425166
9019260926593576
9052170426868604
9056982418529801
9058583172748599
9070417342089501
9265066670163702
9356105307424817
9361307761129737
9456291044830568
9535254765629443
9583410465230561
9663437231170965
9710267427488578
9738643195032833
9795066166052593
9807708771149881
9833968359804158
9834471591525788
9880527339169512
9881048412426895
9887269327045535
9926265397445168
9966864601141246
9967751805958381
9986812047955522
10157023267460852
10206680695145787
10339673518967324
10404274887953352
10449096955802779
10479028581228747
10491600629424107
10495544767878893
10542499732314995
10544227275560687
10547013379649232
10588242600124311
10643841502255260
10649099357129399
10654068125220623
10731676581600719
10792313698794205
10901813501249940
10922301201331090
10945437709132536
11051125026385438
11055104631415230
11067157129294636
11100460388706520
11112529426663265
11167172874107630
11201773045312838
11211832229965226
11252597144738354
11303580369685186
11392881669729026
11452548856310818
11491520327742382
11516194096079652
11525374843613070
11540537490786742
11558607423346664
11589526672921795
11634287346564928
11658168917453199
11702742368125871
11723962259707741
11756095828261237
11814810642971610
11821660964730006
11860678512471193
11936778803847217
11987887773116026
11992347974717168
12022556911482439
12054114092809051
12107041696277420
12169529198618963
12238210766764874
12256229964072715
12301940761692109
12358253704539861
12365574648603294
12398469532226698
12475252579819948
12543430046661610
12544994081759708
12588542066161652
12613467550458523
12667250955483244
12698392905571332
12709036932012055
12731716532017109
12736551082761919
12757623826310174
12778065317438974
12779672773012390
12793986470345992
12808956576364693
12816701668042687
12821790454945279
12840305211604968
13015634816158974
13018652420440302
13052130106280664
13056686917130847
13110069731785337
13148373060815610
13224421193724432
13252647477405098
13271459415892738
13274702026135558
13294761910632451
13350618811739232
13383580294262752
13474570540076879
13487940572134279
13538439275640779
13680766559411337
13700048949341627
13750953170865031
13759764671175500
13888544144818802
13992434067250111
14010064578418401
14053695753408654
14083265176558558
14131483557844318
14149847425045473
14185832669334523
14188466912953246
14265399338694996
14305229524294862
14414619945951431
14439177376803299
14472318911058713
14583891961562821
14683211522204480
14719405740605064
14795731580161853
14833373207877076
14880828754756645
14967129679303766
14987859004560922
15022703119162004
15044693578789860
15048834173247983
15135203559499227
15268129034693093
15276666983939863
15293785471005009
15294105266745674
15304012278289698
15373556127207397
15416475501169281
15428860933984221
15593042283664419
15600070977201865
15633902698917823
15644153488284221
15653863511234017
15654009081193477
15656300530403989
15740847064106679
15773517464716857
15868049895905306
15892096374455605
15892372939780930
15892947428939832
15904965232135524
15914054707699482
15943671057234432
15944942660082306
15951506963525423
15978911264315523
15990571160432450
16114551047903592
16131688381530117
16184168892468104
16234968524199645
16236647277166117
16361498346068753
16508386637676294
16509438086215050
16509663118948090
16542718854455303
16543342652337582
16612937883441407
16622559874712020
16640158808552270
16680294053408975
16682930508386383
16685665929689118
16687808231979618
16757952882427356
16771338091508222
16814150243683996
16826370683034998
16961693708476823
17065362329268455
17070317675655300
17081760713128788
17102180378274544
17168458745032659
17268338227139741
17422647774393812
17467846813903278
17493298523860684
17527979274324060
17563530952653430
17566161280359430
17581529504097364
17586054824677228
17644171816821273
17660045838277054
17669857525861117
17716043185715033
17725446218384657
17765404921189911
17791588069936567
17948194496974597
17950019995125931
17985614022205164
18024917854592061
18067023139897659
18089168740369828
18090000805747201
18110165850649792
18113039686032896
18145232468529395
18175019372313575
18248369131548076
18299783007082959
18316941315185273
18372881140541424
18384201007967064
18411736356200984
18423102853826736
18437875726202938
18438852661236838
18527350342894784
18598622725471727
18628791294561494
18637273586864579
18705246698218735
18713096178181885
18740132695164104
18774251234187739
18831898880492377
18944294798648024
18948947709206500
18983936562558478
19002097676187752
19087266386716558
19139562599320768
19144284413825924
19160180950650780
19178411335583826
19205128446922860
19235172085951494
19300321430597108
19316073374060128
19326529260607068
19428021410532555
19462020244862018
19484395981936255
19489843215641989
19548772871777817
19557536501678817
19576589416617966
19601997419735190
19670302000952815
19715038011831024
19740160060813629
19824515836992383
19852312199819434
19880076363877702
19892760430533702
19915569563840212
19929580342011019
19940390505497453
20011754950199977
20059398810042065
20066529905129765
20067242536047449
20073754774198115
20093510708539619
20158024379751791
20205010803301957
20216376167668744
20285251315523884
20286099431161048
20319150828691125
20321153885287590
20332097192834294
20366895009589686
20370391282759980
20381720794762668
20386218966101015
20505062477024664
20529464117937138
20542996215118838
20543054036256928
20551598695954912
20678211027762697
20682119411600893
20714109500859163
20719072086949834
20841825136771156
20894471666704363
20898726106949418
20904952277551104
20917886018832708
20928357687524004
20932931339311654
20935100763144480
21029296210696180
21037094623870186
21042148588909447
21044557974015887
21051962095095219
21060542264012674
21130232523219634
21137371954239186
21303037033048752
21305023182250082
21306128509452913
21357397719549043
21375932849443896
21388272206408272
21569928650822770
21590991173972636
21592979253916112
21615518181852489
21623655855841031
21708174301246771
21721814442436904
21729329380180984
21743078908233866
21858015522158956
21875557364426128
21882248366165477
21884474670385489
21888446851706770
21889916307717806
21912488407578175
21913893069488459
21989644536805562
22011963435121595
22019651193362924
22079147983980696
22137255771454477
22152411468444705
22199234437900828
22202820454973221
22203461722778763
22226046350921193
22232755580873588
22297532769399042
22349060560900794
22386156260262169
22388265709563041
22471786721964648
22479359670033672
22544045948845065
22627206075297660
22658010768731206
22706337760818129
22740426909378203
22984862092379701
23027736209161079
23117709538821800
23142008944603892
23203555260163010
23329268539170602
23369014953781455
23444893765394082
23456014818498198
23508163650561767
23549396507826697
23549505788764507
23630056110684758
23658361177825251
23669567526550743
23723626366258048
23779738470264568
23815296881328189
23878373241827159
23929119174161112
23957266710521508
23960705362575452
24036722984582591
24083716585056236
24125982531613501
24126384156341020
24145168966905499
24170945632366220
24171737316898346
24264147921602776
24283591118314891
24296934124682138
24476236293300579
24517242828513408
24610606305391391
24611025494578280
24637341147935117
24656096700344179
24725894961478987
24768604928949731
24833310713788586
24847888972372000
24892546077397591
25008156626269044
25022029120907844
25071488538921121
25074248283669343
25074861956147733
25076229729789036
25089114131000768
25094402974231586
25139160030980922
25342825230965400
25391697832067858
25444083204168882
25454322583645170
25489570779774228
25503365259794801
25526042564969017
25599974848877398
25681724620629053
25737488938430262
25761645867150565
25808867815460547
25815255212879152
25884393674957048
25884430278650818
25925702997361132
25931452478730719
25957204188691514
25960660065566348
25992320356457432
25992808785706040
26006944628894206
26108162431042568
26149467506987301
26154048044424733
26218118791732264
26326674139649495
26346487418631926
26417538668624632
26418549209606046
26419002438245943
26433022105020757
26433730225967864
26461005492456469
26469321445331104
26521046036037292
26581196133943478
26632137500439286
26645918209171797
26689062779725087
26698981577586741
26803803881891857
26815097069418162
26899126036323494
27002383039929103
27005077580111348
27018831987125077
27078471142149844
27180036065003648
27353011213360779
27404560755771700
27446794185055436
27455213148863628
27457576582240997
27460626909321533
27517895593369228
27538070524807287
27712259588055759
27712384491934875
27780251484358613
27839886182061361
27900040885737754
27918446306085236
27949422078561010
28044945929492575
28046132869084462
28122005029588717
28133272338182797
28169236583576031
28172553331113911
28207196919599921
28246972871316653
28346803970526814
28381672665354932
28391931835271837
28410981886040365
28597514038083593
28640439675333204
28640615492430442
28680066785846562
28706869526276199
28742654010146751
28743535161945405
28764596697919067
28773539062822695
28880337055914032
28890224419860604
28924559073587939
29069930858971211
29070440085508271
29078673058534485
29143087973308393
29174265456400427
29188799173145253
29189067579412583
29206559585543208
29254412635629096
29396383747114771
29410883022320869
29414621237266534
29496715654491847
29504964180465539
29553213584508099
29586403881840591
29601365917038064
29626996458217322
29659204842425328
29715291137696916
29776220073384123
29785754131592364
29893871084121401
29922740012028786
29936729124998614
29940865462846701
29970934245749827
30058005361532038
30139591460836810
30190324408147213
30203910129904640
30380168460845700
30381172461306240
30396059549906566
30396414463290090
30459147624978861
30588318491896073
30622853285912803
30650527484269822
30675771503038279
30725943068558731
30728467381903958
30732435680417006
30748221345576365
30884655454025863
30920095731406357
30920292250622607
30979460562401520
31016872294065747
31021657367444189
31052507618384943
31058881781728919
31087057888073899
31087166905010059
31090432497349309
31118148604950777
31123244354004657
31128728377728294
31193051688813745
31202001679933874
31224671874394822
31246369121266431
31327040723555012
31378920934706539
31413414509724719
31437152177480141
31444249070513425
31481413985822936
31502991988731774
31528214006748537
31547320303920660
31588243115379289
31592977859439457
31625135025409069
31632072719285380
31656346787708215
31663122635547743
31707481856206928
31715125925475342
31753278369480799
31778627239997827
31779599305732353
31812993271984049
31814809321409139
31838231605753868
31866195079923861
31910170043108351
31979985122129799
32002332536997558
32015909866006540
32031025926895324
32067851766372853
32077420931510458
32120603869713377
32181651784726245
32213820031949757
32217502196332453
32303190843831955
32328814274350168
32340393043613328
32486719474118381
32512603917154727
32555963612473687
32564734633164832
32700661765467593
32708143287839328
32712130471484206
32736470285441375
32762109326852905
32800490597805194
32827161636990675
32854523631320649
32906617240050996
32926987483862676
33000897033481234
33021497647846152
33075210095036031
33109528891834456
33114968973590150
33210221993412471
33276411123704506
33330802746537596
33339368114087865
33341803850055117
33351910916989437
33373179915656152
33402331714985980
33415675539144564
33432925625108335
33452912529158685
33552251153040631
33636269826438604
33638128169856028
33638922473646205
33641992529860838
33699741023367536
33701273616139179
33713860073631096
33727607729885810
33740521700880566
33753255230242847
33772081378685493
33790360878468828
33797851129632962
33842855713732871
33898288711579005
33946113483151396
34269157535711941
34433705877936751
34475573567346510
34521927730566617
34571949233504051
34585657685227941
34626295472430488
34627378648317328
34628767323255376
34630784980699516
34630991267993889
34633536704622967
34637672450037783
34638068838145329
34671800735476231
34674688683859278
34678974745404818
34684668045522611
34701511909298815
34704093086801607
34710487561733187
34760506461371450
34899629919317671
34904560155535170
34909332911524886
34930102436153055
34936282392349824
34947322790441112
35000481266764005
35115061066230868
35144193686728103
35153805884054228
35168084471010962
35235303299291541
35246418941748747
35247496585548597
35254063063585994
35322276188877855
35351446296610199
35386010735147585
35396902209048572
35444414336400361
35476801120387552
35544319850702557
35588657351243393
35611621696914033
35611705929279396
35615676660049309
35623048011182279
35680194905531136
35742600290506870
35750501745805746
35785847771288315
35836898291755653
35891586206082978
35893763180615391
35979482188620525
36044390150779086
36067267158691086
36070332152426552
36080363423501328
36099445965366109
36115492954120037
36172543429691834
36190036402473619
36203051717606469
36218105074776942
36271435752815006
36345254771117195
36347363604703717
36380614223919485
36393080903473760
36408215609967734
36447354978805831
36447728192132657
36450523564339466
36450524331313398
36467468603047320
36557048034311235
36569691798604084
36571466321136829
36657350594583798
36669557907920856
36702105277152942
36885452974369457
36945035870864825
37015042555527289
37023927385015650
37080199441294062
37101105305017932
37152681607804200
37209320158404006
37313820330924414
37339681873073522
37351896978832986
37351933741861949
37374547147035458
37378279575331133
37400976683154265
37416019466711448
37475473983394522
37532340510461785
37532459773735529
37551491730293369
37796670584438161
37843299017164841
37856604734157510
37867194059604935
37884478359388003
37923759850048603
38005448456904124
38006050587693386
38117684226358744
38125408179492891
38135438869126779
38167747893762348
38187088220378082
38252503481774870
38253563237511560
38344034046785856
38348409944210672
38365245331931742
38425128365053356
38428618450280329
38437734247506645
38484675582689862
38489585847286830
38493310153300944
38516684905566424
38517371967168574
38554534835174308
38555542443545920
38567584148937528
38650074045110841
38650519451799744
38660797067259085
38667160601182723
38702376038052160
38731196760352462
38762792638378583
38835933950624718
38917496358109010
39161447510585400
39165075886360619
39168716099061621
39175784045031387
39191953543283898
39270068737427066
39278522201343907
39311746890146911
39320537127913551
39330046021652309
39465865194219239
39491841191072178
39492328584339260
39541916008351869
39590911442645980
39602564728253132
39615308428981880
39702611583716851
39715301839670815
39715433426588319
39721948076019843
39728844108219428
39734123477069738
39755725874769140
39795826140319052
39824759649692968
39833673487377221
39861849529973005
39876530725353668
39905797185947104
39912689260397328
39917291932260733
39918195760965855
39970634807499142
40009816586895231
40062676638223295
40102941403535691
40160861127845895
40244221163914379
40252332668344864
40306792024657258
40311693905326441
40339549222344820
40357257268103736
40360773911990730
40576988212441013
40577257899205435
40617064121143251
40628865893911239
40634731366165732
40653121607075146
40654771326653257
40655081000447573
40730478285475874
40773122547416903
40779564163940987
40779709862906417
40794191849335289
40830908464921982
40833127809227762
40870310832976830
40875953707514430
40900466947649382
40902013122569709
40941907425269087
40963004016245784
41063755867151859
41151206093952950
41201643199454842
41333236137114672
41351781589688992
41360344436843463
41398362929286640
41404043979925084
41469647986737753
41483677658643702
41499267881889817
41502441916130092
41506845735001467
41514637823583517
41524047353570359
41575044712688653
41625760792749271
41627719983803013
41643426970574511
41645357847053625
41732236214355492
41733330299319636
41740428357820353
41768340773631707
41810997819218407
41848420807395701
41948092848376170
41949677697516330
41954674477374780
42056098391794813
42124697143464150
42143148566711399
42263271961138441
42285662686483320
42292236201984364
42351255080897614
42366615835784018
42408982523994776
42471008321924954
42503437159894026
42517982386056964
42519455549493995
42526670717458580
42547653862187348
42601858417231710
42602224291485998
42637619991446042
42660468729757654
42727804809220227
42756082094091707
42765918357185010
42773411317926402
42828238500472904
42831671433318971
42853356579207171
42884761686354891
42888437782700165
42901740064428941
42950907673622971
42955676524193715
42973833961947379
42977484497795513
43025219331002712
43079990212132147
43133358329834429
43197276588818539
43279400605022620
43308661747634872
43336846686543661
43361049746452402
43380706718884959
43454010737719193
43504943582417288
43521969013217230
43536327532908214
43594887422964969
43613650023886590
43628943355111660
43752663296396177
43879857061539996
43960814961741747
43973220561668251
44013348001634799
44013802625163282
44022088007884324
44051476947565366
44083597703580998
44146291851890350
44185345676874719
44209382010619186
44264145131642408
44507448827087613
44542438717869080
44630388183214516
44631129975893236
44650348235507508
44679327559654507
44727143336171037
44771790270900667
44995295616333306
45006466424793833
45020325954319897
45048110209777130
45057007169915169
45074503194050724
45079836613742208
45093037865943791
45119453762235842
45133262241744953
45160704018734714
45246456986892125
45248486024807216
45268495888786992
45283281113157229
45305755928334901
45323537099151602
45331850960390207
45338014890182747
45369888671206569
45389525451897255
45450438186285945
45499812485523925
45574188419349286
45591792408063351
45591954483872919
45631428038421711
45634404418273611
45635427664267785
45656225272753077
45675271687638889
45677549583428824
45715729855462855
45808543404683378
45826418774651876
45869654460042414
45939677736323750
45942111844480647
45942125670312497
46006155878720561
46007912717646053
46018722168955803
46059773655823986
46093891262458428
46106372925059867
46129225719669317
46134422264457801
46182687872659615
46363970910221004
46367185242320024
46378033434297630
46392183598417691
46433552064897798
46435668129562074
46473945929637173
46476610398992805
46477024155145710
46534121192644429
46543027705770917
46547014781923418
46553427907324765
46621342720069426
46646227219858011
46660662657070578
46806057336698424
46907406872042529
46951095388265769
46993720038467562
47026800799809024
47108443366084735
47108752350534447
47112314308647447
47112361102507665
47135509419679995
47148860199797602
47155652631737503
47289529051326958
47339537232653664
47388974837586244
47406848648857054
47427600711414475
47472606245596901
47594446285064752
47628946028916112
47634868612791496
47640606190638282
47696321286728364
47769772144812724
47774471869680396
47774804732975391
47814155823330512
47814896687094544
47836469584328042
47880921208906818
47889150064579582
47938662056088974
47950378806751374
47956562483318574
48068181351978038
48069301623018854
48114877802556238
48161356534290080
48186339227699558
48209388264751481
48214979701282909
48267939289759383
48268823100997883
48279464123171056
48281881053564528
48368211751423397
48368242090130672
48420807501285199
48460975488661669
48519069728979518
48519395402529158
48551222170066561
48615842010600189
48678188276775391
48724482307788093
48725920404997527
48772698920990085
48808514729601341
48858472141339745
48871792131016385
48931438831996601
48936367315143986
49049647731002143
49079028832127496
49098634218280112
49137137966829916
49153946641280996
49288652576690319
49346533634141387
49368980057897910
49435320138751516
49442943417619447
49453060607783226
49526184836675247
49532463048129031
49537507455445127
49546888898198147
49574721083912792
49584605032620656
49620347949749608
49680432139193532
49723808493304863
49724333656564722
49726869617312536
49737038191970492
49739220511014667
49756582684520834
49787756411271701
49799350892591565
49810270890260660
49815180712854529
49879963018462913
49892548660718675
49961804047577480
50001995222072823
50007609074241591
50037532770458616
50045996651649407
50065836029972171
50082606810294836
50142648601413365
50190568605120639
50195173061911859
50203509760196323
50205550513913273
50206024790335733
50240343250464669
50288934842505495
50344000427985364
50397201049992400
50397786663058880
50401578688465488
50410939798473630
50437763595576546
50449082349565350
50501807501778242
50534374810453846
50546281445184045
50562913404154269
50597071630939786
50607499924358182
50649641045443989
50663433034983663
50678149052335825
50712252518044102
50717690709366952
50718651017602379
50755500008674429
50799878827526063
50813427319611641
50818755198347705
50845717877906961
50902697566872577
50904647718788168
51087604538912616
51105190583532144
51176480700682899
51314723703653646
51385425281028863
51388950940132753
51438335459242186
51457682801971010
51530248523570163
51532745411789627
51590568440731569
51618371773492058
51699690368585950
51727345772765190
51836291944601534
51849360342527689
51969454198285937
52017828330959080
52023914686019032
52078047793041966
52085463816503841
52370029714211240
52395568070781864
52444608177636236
52463571559676114
52534985371464233
52537816809252425
52609346096624281
52629461881154081
52702197149206696
52753329337410512
52795100171306709
52824004246891777
52825796312396944
52850665283700439
52857150020899099
52914215363055245
52914977821438205
52918523728853757
52922457839911211
52992981953768845
53003305302864235
53015093342743408
53020011001333114
53051090614258384
53102428178307763
53109408464929818
53181365004671352
53204870060762966
53207261919130134
53207619466834984
53210895960554296
53257312069147338
53259968814485026
53307312365321748
53315087699334812
53316787219090397
53346616870372985
53376452014372475
53377583682023132
53378732830001717
53381052822770930
53381636820383562
53451840743560904
53465407665405754
53576898856089721
53635304959861569
53707239933590161
53756364927367563
53816466425498739
53833958175741224
53849546650097242
53862813724413412
53935010963690280
53952006496096398
53961369846346218
53978501279900483
53979631446123902
54018780393454225
54029727627584141
54069252808421069
54070021058524399
54199032674960777
54256042043025386
54294890978954010
54360283992731160
54374084139720125
54501815533975930
54515432608352262
54538438269927916
54554419004521652
54644896615161275
54767669656577380
54795340728006260
54821607120885298
54822646170442983
54837697543260747
54848301422560669
54889670050667850
54932834314841136
54972249137871469
55001861665949234
55116916269901148
55159150001523869
55174797468865537
55175880153306355
55210448490758491
55277118424367888
55277864268440430
55287701281231828
55371487010547739
55379711490164757
55494668497913741
55518405874844529
55572052023187915
55572749472674877
55595340031096077
55667062383048281
55669446617905537
55684874243485913
55818375694323770
55943045135580235
56008901251179365
56031890503894942
56076115167527251
56123605300642480
56124365229847477
56173902006877902
56178477993813152
56191797181977686
56286896299712349
56305033618219109
56339468805217295
56340612689450065
56381632586426184
56399978428744596
56441970168227604
56450753295027365
56461885634228877
56471434794668276
56504901426747781
56504908215135013
56599504182370417
56619475591729615
56627985102357740
56682070301616558
56682508929279977
56697037647151549
56791669441031262
56791688184637758
56809668870418167
56881333993409050
56881867014602428
56963941067310708
56984269717331714
56998971855823161
56999309694135438
57031516439135172
57051033578420202
57077674565195922
57162026546278581
57177327108380341
57248519296955379
57290253089014384
57300222221537364
57351097824520842
57400275473854814
57412006001408929
57424586557203269
57525593698705102
57557820233423704
57594345123668883
57650397490304625
57677817415438917
57733337088230457
57803422611468235
57900308420170615
57915873153088058
57947932116601734
58016300103669893
58016996789846053
58048268672522386
58146831115442207
58225101419237582
58239975125843971
58241773001043221
58243652335236045
58244672770081545
58339717417705630
58470215910613533
58482522183215065
58493491463184807
58526326924456199
58527797636888097
58533569862414105
58628115926145291
58631914272599570
58668576921032834
58752571586633835
58844614601002198
58851864691993598
58901366368386140
58922453673211244
59008502669363668
59013922837893124
59036380916297732
59037363266811414
59062499485853283
59088617595220606
59119687794437035
59131801163898605
59255749405602246
59257726440823233
59258050283517379
59293622377607938
59294374235654731
59396714109133350
59409889576016188
59545720683297380
59589458556117510
59608897234121205
59610468916092555
59669870684008246
59671560126783266
59782611673579344
59790905361064446
59881770778447360
59912026916046023
59915641946143323
59916351172034466
59927097315676217
59966089293539547
60000528571126441
60013786791525535
60030907781350319
60129604968129115
60142040077276896
60146568615755793
60149546367806782
60218040193474508
60260044808366128
60372831326826595
60385121831411590
60459016075888780
60475669695998293
60503403546809869
60506988297939932
60507785969070198
60547603852770496
60656183266245868
60671329113587194
60803921151521103
60828588421009325
60843488188020959
60908963081455586
60913871129976746
60997202693966418
61031996827219633
61070629995600001
61108424622084175
61142531412880987
61191435512531977
61281800393377252
61313013983702524
61319036180742377
61413058318840851
61434470068841636
61438170951663116
61439565451592844
61470293748163142
61477445602491910
61538582731907874
61542879971577826
61570925673861081
61587869792814590
61777398151562195
61779495184246227
61883566391745829
61884095148232269
61925033033366553
61932173146696897
61962832525855295
61973150002833562
61999094462110953
62060119110530709
62108162124388758
62150530125967737
62223123130223836
62228867838987090
62233761934158778
62239779447446066
62244718112019533
62245514809196753
62274172036772395
62283183769244996
62309024326149417
62355566068231154
62387231505669182
62400567667707791
62487341061336085
62516156264748659
62636527766401812
62639139518877285
62645143817388807
62677569384745388
62726178464335334
62730976660108010
62749702899884498
62752271013902302
62901847569556696
62910904304331637
62962830758980288
62963659790857995
62976444600657763
63165988967678983
63192866040191299
63198637353679807
63255438865391400
63264935462548154
63268503244666699
63276274971725949
63321243839784893
63326438998138743
63386282810918123
63411488497687450
63518268398098170
63520748273776684
63537558396977548
63563877351316001
63624381394620912
63624501262891900
63701712476059998
63786413634822424
63792225484888273
63874293128001323
63888271407147925
63893058567670459
63940467270123834
63943756397405526
63992910791293326
64009763459740576
64021690563917642
64022500290826789
64022622440003719
64212427976693121
64245088563266837
64337894278029728
64400787435097908
64401444880050312
64432346520508715
64453676736829946
64458925191370457
64478499470973084
64531665556740327
64633403546539008
64709004513654380
64762321562964724
64789983251806741
64858747284295337
64860203471868625
64901717448294871
64947460146516556
65001696091981878
65038883461670829
65055998765282317
65126146481128499
65133483027184163
65149726997508599
65205963380509986
65207657826211126
65249654790572044
65254733814867180
65261690726269604
65276031144579926
65281082485887206
65302709590867890
65468591922406040
65606677577243112
65652751120055072
65666693125491891
65675550994394135
65679190983418547
65683985213645032
65684053816590621
65715918981407151
65729119723951804
65770518379139916
65773699769471226
65937638277579922
65990056836700095
66034536135788583
66038736821320446
66078931586017096
66148446207710055
66158593192490533
66212220239984642
66268511512191847
66278358735208203
66287791839430407
66289695527515079
66367874722409907
66495255313634747
66602432274116525
66683438114161333
66741259300816819
66741284278280189
66828623610713772
66976640605596665
67006221559317169
67089895192667990
67159960213138028
67180104501005300
67202706921956404
67281494017238923
67296012464053663
67322469067489697
67336941802830861
67337169181687213
67423277631323071
67433975317963915
67452763918062235
67490857350902631
67495547418064615
67556748767611519
67560102493116627
67560278574244200
67780879248364799
67811003257035954
67811690113554885
67811948798521368
67849737599963853
67861755515728489
67865014254170133
67900376904570704
67912876968192186
67914952124925342
67920256285126494
67932313820081542
67987393566482157
68046606635407141
68051596435072348
68057405344841332
68108745112324010
68147877518558621
68148850914973238
68156310026460758
68187826248345367
68214461100952879
68237736466048271
68266267876138664
68294719883783970
68399530854512158
68436334905398668
68448880725786766
68509607860845807
68562145510466068
68621092853824675
68639664920022724
68646081099443316
68709778697156543
68710886964788212
68730792758225497
68744103425022846
68758976235896159
68785176349192634
68789693383627472
68859992401631453
69005084993555068
69014714649383550
69038514098458622
69102330611149755
69241054520705909
69268420837492445
69319080400459095
69417018056944490
69513592854693272
69557502438344526
69565937238747022
69611286417493327
69620322907671313
69645464218589837
69715644725086280
69735836774729880
69751673145224309
69761186660182085
69803462535243742
70014379489020014
70067934155140725
70094259467056411
70126899790024381
70134569078451098
70145873669542802
70152298810988908
70219473075517608
70225817425750502
70247853162483234
70267174452298791
70269172060394144
70272361246241261
70334596319583035
70360710300574562
70387382347119018
70396431837190191
70427611525455840
70431663884879370
70431706023702520
70452913766677893
70453728827366853
70479645105192457
70505544063544537
70525219238250577
70608702020768537
70624668318593072
70625552850805381
70734884383357466
70738679868451790
70748898659999197
70752022795275367
70843207777864812
70938175108239859
70994554584937356
70999943367425187
71011295456418957
71013945601946523
71021016152024110
71043937001619438
71044610148178342
71168564938004043
71198030615561451
71243369339045760
71292738373923548
71292832296730652
71330669505410078
71331082077767262
71336891376668662
71412545082423932
71412727739811236
71424335717919183
71465136725849858
71498921997245947
71582073184962969
71634491433222998
71637195162782118
71927815033568198
72011161324887093
72129589138569720
72129732131497539
72146577121313115
72162590717664500
72180811730986358
72203337150100676
72203737923170220
72233781101573592
72294178856587447
72308804793777412
72309914322198287
72310861261491983
72311343912573527
72367688779411929
72390804869045192
72391259519804719
72428419103103931
72464177085242593
72522533652043376
72576282939008628
72589396080480636
72596712456177488
72604935465963900
72658111825010041
72746313695036429
72747755992744169
72751317164622041
72752970418227707
72764221307340632
72764713732071947
72798595470183105
72842870739978359
72876631907398313
72939825461041897
73051784153652389
73054546040725088
73074312854056876
73080896653094392
73091600650808167
73110164879130939
73131102114745941
73221156054171817
73290464997873125
73293718903556234
73296239232651870
73296281667240188
73374454240820257
73374555752871653
73392308493212364
73398907790902252
73485467714013329
73495503317830302
73501855770010812
73610647217020910
73651514388386677
73712065243790425
73785239996533344
73796809692881640
73797067798023902
73835307723273102
73841882737990617
73901698542003281
73912582767263100
74049745950836636
74053594698393686
74086712656001419
74162832691322448
74168498123519888
74172630596966608
74194235730064403
74259097664236401
74261420869332204
74267115167668219
74311702326279856
74332875192182113
74387679804698215
74478729731621637
74490429830183333
74579323803252422
74591758147277088
74656384184449374
74662147323834335
74711615270184891
74739398592236341
74743956113210136
74796023814180100
74813062168519729
74859462271376313
74906353574189763
74907063313315313
74927797597066065
74929496539872906
74929575645711830
74947686284520470
74962677927142416
74988674076162927
75004451674947297
75024659752698386
75143539850357656
75150899693321464
75155450217507241
75203796641104457
75297204722425594
75323000002641902
75323152659667865
75325908168027889
75365434510183899
75378485608965545
75378666554830514
75387444459466440
75394385777578876
75406819601423682
75458915610895829
75530450175290909
75570188653772835
75570421234550760
75609795241019549
75628567582432746
75640279061878386
75665626441403930
75699342730218376
75717695476189937
75754333780971582
75834455926593582
75878580096460038
75979770964383591
76043816547967224
76108478695047010
76114311618716982
76140073850690824
76226418591775615
76253985452957633
76362739887573871
76366091333187728
76402045318586345
76485830088530114
76649926314761228
76688052598958912
76736031246459412
76736638646596690
76742186595587066
76746186525481545
76770646940464080
76778585008528104
76814719566616978
76843720920870962
76856622646707506
76913060278408562
76933625358294078
76948860346326737
76949568697685011
76951249784615293
77031602666866851
77044433770101986
77050602414698126
77089411238240155
77132414406206404
77165687942880316
77237204595076038
77237213363404038
77254191047230418
77403519886988587
77413946305255801
77542463049932462
77567997488532629
77571760435133979
77583661623635903
77589292601516463
77614478977756412
77622099256064232
77632210157039690
77641124976679229
77734775911684785
77741770544745343
77905814026117766
77918046177031673
77918165142795031
77963953253588175
77969224227224001
77978522078375117
77979029347543614
77980019582896598
78012673493216503
78021680007423451
78084201039678170
78089797174951210
78255079836743532
78260683937556934
78276364078553308
78317706616021053
78349825010671727
78363084211235127
78399341253643607
78481608308204756
78521066710191935
78856312168995414
78880772351859454
78892127944353784
79023468600743225
79026863136279641
79027508049031997
79036290227771299
79057259809361003
79086650872159267
79099965558922467
79114548039608758
79130003186677918
79135687030257122
79146748326180846
79165397584017894
79215558051650186
79218926673134596
79241750037933234
79262519581646687
79262555662641871
79374422222273299
79386576779392807
79539169323620964
79612757703378315
79620801471321685
79633874654480997
79694399079217373
79701382348053755
79708538833048655
79731046367464180
79782770710178188
79875083471723613
79896894386450035
79904380798534211
79914067982935279
79924918457386543
79926177600180163
79935219530182595
79982901742059078
80092008068532432
80101624846380236
80119430994211284
80142170343479975
80248262230159465
80270802330641529
80330123092458080
80330288528204822
80398145129985279
80444097062740080
80456262384605820
80466575244026455
80466631395695519
80534204077885108
80581800686634031
80607371911534207
80664429283718594
80679637001761938
80685252004124699
80730993376345002
80759212316395531
80766675189250332
80766757814603088
80824477937914463
80831550648396468
80841185647885704
80856259702584642
80894153212694113
80904756261686399
80908410593773379
80908943682000623
80923745339137967
80943058764601114
81065059441365974
81145090763574065
81221770705516028
81246859664783713
81368023896707697
81464939600657537
81466163287573061
81468544471281056
81480632296042344
81510646667010120
81526827032310781
81547105632277456
81606830395150432
81611427420866672
81620165571350372
81633544541395012
81765916979123658
81872636296592199
81874906134145955
81890805128799351
81940997318980106
82046705611682942
82047241921464684
82088821914866861
82205163169023997
82232540793829147
82249565031730891
82297035263129180
82389964247051494
82409088025166324
82526338099437902
82538134473342200
82594449716263705
82595986662920713
82646579696616947
82655537210501834
82661095307164625
82713270342690926
82715828101270654
82733847349567387
82793716189243353
82819557518208446
82841353272058764
82889072523793209
82937402367805126
83107895714400174
83191624183254127
83239780961616648
83240559063871854
83240591233024108
83363262952107080
83386536854899140
83411714920118832
83417431102054991
83444220787523476
83478295190136217
83521407910119871
83537816989718401
83555503388908799
83636018329645873
83663519559527926
83675725961382226
83687289717418394
83787405568685469
83796154593625669
83813730158639729
83871550851110245
83892511425063061
83907357829604359
83968301837578686
84045117882031768
84069668622152520
84104360929345725
84132493670832008
84220394961375110
84235913235956946
84308110835789490
84352693669748796
84370074144192909
84389606295663209
84401953521990969
84464310057620444
84474991315690667
84577906417528375
84583306625539132
84619792763762879
84632643827586605
84657675981654187
84658065849183799
84674373948450776
84751493668415670
84763677208236684
84841358111500932
84848355242015364
84892777384910480
84893111212486840
84900590927956466
84900692617202180
84953911773955012
84981758243777572
85089392379448102
85178230613934630
85179900652340902
85227862200231611
85302903901003406
85315615027807494
85328699653999667
85333563908576137
85341488045327721
85342371607883925
85363638193638277
85408812018405081
85460684661958736
85529738820172550
85565237195396125
85702290147239034
85704292169621050
85705694137087019
85740555909582722
85751141347006946
85768568207679906
85770367041373146
85806492075547174
85825667305157722
85840343065640962
85853057010926757
85860800481268039
85951114479643948
86021264561130735
86057177081483911
86090965762233297
86143950731114098
86200511993059378
86205629301414834
86216034006002884
86297298605844043
86299057016755413
86375672146496632
86393867838102040
86417529644210761
86424653459387962
86426222836384747
86502660145961670
86517564941548110
86593711827659945
86621526083956323
86621549108817447
86636786249759976
86651549833861023
86655984423008998
86669658374315469
86725313550236567
86726107344093317
86828671913041556
86845405340359119
86857479702040281
86869922909827641
86896272893305706
86897193121025234
86899405746630489
86935513648599678
86997092771411957
87093190996332390
87093492556997070
87119166316401137
87141070059234689
87212548748216901
87214401425652720
87217064054291802
87230617964138028
87244001912802524
87362087235779685
87363141387240885
87382294560006348
87446372827006457
87457166023431473
87463294718006333
87475917294558588
87545906233652369
87559344075209101
87815647232365628
87823715211815646
87847708324138668
87895500798271412
87958776026086868
87977995764978652
87983015872549182
88045910164671381
88138298694932851
88139893846421826
88155023873613199
88224831729812336
88247901715944410
88300301379879602
88318480031154903
88319343893278251
88334532325543651
88335950085764091
88339568161844279
88361602386992134
88363327174770294
88439022614068258
88527698992541766
88561197766540799
88594728445631174
88638197317884897
88683193567015634
88711672275621674
88730406451632053
88844827126893710
88845978815364005
88851588352239077
88913005627669135
88955102563548019
88972311458782876
88987898929481348
88993786424587913
89008529543879345
89008900146407705
89034535800667161
89065259396605565
89079539833407554
89085366850018046
89171757483785930
89201607192691105
89302600363558812
89311152976758787
89340316077656634
89383042199330704
89417995381376786
89419724358245663
89506818763736875
89536350749937843
89583167081738847
89583254395268597
89659248145986071
89773457046937375
89784675956040278
89813999500349376
89859740941793155
89864395884207680
89894750190135080
89900862610807291
89905510880862646
89915166764770430
90003644590079160
90016303675245159
90043606316542215
90052461554672778
90204577158827871
90279295964479757
90298704483342140
90312051423260492
90317234987915327
90340076716882311
90357738977058036
90358130405092110
90418444886031072
90446742551389992
90462600146697799
90490395487117060
90533910067584430
90540808035018442
90559266629765227
90567317749310929
90599531795543649
90643351513667169
90658837625217375
90682391062343400
90757155613262610
90760597959804696
90800700122719893
90865230252480108
90948238771697645
90951100791860970
90951366092336410
90960578408778327
91025159193790104
91044608797166753
91207499124590034
91213381360759068
91322446620711068
91367336689677852
91379234742517899
91446882082362490
91470824810756614
91523000626774034
91533194113355981
91533216522385208
91539491745732354
91571616364850084
91632355603755166
91650450588693592
91664907715302584
91666196299013144
91757718080134607
91799705965539097
91819752526142833
91843619569060483
91845496614695794
91848734337746246
91868815454644584
91908203103440564
91925414124366336
91966363933170705
91971165348001769

