100
8 2 2 1 256 256 128 512 128 32 256 4 512 128 64 1 64 256 256 128 4 512 512 32 1 32 32 128 8 1024 1024 256 16 2 128 32 8 4 4 128 1 32 512 32 4 512 128 128 1 512 8 512 1 128 1024 4 256 8 64 128 2 32 16 4 4 32 4 4 512 256 16 8 256 64 128 128 256 256 16 4 256 512 256 16 512 8 16 1024 4 1024 1 32 2 64 64 1024 256 4 512 128
100
2
1 69 97 32
1 7 17 2
1 69 93 4
2
1 24 84 128
1 76 82 512
2
1 50 68 32
1 77 85 4
1 72 73 1024
1 71 78 128
2
1 43 99 2
2
1 96 99 16
2
1 43 75 2
1 52 86 64
2
1 41 50 32
1 79 85 8
1 59 100 4
1 90 91 64
1 59 68 32
2
1 51 51 64
2
1 39 86 16
2
1 97 99 4
1 63 74 128
1 59 65 256
1 69 89 32
2
1 93 98 256
2
1 63 88 256
1 22 52 256
1 77 84 1
2
1 43 69 1
2
1 47 85 512
2
1 37 65 32
2
1 86 98 4
1 50 91 32
1 30 38 512
2
1 27 64 2
2
1 45 50 64
1 15 83 4
2
1 49 76 32
2
1 25 45 4
1 19 34 128
1 56 64 32
2
1 3 48 4
1 31 94 512
2
1 84 86 4
2
1 27 73 4
2
1 9 58 128
1 68 97 8
1 27 27 16
1 35 59 2
1 99 99 64
2
1 58 94 256
2
1 19 74 32
2
1 53 80 32
1 26 34 4
1 31 33 8
2
1 79 93 512
1 7 29 256
1 6 61 16
2
1 31 78 64
2
1 65 94 4
2
1 45 52 8
1 56 65 1
2
1 20 56 1
2
1 62 66 512
2
1 61 95 512
1 17 85 1024
