49963526771202
60484962314647
116530405778962
148530915924967
181157153824458
189906507082842
192507831176442
202234765782697
207124785268324
222177774180544
225553765077235
232968381498775
236213892796923
251692268239679
259260266048867
329662354979569
405995626566201
411357092440653
430281689427151
430375089327955
432973473455102
495790677723823
498318218944173
499636828105623
522365205176549
530306045037276
541001052249094
546651865116166
587612894626414
615836346333046
631095182360846
631297569273233
659244180189555
680351764590117
696332535740582
723651616445114
725119320286949
730510444816074
736362845321265
757996680061377
767443814295631
786879118183055
791359681948502
831065783706852
831146777518715
840862404306693
896234193581311
925527167088895
928829960619525
967267127234880
1000698792946188
1000798613610012
1010738491022884
1087405931568888
1092951499470035
1121947190117641
1169547892612320
1174149634880820
1183729808125476
1239204555686056
1259910815952583
1342939966482867
1347651285958717
1359924928433251
1456347187829496
1457892745108744
1468784688971696
1488572923296338
1507174263570448
1596133205712818
1639028233798761
1647976292520777
1686740508461960
1722138329243824
1729164972754765
1738814906434627
1744037620510307
1756261945654627
1780559320015237
1780674749115493
1787241999843742
1801394463609671
1804472103335279
1809819861681275
1826209198618787
1848847401165690
1855676672424058
1938729551113764
1939072641615848
1939590813906517
1957288876571927
2002865955924491
2004252616937042
2092867988652659
2101361384459261
2126460854726410
2134106315995434
2140606560529159
2192574318291705
2203838119476440
2212605211234280
2222191197025804
2222462331691260
2225506036940000
2263891528789798
2288881217429938
2292635335972216
2336583114058258
2336757463858141
2373788246551870
2407583901346840
2492827370449531
2539160877099818
2642723987606254
2720848270713447
2721237721278583
2725045053853348
2736558143158827
2736726377123857
2761553835497983
2795946941758243
2819109190569225
2934848619359695
2938017947186098
2961702186819193
2969473506378305
2992868763881027
3046858718047940
3059682566585300
3060105896617340
3085967558797399
3135941937638433
3139771607194562
3170679786284482
3189302156476132
3213005435395148
3245824426990844
3247372153486116
3252760026871716
3271025283870990
3279803203783900
3402148250894043
3410651522823510
3422801673665832
3440861786395288
3488543417840269
3501167754218715
3518294357801915
3551550895486226
3560268639517850
3561371995968746
3569650006747157
3599347750400695
3607976739197863
3739572489644337
3744684457589577
3749239944303623
3789200380293789
3799654233252899
3839512444457974
3905045240492500
3912054358677599
3924053773569442
4069377794432961
4072208218924766
4084345344300892
4099178444509862
4116141008787088
4125308302205176
4128826736464843
4151156537821364
4157304985556695
4194120403609735
4215400997293743
4253474139736380
4272545207353768
4280661026559718
4294288465216243
4303245965151589
4322149637183365
4418937741875547
4460195193203455
4496465169664906
4508361938446928
4534976784737854
4563696597224050
4604561039616933
4605658392794378
4605665030143037
4664375160047454
4666088599223823
4702407887115348
4702697261745732
4707664412698272
4718258979051003
4767582750906416
4767833542418413
4846721827231642
4900473505950147
4914596618541271
4916176521261121
4920276402551395
4936804150771882
4984011404116878
4991962120263123
5010404654430743
5097043366910586
5142893182794627
5175342601328187
5182002128149185
5200169928797228
5326358397055608
5367227145559576
5386304220467076
5408174870997402
5418917775493402
5428731788130796
5437897504660735
5438581708355295
5454416016631024
5455124148958990
5462960477147164
5463743036565686
5504173710222266
5505285263585573
5507485714779859
5509818457503643
5521814336468823
5523745400653783
5557401354292405
5589108420057238
5592261018560032
5656573043058487
5755104757594249
5760660976578709
5791092233280938
5791593366091274
5862846141655649
5928187008321546
5940097243689120
5987693574314638
6112562674681810
6136041224822374
6143807829308168
6146477310818358
6164046161938689
6173261483462979
6175930410736242
6196913002207200
6299203646688571
6303766755672307
6319097439086149
6470341411061881
6597343539104414
6601676740821410
6623566108342106
6626927780493560
6638119174110860
6648667116348352
6663646316328276
6690145824442187
6737488640933421
6812172993496438
6821822467949290
6825172302290502
6852074363449110
6921436749781161
6927576761333341
6931985688736081
6942408178219873
6947658581790758
7005965879888290
7007348707684302
7030737523640842
7039944281810250
7058618962053004
7078921126086337
7091136788987546
7098981480980716
7255685165535845
7270426555753893
7286148016904967
7291951579526651
7373905184426679
7384142502832370
7393697433855124
7396756298768326
7399159626670938
7411589560966401
7443805121556887
7463916011880955
7484565041932570
7486021538695768
7495083463545952
7503466834218637
7511206804328908
7526247561036865
7528397014512623
7534897297182623
7681948729385926
7731719567345288
7736957176685285
7748620288064120
7748739204014042
7749686633678027
7778117866160022
7814136515886500
7866982306742125
7876050926731452
7896143659377628
7943855226189862
7964797238515916
7965714161378252
7968375592022752
8036346744814759
8043948985103579
8061409826424726
8090177550604550
8119739312187931
8169856555495447
8195173300292017
8198964262410932
8203317341600082
8212682582890630
8226343042050020
8265186497976017
8279924660845495
8294721889583014
8315848332550939
8327448454417738
8327698840612248
8404942121677913
8410733028253913
8431599029897782
8463910067022697
8481471895846097
8485652822355729
8561394436402201
8563074468156007
8578563704406067
8579461947575113
8597201673403171
8610933008613053
8677404384211205
8700572870520825
8706946515956499
8713439313901374
8727283526276579
8770159126844649
8793530136671430
8801262355349182
8807301771368448
8815569207043025
8816165361769938
8816171397416953
8858476260976167
8873204727496615
8892945295885425
8894318944133225
8909443930014461
8941631263133860
8997032829927808
9010084044591652
9108776969029772
9108816659673924
9131875704457846
9141132702427626
9218335084747546
9219302942488206
9239917253534731
9275084567556766
9275371467648514
9275665539803789
9276613783842948
9292588059061806
9293289633293311
9359433748653346
9365638866572746
9366777980947396
9368894137168714
9378983996168630
9440797012830374
9473232493340649
9477338741693469
9478269603834561
9487283328729153
9539303703903873
9551199818774573
9551493605803617
9570684894741132
9594648397761009
9602591678998219
9637413421020917
9786239540194088
9835765779039985
9836466644712313
9883504748334221
9922709528052387
9944750787281348
9987036311113314
10013862260124152
10014217487104819
10107640725453583
10108475557418433
10125683960142262
10201520685412858
10218280335766154
10255842785121344
10286492810749910
10349066882317638
10450453389276424
10482947854454589
10485698699701907
10501386687447839
10527827322075495
10562392606512000
10577055326992512
10578282808787427
10593742114154440
10604171176884190
10609341905828714
10619201501921472
10657166383308143
10662546055569983
10685187801697180
10685224775963859
10734887222472170
10755436641661182
10763905380531942
10791493363431955
10837699203997839
10842340005724722
10846521251804612
10900462188379334
10901159197192713
10905187572107493
10937193950897002
10959221936639404
10985404278366714
10987494614326208
11003343418976544
11007209803392817
11053973542967695
11059811607341918
11073637885927478
11089516707629156
11089821025955352
11093707375648690
11100358727088388
11100583931629304
11128361783926232
11185000068465208
11195977059188347
11217580646093512
11231908276028269
11247148052024499
11269369063803706
11288408782097042
11295311634601040
11348498505946913
11351512151818433
11444351452484079
11454612983375459
11494823393616456
11507061438272784
11511885190908804
11537024391000044
11547566258267951
11558095019495408
11558412049623242
11563835581298570
11563940036820554
11565075268830326
11601602793202883
11604680881701445
11635459426310683
11692869264802943
11697370932957193
11709179089867657
11762192240823388
11764288987822766
11774142122997059
11775942143988499
11777001019424827
11836428514463723
11840128607853209
11860385259846359
11974905080501423
12060588560283982
12075428045105848
12075534890840350
12119068961356040
12131261093875544
12142073359801078
12166354333016206
12263738172120593
12267754994794721
12269715442083689
12271928690057659
12336977852003990
12449122935310503
12477035781816990
12483727043117113
12488577166224507
12496107140724250
12506701223195794
12550259613810606
12556608306605082
12635653470654669
12696772427949151
12699662721322816
12746790812148886
12772230693586954
12780998275064598
12782715891479334
12794040598069834
12799861733483584
12805850651028792
12830539466185452
12856317873944419
12867043943267591
12888899972375924
12894105148837166
12949045475167494
12949831148889480
12950050290566360
12971187489946096
13026378049575772
13068493574056609
13078255604887623
13134506304848259
13146843966686619
13189867738591812
13197082034126692
13205614137756784
13208430645952256
13230505387932710
13238960168228948
13278495137788772
13315578616527476
13316317916357789
13362980215950577
13373684529274743
13379891124513613
13389470126329624
13407997804588294
13479695852483347
13494976053996765
13521212121798684
13523486449451124
13556643816388793
13559055362259513
13571052321889915
13598192377775725
13600997882999495
13613885645117093
13671188769389406
13767104965219935
13772057675443920
13774861626939102
13852934357487779
13852961626024823
13855489405629879
13885596690162677
13894187663592266
13935027409132711
14022154165923648
14122774575931780
14192514474020895
14227784022790959
14239739152836557
14273553022107185
14301044868011009
14337333704498601
14337921388851038
14357777246493477
14359025730672938
14366656186826178
14381582177426102
14396429617299321
14407634506178742
14412463601771442
14427762558466102
14466556672842750
14486552015669781
14557153430498162
14604822615940978
14610775814893600
14655939413341191
14669712051326547
14724036290055048
14729370729999298
14731038578628440
14852985660404488
14854583175274868
14894995909750016
14923244707981711
14996392405018757
15021177789521537
15021339058206889
15036491570040155
15081857480915180
15100580994824608
15134197763751552
15173044516856056
15207950994554698
15210757733880371
15328058342163626
15350094895136030
15391308705253862
15393032570665094
15432374101575204
15468672645647038
15594077704185493
15612597949506741
15612602267488541
15636294726209381
15741333201731247
15744521351842271
15770132998014915
15782039377367835
15782883713987985
15835521476565145
15841043944461183
15867176723193954
15871226724218044
15879114495351736
15881455777390066
15938412127802409
15945737192323322
15952498103171429
15986651851683345
15994327256464665
16008081313080654
16009964633679913
16020669882861987
16026444871478090
16027783571363960
16089510823743809
16099272358113823
16173062070469677
16200357641722876
16228240970974340
16266300139631640
16310766689098212
16313287434867719
16314415886043065
16340078080989237
16376429201782817
16436828207829512
16443301568960712
16501930175691366
16579098884297222
16657269720410257
16672906555325632
16676004264698191
16676140335886350
16689595468503473
16689957736326593
16720927596547658
16734121983522966
16734868707376983
16761725969388313
16855062716406172
16857427689900908
16869459516779350
16897517892595660
16914432409036768
16916883377716288
16923823855905348
16978309380553625
16978604743265915
17035983589959103
17054865437172601
17107331164189575
17121047874701895
17130872011991369
17149045548370367
17151811300066617
17230713274850040
17258291481685470
17264025812247647
17288766390399902
17299097159295814
17314174104638958
17324765579080454
17342943721629944
17423648784785869
17450766271950862
17483970110646872
17491530737620946
17550185468793081
17625500772827634
17628717395628494
17647886796405638
17709751138459120
17765661287976079
17815423359040096
17837576579576364
17851688461528144
17853899408666440
17893008372138035
17895646719118215
17903237977062383
17904080390053013
17935086157699283
17992066305968613
17994910624559343
18072443351603379
18149366675139159
18409465342522116
18484459767254388
18588860690768232
18591572592664232
18620973294504670
18695097770814455
18696633446263593
18699066637850601
18700496291077731
18703647277686101
18707792006526037
18732972031083816
18739374538793851
18742154664998591
18750197080231484
18812416658342287
18813992367420412
18826972511001344
18827773594558082
18834897698130778
18876482561650060
18880572972616450
18909020188061540
18934001916033749
18948884183504591
18980617817280744
18986012996551513
19065103696570339
19075343883659785
19084547289609665
19116811348746997
19161254906310357
19220301160828167
19258666769029376
19268352626179345
19305241971494657
19316744828484281
19324883105295624
19325540800009128
19327190576564888
19350461021946744
19381326547909118
19386464464107614
19436774706502301
19499691768555251
19524262508732549
19543462275374078
19572668384790512
19573071330511055
19574118839249315
19580132377192119
19600686018475396
19624687295662366
19641727351509390
19661351980273522
19665125006408626
19669148244123017
19697226791310741
19713243373097121
19756756793914004
19757006356150378
19776946006221713
19799962147415081
19844377391281949
19845865775739824
19858097893705740
19890097693494124
19893840799284724
19932354193468113
19955028208914320
19955718204568928
19965743021480399
19997958774136927
20035742893824752
20097829351345451
20099056750343793
20105576466964442
20160131700904770
20186039989915425
20219924382662974
20265752517652714
20316443751345922
20346645894966350
20348446183961190
20439073023764396
20448599521390096
20449905320350470
20460020827130260
20475628433422460
20513357438953260
20524943538512490
20526617870561002
20531126052662917
20560944881538029
20571263986402979
20634047427706730
20648688894449143
20680561808330500
20742878567438680
20745573516549400
20757182439361723
20784077648460184
20798427411737059
20847804620183651
20866377640169333
20870327505057563
20873436969245757
20875591331966642
20885754313424341
20902148493296284
20976606742807444
20977458601841644
21025125882851146
21089426984074304
21089948244491044
21095547605507496
21095713778608681
21097599908177669
21166621393558031
21213745334507320
21306131156505261
21355207788270981
21464408361152632
21470938169892168
21561877913881186
21569636828986994
21594124909848947
21616412430499307
21616610938195562
21622427225242871
21633762887179113
21641179589041822
21656186840059538
21693286509185644
21708296480486456
21710906041527149
21719656362954299
21732615236940651
21740334454429914
21745518510607209
21748369144241953
21756173922047345
21790911368451995
21790921743310117
21817328940984387
21830550344446515
21852878793204711
21944628408756295
22011668185911539
22012382118604609
22036442456758329
22078731198718439
22111064106893582
22125412901082367
22161661808140132
22165900145872020
22173566802695898
22195127008493938
22210981393412225
22235356146699425
22240024645300975
22248408203076781
22263181249776517
22278815238961882
22311329025931183
22326748423110331
22377799002087910
22378635941880016
22514492363683411
22560044651009981
22592854574610281
22602971927179083
22636333150775149
22637410278163189
22649156426090649
22671291961396864
22730188653992984
22777420315356343
22799281711152183
22841447809149304
22853855165152331
22855418199074207
22870120074978353
22903302984734662
22916463764813429
22917294547062189
22919969539881492
22925993933445939
22935297372192290
22961789690206190
22963820926738190
23053498431386892
23091321881948272
23100067122246222
23129224397812989
23149513618698189
23223515828685513
23234001946383228
23261338534043760
23261539550187880
23302081173033843
23336719816933365
23384011747215084
23394874879562232
23403156931506957
23417668383107800
23528112005211596
23528112273348449
23529304978860577
23545098125625449
23547317274656774
23577765655496959
23638541471406803
23639738961070413
23641665390684885
23674702486509169
23810839105605524
23812191098651850
23850089146492314
23913210684841878
23940850717030548
24060443459900969
24066934486469010
24088101125508545
24111051188840117
24111894872318881
24122060526423137
24178695662287347
24191158918189518
24218716954918784
24281795206835005
24351951391929543
24365994889128055
24382478056462391
24384057360887975
24384828309687011
24422562481997648
24441125090600651
24454250842170816
24490187469051792
24490330570328509
24516710221742983
24555156405393082
24560622956233336
24617054730062520
24625000881330120
24712289890019818
24734068708248067
24763889205900469
24771022453298981
24827583243654255
24875849241713583
24879923356858083
24924104228502453
24989626478691773
24995923498104869
25000417010773316
25014793729285891
25039912840797051
25054393605111353
25084925421076268
25121183421234658
25121807035899346
25123677363424542
25126770318658899
25147798819020483
25159044469849693
25170230069012473
25173561290941849
25195362740559337
25199714938468891
25212326164531031
25212513746761754
25212899652165397
25229654668748328
25268460775499750
25277671698731219
25297915803633633
25299960448123625
25315623620374456
25336228465974977
25349435291615121
25376942701854241
25382060546601294
25438736806548030
25439371833588273
25454545450745333
25464446197789955
25466511041681391
25473184435456494
25500410224168430
25501209782956888
25501827014899348
25530121309130369
25541381943498149
25575549229707085
25589186483185285
25630557998370015
25631328511560859
25656481076471750
25658825522515214
25663586547120926
25708587763846631
25711667622113840
25718923961745058
25784270772593513
25784417507240701
25797396631313663
25808419328896429
25809582109811940
25828037064664075
25866553825761435
25873195474875984
25886128486584152
25906728595894434
25967231391348783
26084655367383170
26157984947667572
26160115498775756
26238346536244666
26245520008822786
26258009026958387
26293063243038083
26320647731986706
26333009696587360
26341393021441137
26357404571265827
26358931402707962
26370881202594878
26397792370182768
26434681282039821
26435068396911251
26536322449618025
26553578475447968
26566798676590035
26622821408660949
26703302467226313
26704254801908655
26708983282453816
26709731137746916
26725456451300150
26732796441554180
26733642909511812
26770965512027430
26786083409730105
26823794503510617
26878476940312138
26919932216814832
26928424329126034
26964160324251520
26969332484396452
26969451240019312
27002822915502990
27031419154631530
27100182441696414
27125591168295340
27141424432912394
27198849027386222
27236560002734104
27277399382475103
27277921514781743
27306988642774074
27316952733603276
27346835928218228
27376345717423768
27406489220531419
27407803350528403
27410950505788435
27429561108803111
27462470376153517
27463613071052668
27497851945903678
27545107812367702
27613410093630470
27615089834973464
27620507969328353
27658288242843355
27664859327984399
27672494974841697
27678387272251332
27695099322721034
27752644107147794
27785317200691039
27792969424883583
27850283377716708
27867632705576082
27893682300557646
27906846761949696
27914348365346892
27948665310437758
27960717851097671
27961081270612119
27979208231072029
28024592643941125
28078275335310033
28110561317063103
28149377573970435
28183255725942010
28208942580286407
28263238728313299
28275610551652458
28335928811760380
28343253282559445
28393666119005375
28437035826561739
28462543727027716
28490311538552716
28531876385518729
28548834409794207
28552302067452707
28561104172803022
28605148129397645
28633422396942725
28668936755299709
28670291985272839
28696262054213718
28705861486494877
28747801240821394
28792856940616155
28798095306314735
28821328723734921
28825000712530613
28859665735568737
28871748065635309
28888546416420601
28895052394854444
28901096997698164
28918077226971897
28959135110652429
28979466346944625
28981238155397715
29004465016941597
29021716337253149
29023491709221968
29026833895735176
29027142797346172
29032008703100872
29032352249518632
29036266540273898
29046699771848488
29048001474508465
29062306351232785
29075420656430094
29095235712923888
29126015787644546
29152489088395824
29196950799103448
29210404288286138
29222958840762722
29273745089483127
29289248253736901
29372135371138941
29408476374831057
29461528850557891
29508697875301846
29510589756605366
29590216814860894
29590599490066765
29596604273364565
29605430525630580
29647515997311424
29669108447253480
29698745090957238
29711864794042818
29735528736354858
29749811245484215
29762146935614499
29765241594257023
29783189568565074
29790118423407705
29801236050762631
29808955039364603
29811614461746065
29826278086994878
29857616915187192
29858727023848842
29983001154301574
30015229559199362
30017033320293484
30065923399203358
30110505598899894
30123418527625935
30123749511427134
30134142936585584
30147861949746149
30153053144873813
30197536167191768
30215776455144724
30226156942047111
30226340981282584
30245922879627664
30264832948899901
30288505938272901
30301603882357106
30305849051272142
30316302286674864
30316338930552189
30322021591295380
30338418279452182
30359061133719842
30363508364286712
30419013393439736
30423550837076736
30432027304407516
30458036073338304
30458672662760872
30474055988758587
30495125880510029
30584126492500406
30584378496207266
30691449051241435
30698055192915589
30766016105281284
30838905197884749
30851036826341874
30853942294468974
30898384975787506
30944429384840077
30959043636429572
30970749237882191
30982135588617869
31013030196388763
31028105238918761
31034113114682714
31036094209277744
31036449646747744
31072029177742405
31076372100937000
31088730394625328
31122260232514373
31128671292705518
31129938312779690
31130582936732290
31136342416165866
31150032089561076
31153227910446938
31183502327642183
31185353282087943
31234512931677315
31262487113108286
31294115504678866
31300384913521966
31301053421090591
31321695695081997
31406242181400870
31412684480085638
31421581099286494
31434502637546068
31494816205812855
31533956987273323
31584664600319544
31608341106356190
31609131837171585
31670859351455860
31673857549149032
31682105644416191
31795971744365248
31827303218209238
31827553227642788
31835985485713058
31850284382449876
31904112672567902
31905368198527022
31940024609288268
31941953470420998
31954033746037121
31961382249841375
31979450923314012
32017699181263160
32029236058704844
32086231043014644
32124693295076569
32126032243657659
32239674490573483
32253599096686546
32298920158769028
32319005703940368
32320747761226260
32373355398910870
32391797782253322
32397271116624237
32484477791675082
32485235564665308
32493371793447301
32509643478043368
32568189908483980
32572137624396265
32651346852277401
32669854786880961
32811839927836229
32855948891283806
32862949875279851
32886973389332587
32920810339511039
32927555670418079
32932447693501093
32933744943183177
32958182539301077
32973853749367237
32974217718790091
32974427289829171
33052080364146620
33082008141331645
33088396037641486
33252534232077450
33266280861533848
33279877955239583
33364919251932382
33367638485199600
33389446480861156
33409696612430354
33424962149256152
33501819684267465
33559542014271734
33560620794658658
33563794801371188
33579864072967280
33582330012343354
33589477833770303
33611556407491763
33612690222764351
33657645212777166
33667350539672958
33696065037825003
33714864304220951
33829132567979504
33835335570195788
33854799252379901
33857533709401730
33878320451958775
33879270578680022
33893529385093796
33938523792010368
33940405187615918
33978697418745702
33983564175227466
34034033229016214
34059616063846190
34081297883545358
34200389330506891
34200445533770410
34281122263485971
34301743887768327
34316484716433945
34317179255403127
34319575234923895
34360857062470785
34365097157277271
34421132435979877
34438936182507509
34457212639217765
34466176026963565
34503275008346437
34518476646614227
34538360231717675
34543150876834080
34546644201051607
34579636227362037
34584909969643165
34601269127888879
34607816699254459
34649817626611934
34650003012026110
34709869513796284
34714955248207471
34725626108998191
34725844669891363
34732663448746859
34754037331652241
34784935454326847
34794046489727162
34829863587171362
34853805588072562
34869541157313952
34908049997264457
34908313274849385
34918361881852151
34967514448519886
34971010059080979
34971966680693345
34992976213956020
35036770806323398
35048795819243828
35132040633546862
35160959966214964
35203501133072624
35212084583015272
35224478320812932
35235740655588503
35246197763814295
35337312160698856
35337391299540168
35338830511214328
35352697867218578
35355151453165511
35356409728213311
35384863108774962
35413931526317976
35415065669916392
35421504802378556
35436409785339920
35473040244479108
35480432634748125
35496310262843870
35498172339084068
35502476790347408
35503316847274988
35508296891548930
35552806402630739
35569120430759523
35589792297528677
35598983775199193
35602144565017991
35622158513686331
35629434767480924
35631074583141212
35651556216681249
35653334519422137
35658637820575847
35659039756751033
35664281582589561
35666237892137303
35684613406688367
35685833817331950
35752507529657730
35756515044514914
35765510876987407
35786114912673508
35807751253845030
35813779758953392
35857676220263377
35866255149683849
35880360277129940
35886169369150736
35886777206943968
35900007742197824
35905080234651074
35912170465192650
35935268534644631
35946164103014291
35961515242591387
35986260790012567
36006863386229679
36098354336637095
36108065168103690
36111410708887492
36138884297486088
36198856314652491
36251742372348950
36294730109794886
36343212160716537
36353748976105376
36422158777431969
36447197117111894
36452054681695391
36453324185394350
36482887662080906
36527527911952462
36528586304595196
36533962067878042
36542339519350999
36548754082702341
36555336665909859
36559036734234208
36621744032039080
36730358775739764
36730537091736326
36779494759529268
36906072302522344
36910656773519435
36925896786568175
36928170799036472
36942167547926708
36943171673309360
36952750857048730
37049373431719149
37057268053678344
37067631017253142
37094418183525584
37106633106882129
37116976148736951
37126485361051700
37146978514176116
37213377480771583
37246264426805727
37253176496160645
37257263730068445
37327614251114443
37328301629683747
37345571293027790
37371086740075394
37371597182062399
37376779943769023
37465007874382418
37479058447134622
37577468217432950
37580070599171270
37580677999744900
37591996709532715
37593112714710052
37664897229604080
37694060808967745
37722161132098104
37743156559595270
37770511118900336
37805100347068027
37830929878761595
37861182546405922
37869321681319786
37874445150129592
37897618217552951
37907309709385831
37945684305744648
37950764702145184
37956005967582474
37961135438035284
37966383647614974
38012276323117794
38025013915539410
38066117898105716
38082981295690933
38158200994760469
38160211783347704
38162422640865046
38255034677081614
38257035881302847
38332275090688953
38380112278907193
38400545866721576
38421615502842228
38422839134788928
38424317048756857
38434793205187377
38502458307241921
38534869252977659
38572548065568295
38587583516775995
38629803173447873
38678775639942921
38692284008816322
38749464528221632
38750670455441458
38754859277415802
38759914615954564
38761355239107372
38816172127649916
38884316760525666
39014195917905289
39021215432126161
39075683016054795
39326507022943660
39356898771252143
39418967884031779
39420264137132119
39439548205951525
39468776742223457
39500179476392705
39510594691451673
39511118585675473
39513116184670693
39513116861590711
39545076859182896
39673183387876179
39673528742457819
39674337302526709
39675445286555614
39684945681972146
39720628143544795
39816825050442502
39818754826139842
39836744418312412
39866948755707300
39877903557861110
39942630597765424
39944553387978466
39947316084294349
39971078619200077
40063910359622451
40080516658559952
40102669860754968
40120624142022696
40155770484034158
40189405154270450
40257280296521667
40334185601526349
40344503861876308
40358678131069991
40359914012194688
40360344999952320
40445250694160182
40450625747276179
40474818683535775
40484809208836300
40569835781342973
40600084930930833
40604447363835126
40616373846018630
40692884877887641
40715551572573471
40718440039586370
40722034470631980
40722759939813324
40727502617942477
40750682986643153
40750800322826403
40810095012360961
40819670133278572
40820701152309617
40839972239472401
40845568721512977
40849582086033402
40860154129755754
40918962803624417
40945399171590860
40960197062923084
40967202161716905
40992384758437164
40996208831828358
41009294647639778
41014528329271625
41033926666740233
41049704418472080
41055150980786232
41083069415409589
41084140196906545
41178007068755512
41218564700107926
41221054233643338
41233509191685917
41247387389859512
41252040834414999
41292363968697475
41313776104701580
41376589667742656
41379375191579735
41383801249136159
41404218365547303
41404908716383093
41440203656271250
41494146183981289
41574908732234324
41615682994140914
41648901736223594
41649813786772809
41688693319886874
41701542139209242
41703590688212528
41735072737796730
41738079116924859
41747474010795391
41765422071995707
41835238432999773
41894110610853004
41934836423062510
41969449675358417
41972655014677719
41999502741082957
42016506238921888
42037382377002386
42045857534033505
42046777354958316
42096674702717172
42104546431153050
42116697056191878
42134464290972146
42148327558958608
42159413568177567
42222886588827605
42244493515750904
42244904617461797
42247204260918395
42271599643830048
42387132521284206
42389103356665920
42391839024890955
42392020820856647
42397270916314541
42414693522779425
42450955946329954
42454142343232552
42494431874108247
42501655184266727
42515275058093015
42521437869735499
42610831357675895
42618159175978515
42618222869178150
42706872011707430
42769720878907550
42789936142440086
42798190580098319
42828669610278483
42855764870304112
42865438763399140
42865549744565590
42908589762104303
42923248220223255
42926307305413557
42931148081081889
42967395510954193
42996073820132578
43014551715194555
43047718280860687
43121318029520332
43181211312154591
43187594013218341
43187757685029973
43273974014765737
43286562073240033
43332646270490114
43428457132840799
43445843638265308
43450009653635284
43474146943131385
43501157655092865
43506448098524640
43538129497627664
43633356776331150
43634284758801495
43750052030425024
43751685773859508
43767391583956801
43777449645463987
43797598661509087
43911704420763869
43917425453528127
43956085205134778
44001910224670567
44003070051414341
44049581312025915
44085426940657815
44086362736267581
44086844365227064
44088835553903520
44094951446697669
44138446276593849
44176962719921741
44180683710394864
44200365131734914
44255956175064414
44299158343439848
44352655743493471
44362021030403044
44367649248326944
44388639519716406
44426235178661460
44426572672019310
44445626699903470
44472297354838398
44476679968183861
44495427925707436
44508754563999446
44515939707456826
44517473674229410
44528951550254998
44529548759909208
44557299162527108
44639363788041325
44653458334140805
44675243479493060
44676076344776100
44678464969718284
44694359473440694
44715283617684108
44717044128648726
44724692972351626
44770304684794568
44773834220095184
44779486818136206
44814829736391299
44829298054320601
44905084432805462
44924473736566142
45040079613701509
45062600018569824
45105042834953125
45105101093794062
45130267299107092
45130904776404054
45131510579428450
45150528558255115
45154926338629135
45211613280343125
45217797988323669
45245848329554760
45307615290835293
45309795644925445
45333568770908535
45351018328800555
45359621734231845
45370698080228077
45384131222755473
45384660970165899
45400202231910329
45400658669938334
45423419378267952
45443109527876046
45462734504482386
45491617205927434
45608454462012316
45620903781298121
45622899129199577
45640691255344491
45644765130612107
45662884210707083
45677190330315451
45691699598306185
45733436889315311
45746143866233652
45746318021718007
45751972209959436
45772098891496513
45789793821591199
45887574553610097
45894022075116670
45896835761607760
45984275821914031
46024947601213307
46065272685230048
46106975479603522
46139262217702162
46152621273508532
46179536699614440
46297416583541899
46336621110107134
46412646670915809
46412703262100199
46437665650441017
46535676504968359
46578549622298025
46599948861696435
46610736334700195
46611548334667625
46643708785380309
46649372424080301
46655361996102837
46669854117693342
46674049810199020
46737940432452625
46811741206622222
46885472603944546
46903804148961849
46915090005364311
46924947072325722
46967203138611712
46980373926567520
47015017921193410
47061932572836672
47063857149469532
47112575056174707
47136571013366765
47143263210358547
47181725201383583
47189197667035454
47195028571669802
47215231361079599
47231279948475885
47266855927341765
47345211054098043
47361151787979482
47362342197756446
47373225828345832
47437962668667158
47464143017573849
47482193947981741
47545745555477366
47645558425444828
47652006408084658
47652060861763954
47657574468092814
47660462232736886
47715020951037372
47759020626197608
47763000842129092
47765420142676976
47773415856420911
47773444293137961
47790296762006340
47801788403567806
47802439088912910
47909605267025029
47931953587106696
47943554162490587
48033855618389499
48057960245534524
48106749121943054
48168625395291768
48210153739631550
48289812207256026
48291114895379185
48300687614890930
48315067508866715
48319948328139914
48363862210022969
48372901455643624
48373545337227476
48464915325525857
48482805574244301
48506387088514292
48535732181142698
48624646845331451
48626323093252756
48687275573739178
48740603837469536
48774649932029078
48784367831303890
48804984480508549
48835160304937679
48835826564020994
48908054962855799
48922009853331027
48922955092703481
48923850021474271
48923994337435371
48968438982544767
48997769254389234
49019261457030727
49047436681657360
49088927127996160
49097857083238098
49100757855407216
49115791345706332
49132564304001485
49136378795565780
49170273523123158
49229189384212492
49235139064907512
49274381404934430
49286618118116431
49320036236673709
49327249162985538
49327909011170178
49335950317775861
49351381680542223
49361826019223545
49379246576799513
49387192334629404
49441395900003483
49455238343469385
49461295722088036
49541810743850884
49571000893207513
49571191844141919
49599477791756545
49602061302371531
49612628557245751
49654934941751461
49661426223671340
49667080279820952
49681476509565942
49740451504781587
49769858907880411
49770389451823633
49776096565585659
49781048121668875
49785311372966587
49785542585498943
49851739778351950
49889161286825364
49889416462921088
49974579587707732
50000375648815432
50002935364738148
50015216325389359
50017515848529898
50039554264233607
50044102996984903
50054327005122928
50078836010019880
50083950968260618
50085430992689683
50095134290114347
50097692711328523
50110400270021120
50111303230116836
50138288352122627
50139774283543109
50144824724582825
50156381917653612
50284632173738962
50357438237391816
50406233287253724
50470100199482652
50537201787739918
50577708161409115
50583928881163735
50602742680512922
50639597812163734
50709265965564431
50709266526837077
50711217276731102
50718082131033328
50782451505533978
50783538159270369
50799494475879988
50822676549739787
50838001141396611
50846933941357150
50877665218668833
50884859699629153
50897252477441181
50962234148541849
50962491865681057
50967836882105857
51017627132660059
51019201178446511
51029055887650370
51038696002158887
51078053060645443
51214883663537541
51277663589820569
51280177806900041
51281805085738464
51337195539533067
51364734898767951
51368699086350603
51417366192367973
51460722806073431
51485220652343853
51487062422373837
51541862529308062
51542143966497032
51637844330418757
51665079708613971
51725992564984531
51755644593939905
51795373488142435
51795422005374261
51805381819305699
51824527893037164
51881671055710712
51891917368779255
51925389460120300
51961700827311637
51971315755420605
51976867516004739
52071427220217226
52092485934990478
52103574031067458
52108453355220400
52171577227251859
52179014180913679
52210327761670589
52213982055296189
52233644519326755
52280518353435577
52311756102492709
52336544424298537
52358576919514917
52360005187643253
52435420180924271
52468694652302259
52475148992201848
52492068063835962
52504179286514395
52506044771213898
52535395247512608
52570900113322628
52586328917541734
52594837157356985
52663377870653623
52716323868039990
52717802702655642
52719879961387972
52728243563721966
52728678552996477
52752751743761271
52775916629009923
52776019117878670
52781019712507070
52791931133388711
52796309393928121
52851756421744962
52899763920688009
52929828474439197
52954936072250658
53097072754216002
53133186237449102
53144684226370972
53168595008798608
53195414910440848
53203910669002628
53256266663606660
53258517007182716
53267071127684293
53281808916775975
53314976747890842
53333317055672466
53336656056449814
53468055402839286
53471870035770938
53483570523659173
53517434074961449
53549535508536933
53574380679695877
53651057904332080
53673185711751964
53720854952789622
53732356188050176
53746155358624248
53750487823405708
53763227834945278
53771992031418016
53773615706986708
53782344427502644
53811618457667254
53813575078500922
53820643636354344
53893839113583764
53905663495793984
53914639188424268
53920031153298014
53970106571172207
53989495163759462
54013576592993612
54021407371093079
54021524870540581
54025828057311265
54033708594487681
54039552411861712
54052771716016689
54063033876102906
54081533907460407
54087267368524913
54096254902696210
54096369799447600
54136205407162164
54144833725557656
54148597311577976
54156486394830054
54157601515750544
54273919849493942
54293539864187253
54293679630716853
54404767262470450
54412211283859898
54428787857483010
54429947466938050
54430526246117875
54443294191955208
54447872520653328
54455498039800506
54461262474379266
54503462322682888
54504976946869561
54505277870671743
54547430474439039
54559581819353649
54582315485108703
54586724863521375
54628525149384579
54640775971227379
54650453527914100
54677589256675876
54678307642659400
54695994910812385
54717944103987969
54742519489144719
54750197865926789
54764216265610077
54824796371049397
54862399341408119
54901023832589016
54901083289285926
54905599989056838
54950882102769269
54980865426015454
54993303923131934
55131825433623679
55142893726527962
55222025874893771
55228311875445527
55247367072091205
55262650123375135
55270644216626995
55287895581504035
55349921907672848
55363291966797984
55492197792632485
55527969373234765
55602196565363311
55605128962585021
55609245846987651
55613220808383093
55616432984414217
55658443936839769
55744722965135329
55835858261620255
55845838189840374
55849981943932092
55887057886313216
55914227043992620
55998386845352667
56049083042830995
56111824402766234
56129055450412794
56167175941689570
56185480937506488
56201745177614417
56207599789503039
56259874088341535
56273944622824385
56280813559689287
56299908472273277
56311122494014764
56315403583628136
56322888672754365
56330842717548027
56333715826839679
56340319896623897
56366486307028991
56404236269611367
56447156205653337
56461473687794071
56492571449982883
56493074729367083
56540844885751627
56551002186406095
56565261316403213
56583580999956276
56643261484360457
56651933565043679
56728590747120782
56742110423349776
56790088870876907
56849415054247318
56877393935970105
56881044755907441
56894820611390560
56940738307134246
56954972814033606
56990559631827346
57020861815767517
57044754538481740
57046771428256610
57079074500684599
57080014239402673
57080035605869892
57093816863589729
57155232016603529
57170373751769254
57173358503639326
57187856213183731
57188114434154894
57188184259818494
57198051922618370
57229828965501828
57266265545633823
57309840798983810
57322576670733290
57338803051077265
57417923768009183
57427775714236594
57435652579255774
57443408053620448
57474232164783347
57474649539305753
57502905698600503
57513596086908855
57564442390927148
57596928724858052
57604137956220608
57632753016929449
57644529310804364
57692488833770908
57741672550958142
57746232513633520
57762331767735994
57773304066379373
57804343523505192
57837316400601008
57849132271129025
57857824447695952
57879110980198187
57902998347824778
57969478570393732
57985253650973107
58069563762325454
58159747522943050
58243846449174912
58250429050283184
58303816333211791
58311925009367721
58340865527892192
58348805251748294
58372686904215394
58376784705949275
58380861679189607
58422348416701571
58436804499982169
58445614541212021
58447596822300117
58459607994279436
58462586032847278
58531081628136753
58538366492041110
58560414928293192
58586939969653873
58605492877879956
58632006363844416
58694908910555546
58701036400605779
58770970623661257
58806228345316647
58829092206941781
58858871489942599
58894413446712976
58895737961633382
58912884354987462
58945406031660263
58954471685443721
58978354153243321
59001563705628691
59017829820031739
59017853436558787
59018209564073428
59118336657871111
59172136816889702
59183814986294455
59238532687826229
59300214873400959
59313353858069034
59320149714932290
59360686148309793
59478430548424941
59483572077621726
59503238845558759
59507906786307775
59516818349757039
59535873338721831
59604864313278951
59637300907713172
59637600743909204
59637910920194216
59642873367970020
59667248332149999
59680229152472567
59691466094831231
59697677962519231
59715805929908775
59719341303279540
59752993947923622
59780516095800322
59809352761732422
59821464308266818
59893410716810855
59901077297792120
59926308103565762
59952062626329530
59952551868348680
60003561195447784
60061543102605139
60074083990523728
60076618965284860
60077687217585041
60144692186119061
60151854118864763
60187195863622079
60210191092552159
60238665911506701
60306769778661363
60311563099196487
60372929600968636
60376133239445564
60411948313199076
60415283702847150
60470375279871400
60495636043584531
60531739372043661
60588106819583179
60597534084430971
60614887481779496
60621290303855696
60654188890744155
60682498602576255
60722945744850768
60729071740468368
60738036274232247
60774554144445401
60830432128578146
60892162180602819
60895025304463939
60895445781681146
60895603630221841
60952510864884514
60957834394014986
60968920081473786
61068552696318210
61124494430820618
61150889186729620
61163546719221700
61186971246222113
61194891674694465
61205082771354762
61237732870627578
61237790729024986
61239617983742136
61242106022710712
61248053784800792
61322940225831806
61322975329778651
61344945281778383
61345283791064564
61381103875850572
61390527584254996
61394113871272972
61466784846552510
61468538727234029
61484352386337898
61545727802763466
61571354796441844
61584704044656396
61625658282118662
61631103156295866
61754827246942084
61762851044904909
61772751726370195
61804676108681839
61820418432909531
61911880684451500
61978774362673234
62001934472456850
62003307945781080
62010477750003691
62030489137939876
62104282310250214
62121075378193254
62141487828357133
62153913693594205
62154936917452495
62158918038762475
62173627047349135
62174878942652335
62210776036906632
62229304282380728
62233142078904397
62238705269166477
62274772291216575
62336719602755175
62444266749623055
62462462637728023
62464313129752807
62468827453990293
62514359419066320
62529784776810720
62560136081183928
62564478477890714
62580958685536637
62608234390463421
62608260365841201
62623418964168145
62645289988260043
62659068964299823
62660229715596373
62694121065553504
62752843049300963
62754338284675663
62769046668370216
62814095856852338
62880571627095399
62913875395763608
62916334216041103
62931312756321941
62932736298024953
62936667499294076
62939237466490058
62943568098648098
62977159673690633
63065153747824398
63158154489704124
63188870346082937
63203997579264137
63209460402223985
63224885168951577
63225826542208792
63232044392189918
63283570452448661
63293540560092981
63293744416638965
63336525778832275
63337011747572785
63414995129382299
63423341164755419
63425827149301794
63481070058672145
63501622727386883
63553392314866658
63561534335749049
63594971811472554
63645009930078968
63668253900347348
63676409826970454
63703933518364026
63760922303666997
63809531828107446
63816268088720859
63828446312806914
63867487616033046
63879741083126042
63923303962963100
63923369424509280
63948487596271872
63969735104154847
63975851841940771
64020368972070419
64082550191867114
64104660394877968
64110799166092596
64152837471320810
64153042361284970
64160818178411138
64162757508309888
64255963769536800
64264029191207318
64264141454916144
64277572199844609
64281312962625774
64356337023588559
64361448428478459
64428678637974107
64430191605571937
64449352704132537
64453739923716955
64477653106420863
64489038646482323
64503955265601983
64516807087813064
64558917803365258
64587044119183576
64607896944322936
64612091822941776
64615236087603056
64665031993811031
64679997905456555
64762970040506839
64766420397892985
64779053692949301
64781820314758164
64802828933331420
64851776892874222
64895152415549542
64927922611858672
64948373552118928
64950950010908687
65114740000563618
65134315111866420
65147226325530080
65179729311152987
65207224165625533
65215977280174255
65273151246963207
65349731852166463
65398069198256865
65428076429525439
65431384813011919
65448903979957053
65504132853860702
65529140667934295
65553036934787083
65588977035617149
65604236818143277
65606772365197860
65608935797329475
65625930244947955
65634196696804709
65652040706528139
65668505154921099
65689265094122549
65742242035527813
65757613475059023
65758878914674859
65768755688427992
65810096880262613
65844445686663998
65845195688597934
65846629318556793
65854580147295549
65860214662614519
65860837499662194
65876399912925444
65907833814780884
65908831953287944
65939718766640252
66002359038318725
66030201228762725
66075387381557129
66076714480923893
66114097468589210
66162569203603068
66170031724927932
66195709008728718
66254023215701345
66257217507230669
66299249007878042
66304863056496518
66373954377921484
66376015881260267
66515826670464650
66529002028452710
66536516910454458
66545442928604490
66565910994156916
66571439964955444
66585300015286318
66589204220138137
66620657084500180
66626609180601700
66636050342325232
66710460671443018
66710806695917976
66745256794211035
66745326984575835
66824134254241714
66827180474600220
66828741226250454
66828973636159236
66853352486366716
66864467981616271
66875520224064119
66961296739043175
66961346351254755
67029053757972374
67044377953725963
67064212452929040
67081651063552832
67083880053271341
67127382223919806
67131483458167451
67140479237247173
67158250827145823
67162682705185952
67195885156580212
67213765641056131
67250868055674907
67267149126101920
67277587383002925
67313269705327205
67359330514540024
67371834615470762
67401441069369802
67461143566056584
67464759644498448
67491126121086513
67547789082419379
67589490560060211
67596378334954376
67650923286258119
67651952029964675
67678704536769323
67713570666734990
67763470738335353
67791941444869838
67824789790683374
67861655467347310
67949090294341507
67960017052135448
68009447196755787
68031747736416401
68078676772961241
68100021683745499
68103968531089125
68109819060484699
68196750119580375
68219599266216373
68224636239178564
68230863444268560
68234961582914833
68266324677481786
68320761687805601
68324101377459998
68324559955644398
68326455227435408
68347114777459670
68357981239646063
68452506926463409
68460433826110989
68470717076902109
68530636139509640
68531056118198738
68576175922807478
68663757056964397
68665389408321297
68697612973541530
68708703886763105
68713237368749620
68720775639713326
68763876173552821
68807332336780244
68835436297604847
68836356805494555
68846972690813247
68879464892167551
68891760574321318
68951313385054407
68972050537909921
68976374679874561
69003359346919477
69009155783437459
69060095882290409
69064530280060681
69066329946063841
69068137955039361
69088686101293881
69143327633067136
69159813129984674
69166769966797962
69167298216737920
69200152869020852
69220144418985430
69245720429097115
69256997913529147
69268206942537601
69295420221036879
69402547983738520
69450125417879776
69505985210524042
69554321571417387
69604735845000272
69618856241399670
69641435739008263
69658521322998439
69730884905588694
69736552704435354
69750126731188579
69772026682321650
69821079848130188
69827546490648744
69829279336131734
69835578463416254
69847898397059979
69898973384671539
69925534760194740
69936934655231787
70008008063289606
70064487727039751
70165657821456188
70185476188827600
70194916050621690
70203490432095168
70207669368373337
70213463907772445
70218444884197757
70248525306780242
70253347917949618
70265756857751977
70309385104854854
70313921068884878
70342585905435726
70345148005102638
70363123208712573
70393966629701697
70396507537080197
70407800582351457
70416561526666078
70428835565575890
70448526378311613
70448719678195218
70451229122865938
70496917681689209
70499019241113513
70500382661130109
70516939819825741
70540275565559671
70568781969829929
70571510501140959
70576100482000707
70589724999119955
70679111890447678
70704207657559393
70772694408936167
70791901742757887
70828275500339129
70842954042579882
70843119063683306
70851105793294446
70934036288078473
70936073085840425
70945193972386673
70946810543414423
70951009511129726
70985821266076006
71020168606831090
71021402870617160
71049739789553396
71100351196700426
71102411928000574
71145450871470642
71161168011819011
71169056185090836
71171965778691012
71172499026078102
71237964283917045
71239625913803120
71281844309054724
71319370217680810
71403134283991404
71482319904929714
71483009012165467
71525517503326627
71622247144160525
71699113323177876
71737418846912640
71752575279833264
71752593413321516
71777571326153914
71794873276613664
71844217222058789
71851844052028350
71855943794972796
71914554782070411
71923629606451995
71947851944512785
71972465409841705
71975822194710097
72006417618248103
72006694240948303
72026559055801491
72054078423870486
72092393695228536
72096006470943729
72160994226069409
72164531302436830
72165396803516152
72242136498674468
72246049651966898
72246589216407942
72367090044461644
72394154582777176
72411818130966610
72417902648907437
72429933783391955
72437670212714316
72440737054471198
72444611934911826
72502613572789851
72512388004711879
72583333308474540
72619547462341062
72625590736273245
72629444304923230
72649930981783440
72651140015996900
72697020490895503
72726851306924513
72770614483433782
72782842724739382
72834435986323316
72836260120005620
72871348228034305
72871856500147777
72875161620015967
72876426150039529
72941860700449916
72943636951780992
72944965304637325
72980758749340302
73031623099308651
73070957908243371
73071289107438087
73078626567693159
73139143573764071
73145901059499673
73162508304247455
73163140628313267
73163536077308187
73197000827854252
73200830861368123
73217971040379103
73227163180132583
73288578111967803
73289473511293308
73308585363025935
73333919991195950
73366710044689018
73373673336566798
73377115728548147
73454397200696058
73461482906068905
73484042593138960
73530249143839900
73569770518703272
73584900521961136
73611686171709350
73660772290296077
73792919035446169
73823553399157024
73839195433183490
73856859955597614
73899593973998689
73966146439989746
74045861403878701
74053379434777824
74109978401446880
74126030406520336
74174902410883290
74229277877934730
74239682009974234
74242048865548001
74321962209513594
74357651476629764
74456459381591945
74465515297524137
74495208438058071
74514437285866766
74517411461439030
74710665263443588
74718514827434395
74791675566539695
74832603068342995
74834057902814911
74839689903484411
74865842857389112
74875213919009550
74909479305290004
74923165048516047
74928579265096127
75011461317489383
75038593772013953
75198262658524402
75225228593189587
75242423218606435
75269730662107735
75269803339401375
75273216802751727
75287362972160007
75334851735037055
75338823181912759
75341632603454741
75388199731870212
75389653018820316
75425572179588286
75441159532827534
75470208904700340
75479748513564603
75483927947506803
75557780913075562
75619126331389140
75636044682211812
75665780905352215
75673988834368387
75697031306708552
75722457965061285
75746468138364515
75778913448404951
75803775668829461
75867404334606331
75887932381890731
75892168679599117
75928346815831575
76007648832876957
76118113356835553
76133695771297052
76214312439017132
76282814946029593
76285706668510198
76287867531646742
76291267897822352
76303362675053560
76324737272280528
76324922934118736
76385039611584950
76386863448375520
76424497351938169
76496131734631653
76499370756728033
76500880964844247
76502520132317947
76549357620925771
76574754440301334
76663016233064428
76672275139699462
76689984019130437
76690317923367497
76700048419855411
76803068732824932
76826442569100099
76832973740252499
76844004424041729
76882051721936521
76935420172078327
76964471673070795
76968501784575403
77002039340191932
77011654290777372
77011815040380107
77032529917084983
77041379497747229
77080445501024465
77089853881674399
77108293762444759
77201666697055379
77204361842221209
77231119254601937
77260853846208208
77272691998826349
77286282689050042
77301916571760250
77311897721292446
77330824941981309
77378280480339187
77381064822894025
77424266550290627
77490989625222093
77499644121663642
77601788997410328
77603104588804170
77702006594045883
77703368902222239
77717103514931244
77749375133112816
77755148488741584
77819714694921712
77854097700632084
77857377901339811
77893099165312289
77893451804865434
77915586346350578
77970167477403917
77986608952220097
78007327575943556
78040918723812228
78053753745571620
78075745236858881
78093115146204311
78101402362887059
78105662968817569
78182498212100389
78203041384881936
78229871450463606
78230538855903230
78239708503779014
78278014356706426
78280360329271520
78329132230530218
78395349994268501
78398722099518837
78408186243409170
78415572728427772
78415660768415203
78419826287113637
78429287910404926
78435689037365239
78446562877285169
78446948823230746
78446981385273802
78449101294928368
78452289072494334
78594898970242880
78606687957355328
78644081588968797
78649049622365469
78649923142327372
78663867190084219
78673666133830268
78716005404031640
78717253269722804
78721957241131401
78739609436954446
78740904240734102
78747775253021240
78755244068846816
78759804140437847
78771859749266996
78815191805026099
78855187576626838
78855269846855982
78857551648937800
78860183950622230
78867635064575436
78936172676951083
78963675721929005
78983229072105675
79052083055312417
79062104486877350
79089126987560822
79094891919912442
79095028648945034
79180874762324162
79192668093588520
79202043367534738
79250652404486096
79337677459995800
79339795453918735
79405056418225032
79464734749601008
79489918147281115
79628960121529641
79651753470115421
79655944298543820
79723104745789367
79897685758467429
79928990005870754
79933283297481949
79954833213809791
80011482285870895
80049577727449372
80065012253273388
80122123800184674
80122223987595444
80128939951895360
80140000362800630
80255334136546503
80261931714612989
80296746304030945
80300192204518675
80347614776360502
80361045441704672
80365029930273920
80412769695759552
80413400549007837
80413874575578227
80417593590484897
80432920141435983
80437022825319883
80449814047490293
80521819226517325
80521869347470592
80533074429403950
80556926340505664
80568506277336884
80580171342717106
80582633718255839
80592343800996107
80627789070492367
80679058669670767
80691589900330523
80697591484190298
80702865691962903
80727475684684010
80732761157876626
80749194462490456
80754708270885823
80754722827573342
80767454941239117
80795105574163962
80795442676891294
80870202674420074
80884576453531290
80912454798142472
80947963185384029
80980498726583954
80988085032833114
81066321090046910
81079538035277036
81133075561237382
81192912603663401
81228938868315894
81245004147517182
81285745670544366
81315364099844501
81341904103759595
81401285266341580
81434596515859409
81498302422384371
81690555301313703
81699187916035391
81760213430096836
81776009192850886
81809081313895253
81830938956710301
81883454482582709
81945698928677509
81994055721809199
82002731630708769
82018459344831559
82027956253755835
82049163616421687
82129888799594865
82155821962435178
82158893435671709
82167406709818268
82217894036784151
82221686477483632
82249402497151542
82254185389444812
82264920075124322
82268172417575441
82323529510280746
82368247204127503
82405432463111134
82405463628008754
82430503091664284
82456767938724638
82468360962610593
82562046792917942
82568219112990552
82624215755518016
82624811191804876
82634050472047335
82637919082543169
82654932794985860
82705424900502863
82733199073493158
82740929526716264
82747826206445004
82843168973574741
82898755219903751
82997429958884105
83040561663392525
83091658525377773
83101476970962239
83103905899236533
83104254283026573
83118261288920652
83131951691186807
83132140651436491
83132526087756532
83135263758167308
83177012554986786
83192644561518956
83232123956407188
83346783441579879
83348576936248449
83359081702589745
83367605264032108
83370858535904332
83372239785272793
83373091237710573
83412236448140969
83441438388860825
83534004763534301
83547157305226502
83553786276870611
83558360473416119
83563942907179543
83569743662825103
83579945416805652
83598958718333539
83610311108102716
83616576968832351
83658465081041569
83676640829299172
83708542879170802
83734395171757706
83820538360889054
83893245220827060
83930197365595331
83973847235383501
83996356717040781
84014742489015299
84082004799360316
84093327548697467
84103814652828244
84106097349431218
84107286156314682
84125836395141596
84126628927525580
84147172005887756
84165821337723581
84184065714845885
84185360986893014
84185481899756449
84198884843222122
84229040467761246
84276286251756216
84281436339870535
84282066776670409
84389760526343839
84409067718804337
84413382623995528
84418438720566097
84448859562915891
84485989960951706
84489494322784627
84497913085636552
84520274584164920
84523752809109135

