100
128 4 2 256 32 2 256 1024 4 4 4 4 32 16 2 256 512 16 4 8 4 256 1 32 512 1024 256 8 4 16 64 256 4 1 1024 8 16 2 1024 128 64 256 16 256 128 256 128 1 64 32 4 16 128 1 1024 64 512 1 1 32 512 4 512 4 4 16 16 64 512 64 4 512 2 8 128 1 4 256 32 256 1024 128 1024 1024 8 8 32 128 1024 128 8 64 32 256 512 1024 16 1024 8 1
100
2
1 98 100 1024
2
1 66 79 16
2
1 71 82 4
2
1 16 93 256
2
1 20 52 64
1 73 96 1
2
1 92 97 64
1 70 93 1
1 33 45 16
1 18 96 1024
1 57 72 64
2
1 22 63 128
1 80 95 8
1 56 94 256
2
1 85 94 16
1 49 96 256
1 25 92 128
1 4 84 512
1 34 60 4
2
1 70 76 16
2
1 88 95 4
2
1 54 61 8
2
1 37 50 1
1 73 96 1
2
1 10 74 32
2
1 65 87 256
2
1 16 72 128
2
1 70 82 32
2
1 83 95 64
1 72 72 16
1 60 98 256
2
1 90 92 128
1 47 80 1
2
1 52 73 512
1 64 79 1024
2
1 53 99 1024
1 82 94 16
1 99 99 512
1 45 61 64
2
1 60 76 128
1 60 92 1
2
1 96 100 64
1 46 50 1024
2
1 22 86 4
1 52 92 16
2
1 68 81 8
2
1 9 18 256
2
1 66 69 4
2
1 46 85 8
2
1 23 84 16
2
1 34 65 1024
1 80 92 32
2
1 35 59 2
1 75 89 512
1 78 86 128
1 18 35 128
2
1 97 100 8
1 92 95 1024
2
1 14 43 64
2
1 13 36 1
1 77 77 8
1 64 97 512
2
1 85 93 2
1 13 41 64
1 64 92 64
1 30 60 16
