50128336787353
50714323556861
183510908809774
211491564583907
259463791930008
259736488399308
299407653634217
342174291701941
345044539897464
356310515476375
396281807273087
418817761072562
447853784335458
458516414480724
459461770412058
460292098756747
461224416294571
475435830400750
512971990011393
573736052609534
586011899663404
604065701247222
728758792268279
737706430324199
744172761983910
755916783309785
756434814857860
761719016782672
871599043847916
1052636981628887
1103412721551281
1150041398201061
1191961275792439
1355925129087156
1392233462976599
1394270815836437
1409471362349511
1411866512594685
1412280925958277
1502621836892020
1532667530150304
1538004524913464
1566382910236986
1594755614658757
1622469793391221
1654257444929989
1664796515660451
1772112160677446
1909810489803585
1954015624221875
1979847158264537
2086301029939555
2091392019025366
2093194062212674
2113084551983602
2140286425051254
2143226842583834
2157842983460499
2164367016123108
2166171307760958
2184413856519909
2217994813392525
2249761951964463
2308895836667143
2320845579880989
2323795699125489
2368636655725517
2382382976663703
2392308316458348
2393548743832184
2408577555236339
2522266110698839
2525619913332967
2557207483391635
2559269259035551
2592581712581569
2638098905859088
2643596890857685
2715651166054578
2804906682676088
2845238765278192
2855294392153816
2906320665002059
2917159791476159
2921562145972303
2977633715396915
3004884548541335
3026852401748019
3027341968548767
3027757499795008
3039934223352813
3076391335101329
3108374817715621
3186676864423405
3274512321818371
3316500400488336
3374994424521043
3432056305586988
3460782765153738
3521617737707646
3598310353186674
3640913312461951
3651071118957615
3725031853962327
3772589470739283
3802478042642902
3877178268122409
3904035373011789
3904069469247099
4037933721126530
4080620626817036
4150988400682909
4158970801153003
4227922434628282
4231319019988088
4298372843952612
4327283681126180
4353474060650024
4364957278707985
4431312808858858
4444900925581708
4467039286767028
4468829711740904
4497737902861058
4606012718186419
4664848035163824
4709763580529806
4746320040448078
4775745053074088
4827967307093283
4831940220593699
4841645943206665
4891416026105827
4990885258134200
5035219358441337
5087271086116473
5128557393449688
5135409509534941
5186353516090853
5209574490526532
5209669459242244
5250923014497176
5270108552104476
5319317737835145
5324574123823977
5351874792600405
5412012185165399
5416417042126103
5427015650098220
5430049502696953
5492432362800756
5600724583327274
5613653614465856
5621490053668721
5850942184679146
5925118942317600
6021384791359790
6021413566639370
6048286004908850
6052985295296322
6054672208229991
6057301032181797
6092578658823497
6181530809380917
6226742467124891
6240786328352970
6246240204321315
6250076643547550
6253211408903782
6303088401296813
6346780260975902
6361864489944202
6460507168386708
6539396843443676
6549115240903467
6550992999836842
6578905611712662
6587225742347612
6595302557859624
6599575114955070
6608825336483844
6621783653751245
6699241230205599
6701573303777819
6761384642657862
6806006930105736
6811423276762040
6822416008145073
6875267803870233
6913973021410313
6920781909334985
6945618206163335
6967308045553611
7045275150302535
7059335233517219
7064661421714583
7088749699000367
7119669828267663
7148467878488099
7163774419733753
7179190200249709
7214808950509093
7330361173426732
7390355837065851
7415739871589409
7494376181402969
7581098608887993
7634527618527540
7668734046622017
7685147987123169
7736385127978346
7750339064834644
7755381138007144
7762585575678804
7848227120595321
7906939645931844
7933146112668820
7956559850682442
7975923747265572
8003357172955502
8007527343179295
8009137144061577
8014696781627422
8057078711818238
8059132792181643
8069379675322104
8083662137756217
8119170756032867
8121313721467647
8176730568610615
8203505689428151
8217571307408809
8222483888312999
8342401582223252
8355713311474468
8370172967245782
8384919734643165
8386894506409530
8424725461341299
8455285597106151
8455522300050473
8463429199328233
8468091926601349
8478682512301846
8486476361530030
8491893780250798
8526303671779873
8558610975902674
8607666115141611
8704119030036958
8705129397092903
8775346724259702
8780354000870512
8784519886865980
8870696638571242
8874334000265692
8921839896876324
8959946514594420
9148968156523356
9155803601271187
9167292919977143
9205976780902265
9218017169423728
9270779821254263
9278130112274843
9308915545394253
9397566786963277
9402732282923542
9463231576885204
9472292811999212
9475489426777889
9485501766231262
9502212114399570
9633970966349854
9687142931507666
9713862228008461
9744714646375738
9926189750484909
9995675924919716
10018558591787020
10051256636370220
10060301124229577
10066217354861469
10134393223435562
10135083097524616
10135727513154284
10135736657890378
10178973542214322
10215721428749962
10220229573413530
10244941059614316
10249956016913364
10339067514230022
10372439520509966
10397250555836682
10520409658544878
10581185294433961
10581217698837289
10591596556918724
10624049900555682
10624810117857599
10639258943916702
10674575593501995
10698296250563721
10708620126491119
10828193162205912
10962663400808278
10975435183437863
11041055582278536
11105958659184997
11239494651273617
11270716782469696
11291921016796046
11406309308506439
11452989402630353
11456595096437257
11489028173522643
11556027156251735
11598132562244005
11605884301709167
11606266489905859
11625382697219829
11627768513409193
11651011537784893
11676477541688260
11695009283010760
11747425437195914
11866530625283403
11867821936357027
11915530074342208
11957018445535461
11975575014133139
11979737043201833
11983460232024641
11994425486169563
12058439858636336
12063466843307616
12153177293631329
12168777812116629
12234043517149797
12279723590549222
12309218108700614
12344455011582234
12434205706062531
12442272362760736
12450194738438056
12597489439442412
12625968573034555
12654864446060824
12657253230073285
12690580223385625
12691458679458109
12709005457164411
12709070673386895
12728327041608405
12728349030563765
12742694927556650
12788057365793014
12815869532417485
12910162953753828
12913393858407820
12922030135590217
12965134825142443
13005722787290342
13074469253221099
13142524568209603
13151631756443552
13159871621283962
13229541741974250
13280059844085897
13320603618035115
13329836535811671
13373902084046618
13404461052171446
13423099273050446
13450923306776886
13456193044994124
13491357607956555
13596851510142743
13616778296554730
13713486757628573
13881138511076369
13918243375797213
13922051278062847
13988921989732293
14007096865656993
14062597762605642
14069550019102074
14071194213476112
14089137773449656
14108116951726330
14160948009654529
14416415339377770
14440644846270063
14444966287012102
14540146681635920
14542597210373582
14598254167062980
14627675963344753
14656861645047232
14672812543870277
14698432807029397
14747976387867995
14789546807140552
14843045358692360
14886653137335356
14939100610369216
14969258127373096
14977489265832502
14995691944675049
15138635352156017
15149913619283921
15226054295834853
15280670606712468
15333936079950213
15392008816427385
15430823772973638
15477857971178693
15516190217190933
15548185299059223
15549627713236300
15610794731521034
15611257430186742
15622769349190785
15655846598582210
15657837228622128
15663519433987653
15708001798913831
15834412189330527
15894255392310930
15955725022448021
15973126477929720
16010719286283004
16030174998215256
16038915031247518
16046317868447343
16064223916441514
16097052189404655
16130717677549993
16134596941698142
16136546575125094
16170173863350107
16172715271551257
16188110648949044
16203295791201851
16203435594433341
16230461171449903
16269931653804941
16328277805505655
16329351147338847
16334514181109390
16384523934156236
16396385211311525
16451975729600039
16515038045103255
16560881311492175
16588489300795579
16616154950704497
16619335734947217
16628122546567427
16705001946548738
16746953688498217
16815321719091194
16992039913281227
16993679817344175
17012561065783152
17086163103296045
17088456959620025
17119571174579704
17126278532900968
17150455237819196
17194407333440444
17289275120237416
17319830020320966
17364121216023070
17423972085766041
17451376350426227
17490344419312908
17501372076002695
17523704835971667
17559522965307183
17583235694923343
17585453872015375
17590177117672519
17625143809277163
17657075486573423
17859592707043955
17870205282512450
17887586595754139
17936247676150055
18021276862038796
18052381358322410
18070660206667206
18120851375508341
18183383994315471
18240929884966381
18284807572023840
18286155831244707
18308602789726575
18311134558712790
18390381130297538
18406216385214335
18414838682726537
18524031379398557
18561081531195028
18572167297073405
18604883804520749
18621057093024647
18664230951095056
18666815109387096
18692525270102620
18829136495545560
18831213375062464
18888715440006424
18978353417673599
19010033407064585
19011067982680820
19037133790723202
19102166080701539
19122802932155664
19176564873055032
19224214641070482
19298038591735959
19359906460133349
19361418311253601
19364112841745989
19428744341545431
19464646347104096
19486848156953495
19510339345942484
19552556628736745
19573397623036785
19614241018237069
19696092951062065
19703313862698121
19729396882316397
19771265555697587
19806412244623185
19914108708451220
19951650418777346
20005685224455215
20016854525950890
20075671545732459
20137779896385070
20154412434120066
20220144995523077
20310609794093483
20339948597306307
20352685453042163
20374617449490955
20393562781916325
20403333287429761
20424534633046065
20449004016502960
20479637002994202
20505833165933010
20702736023340156
20703209759651688
20721559991624293
20723123194422805
20791581490037485
20798515887254150
20798631276325012
20816411676496826
20842504972733644
20863835377188505
20891267096910050
20893465653903004
20913902150660065
20925568808600599
20984056758215356
20998632524588601
21016804328744555
21067559242457804
21117937193887147
21143127143600113
21153234222053554
21153357734047196
21209739021118775
21434851762071825
21471532133819736
21475602270362406
21546112979221824
21550562709137435
21625670079284453
21651128275547883
21660687425783427
21662303591816170
21674548200403809
21693703193782651
21781410048073963
21800119636553872
21809202806861639
21828305752235657
21870504787053667
21912683753043049
22011726903189766
22042878370660452
22047200576327656
22064283722332385
22175662987983994
22221695941339613
22242309089851292
22273564806357215
22329423627188207
22402170613020028
22452219453622602
22457115931650812
22484157876305139
22570866288403356
22583257775367638
22584494137425133
22630701815257020
22651027618010871
22660852983936271
22661598796016771
22686133279454739
22748387933147874
22751954786611578
22796417566928798
22830008569013039
22978459307596874
23007609609736952
23020325081520855
23022801118770135
23064755788480250
23069099866872838
23091323794626965
23104972173371903
23111033529284537
23120836921305086
23210697042071848
23223618745196761
23290188209901831
23397038856109562
23406331203397214
23557925722861691
23559756513525965
23604862170031536
23647145980897054
23679435388778134
23796183052714345
23824721410306103
23867184324043865
23912442844958140
23926915236313423
23988310808472569
24032197676206895
24132156857745979
24145823919858475
24170575906271311
24170625329793998
24196913940357354
24202834719651668
24217806183684395
24263293125583074
24263430312452643
24264215806530763
24330875799318252
24412470726931222
24444820558636980
24512912236733666
24625583962952301
24631831799141140
24652095230816899
24705192352098789
24716180018711763
24771855902158556
24824587468457083
24869090857247661
24953467557130796
24963670209024266
24968030376392742
25144919836887860
25148731972769996
25152421654908608
25267507770222343
25340005846087246
25416042836650729
25476795287359148
25583145732147249
25663359987358284
25698981230863538
25719894061558036
25780459818926526
25901053831660477
25922927876874525
25967911735406589
26009421043451064
26100399958030096
26165840044210874
26176814227354700
26245036934740887
26285606025847331
26292948764334832
26382797530487415
26392828899231255
26417677083987461
26470261960019524
26523084967458721
26535775941449737
26564195156973002
26564196115763826
26576256501176046
26657859881124403
26725264496937706
26766427964710302
26774611930686675
26779501073628669
26780377625110527
26780592547878038
26797827597646424
26841684782535302
26850968409732464
26919363390969474
27064892213191311
27086187159137599
27091436254438849
27158239929287161
27298276573778765
27312159379120181
27357189733077198
27363042769761438
27363437575991438
27367642717996590
27426086185558326
27426358399700526
27467182276852308
27496922441020328
27590374258417612
27626661940335617
27651065520418019
27653781575537759
27685173975996127
27689077655001319
27775314582472394
27786212696902315
27787271593721614
27803286985326786
27864424784898618
27875109539321253
27879004591969977
27970721114336985
28003685242590129
28039451970432354
28061419917377987
28079755409704533
28174250025314009
28194421257714078
28204985603267106
28236873494391600
28245236476675267
28257129638277676
28478424054740453
28514862559707107
28566821849754622
28709075625288122
28737906029333828
28748637603900058
28749819181973602
28833270721881337
28843115654683587
28886005459237453
28886624913963877
28912889752549213
28940111764416031
29029680161250770
29048283922750299
29067653790102780
29126201046866372
29133172554484772
29145732127897622
29146554696224290
29203054462569664
29216335874718807
29250399231432257
29334291584034597
29399740752816180
29404672200842177
29442026720287659
29507995689438496
29508044123325394
29587631497747315
29590883428047015
29603224793035245
29651395653617695
29656611667286653
29750903328804048
29758384352967620
29761809459207620
29801441643620501
29849502361157618
29884091081195909
29949098117384328
30045141372188454
30047590630574320
30059590129275272
30266749206979908
30279133847715562
30296388294506844
30328881956722004
30338368442861189
30353473086954366
30385628707404916
30426488711966225
30509441800148421
30578177983569601
30633217265917371
30705347276028047
30722719309432398
30736310589596658
30771020700217830
30784983533642472
30788054138870430
30792637806844560
30858740941510612
30877969277899885
30889866143086762
30907687502175928
30918433511541992
31052640295558335
31098908470295405
31109893788056618
31125810556347911
31140770580124791
31199862326330185
31227122422221324
31258542123162835
31320180366721920
31349364132728796
31363273127051790
31364746158887128
31388848828954976
31467759181947194
31469675912237405
31548081032481334
31564944779763380
31625323309569522
31715736611023501
31808307490389409
31919785999829998
31936475089907498
31967898772912120
31974460563551272
32032407079605384
32052828824087138
32074266654117538
32083177406279949
32089328909314299
32116443676569247
32154873666791511
32156276019363867
32192808609937918
32250147555583712
32315798327922612
32316061138379794
32319144395481388
32319659317447117
32320994378069470
32347105881317507
32350400229301835
32374583003109560
32421644641370768
32500431155488783
32573667820443950
32582977717668758
32585875812129702
32639133354249959
32653692181279673
32678645143563956
32714957494393772
32741983059040359
32745302331575557
32780512139931429
32791733087000477
32799188540195411
32801915444098781
32845277207657895
32937214550275144
32939195845304659
32953535320668823
32954932876010533
33015266046297127
33048185189061303
33131901474884453
33139374556605688
33144275584248647
33145353001716527
33149616160444583
33192936207194156
33280774950034344
33284037046956758
33303665151563451
33338653156684347
33367641821237591
33368466902225681
33377805188892602
33402919229826511
33411204693391117
33416113202494349
33418419327838973
33457471156491635
33488511117801741
33577959269727301
33617562494025714
33620346775133046
33687506636380748
33770572959899420
33840599116065285
33882730585617870
33966785225474955
33986247301272980
33999645403133552
34068805110919076
34068977566711255
34107253796892397
34114607242129472
34136863296505948
34194284452999264
34204451617411920
34322450211372038
34334485992030878
34345340433402962
34345602492734957
34422919138688432
34429960615855008
34429965741865008
34474793944340412
34478144064703410
34508520398298103
34559569961096395
34569757092497490
34596788075103036
34635209673191496
34640451778827536
34666818067934228
34690001553275988
34734576825086081
34738473517472349
34752797004469261
34753941708474687
34761667928443567
34853376253994954
34862652028343285
34912763277335179
34930927417072202
35057530598949308
35065941579706833
35174329082999625
35190038465611017
35196496560069333
35231224365609163
35264327638887031
35279738485873231
35292189098001607
35343841247641516
35525987594175694
35531192653067082
35602313599529547
35623814518798534
35655045940056406
35721903834133702
35759348603721780
35766723210794818
35770572838071118
35774371810917635
35830041389521353
35841321199096660
35918322330886075
35922077555408659
36010148595954263
36017675437370399
36060410258446274
36176742030604599
36182075643094199
36235431729435349
36279193268460919
36303572805457495
36313354481706785
36430518917608571
36459400487425595
36498615512620392
36520418072838131
36573493008344746
36588351939397456
36623804492931629
36638774448217673
36639861794856014
36690016936679615
36786971947456647
36856971029391123
36913194022194698
36946367833625835
36960751859416965
37033947966138771
37106101315472886
37125260557777020
37146482090648786
37181880933728084
37184271213683658
37268320557954442
37280655726245151
37339481509085439
37346811951682883
37394776018405944
37423313823998714
37533702949694836
37548985184201188
37550024996930074
37671662077390013
37685524636658915
37691123931967811
37692032998670003
37714440212528504
37779394864754786
37823723724106679
37909201409404677
37938586694461671
37938664252940081
37971699631841419
37996848400167434
38075797071710189
38100000608851039
38256443340875115
38361356983745500
38426350428774240
38434218499000791
38456013832218037
38554627276966231
38555283784825351
38556395692677505
38607513268836910
38649125778645265
38760266241569640
38761739138363280
38775544301476913
38776878584598785
38787991631483375
38805843145062695
38863206622066135
38871055221720578
38878593934218272
38893652317932316
38908468730892626
38914466801322429
38917295889830441
38920147729110213
38920516373613414
38925718494285140
38932280451214370
38947803479469746
38955488911657696
38960634026566144
39079320306411428
39145532533671079
39146263327282974
39319328643259165
39325232732357618
39355992841921724
39504814911150792
39524641568975861
39570575197666419
39582817853301275
39599021704849167
39631894603419960
39635142827575803
39804611805070896
39866104405454108
39905272656550128
39918124625524144
39924011935059937
40002304680742916
40045172507631418
40092584313600645
40126465817318470
40176184993459765
40203841163398314
40245267178549004
40298263167079948
40328358866002060
40333863177620632
40344096267844198
40350496099722568
40380538988824228
40381766140114978
40472289168584325
40476428883266163
40479583978694913
40537183323330331
40577852819944279
40591537700505927
40735180212959772
40748148298728760
40753905268645281
40757786680169502
40765776422433987
40809147284126566
40811861978314478
40835328669759323
40835644477626551
40912278912201628
40928653075430133
40934127028335737
40934261401843585
40971109900695505
40999319951535379
41011778002979688
41072588025164075
41103363350489755
41109928591634003
41114742808384055
41130978596823206
41210725578291330
41295685415401780
41313705796102121
41329241209151173
41382397660685667
41389356646259275
41454843091853684
41487927738149406
41489132123158346
41498329819109888
41514124129121367
41554964107754396
41574996341082602
41594707514062650
41687922773154270
41840896025122780
41921689211829013
41936483653284493
42071583615717007
42101959239245820
42161879665889635
42204449547783031
42208478736977051
42276198796982876
42280767319663028
42299814633171911
42400323794785697
42435432540879235
42497450649921540
42622203689287474
42736824849741838
42780004327432078
42781041495553230
42864367397035832
42902245794620696
42908897631738394
42917075405896735
42919335432460063
42922657952474859
42928107229219761
42951020902642583
42951897135196130
42952314714496850
42977096827954104
43015335943189709
43017819546850900
43027585086932752
43027803057187868
43061047633097024
43072677175069627
43076682269620808
43104059877147212
43139970325722604
43158721469766945
43210046732079612
43244185794260628
43246947647998728
43263652962640280
43305963475162850
43328625464171410
43371238644921352
43420895781316352
43422569391467266
43452908137328028
43542266844677970
43543251639027141
43569994704651139
43700770906538039
43839113753896755
43878066775225964
43893182537095732
44006702269125080
44029229684964056
44055281549384500
44067414492027584
44138359078454898
44138757642743368
44178574003284819
44185397090243999
44210859135604661
44272444706110253
44326165241756003
44335822825142938
44346111766285192
44402172754571353
44403984005563198
44475622845881530
44509327663889908
44524611399649952
44526554764382107
44591063303059099
44607972706521819
44678257009634255
44807794285199216
44833367646454189
44846248751032360
45008850120208807
45070996964191942
45129676927094972
45143812924416651
45162533318308065
45172422010230915
45183336750510492
45201266947760759
45213824346366705
45307150195194884
45435064820200371
45443557706201733
45447791699558281
45521356580616017
45528725929954495
45535491483252805
45541186021972632
45558746786598176
45575846777874500
45717992926620453
45751266879594777
45919789041679459
45968945076719649
45969755905560519
46057386950024251
46059923013827755
46065023725582825
46237777258747639
46259133363394886
46324312684404519
46374742522658519
46412403377944338
46429653324325044
46526293778588132
46553281222192248
46563582184239754
46570225544257114
46656777607144980
46771456408901988
46772843390627163
46775210846582201
46858850803577899
46875278764300515
46887302908252635
46960169611802916
46968365166486717
46975544710225462
47031233690459388
47036995831326948
47040315579252100
47041721698999744
47051150504003860
47113284572177417
47141523153506278
47158348025175049
47163553637515318
47234849593137490
47274265467309265
47274466418277936
47365764988883632
47384683557677601
47503283634150572
47594719191346449
47660524616841760
47724376143824493
47734840312433620
47743239424567402
47771077781718190
47776705618848545
47879385603500551
47889725739840161
47893139334338314
47922196195024993
47938917213888533
47979694910998655
48025158389815989
48202638671286223
48268830758073943
48276124624590999
48353866735485047
48354233035998029
48356378180673119
48387319886986082
48441239377321063
48498635905090625
48498758783248365
48539510831417503
48574057285267243
48585343399606130
48643071078879858
48645557369216290
48655894305475156
48682682330514393
48727391680764399
48733318994041676
48808346678962310
48842214249004586
48902350017222703
49058992283092846
49071185967278258
49093438795158692
49103342769741600
49145336534739124
49196383976795806
49208554944534217
49212143045775505
49216522134779626
49226137611850111
49226153411156179
49227805738678579
49227999233671243
49234446477863723
49236989930072735
49249553325260003
49262298646448603
49280403794791919
49310445574582580
49318867735332094
49352257460413088
49368957079101359
49440695584558033
49461809203001362
49523389836615015
49524331744092262
49553576065039705
49574894381910265
49630728334190285
49668149688214141
49757742207177985
49780502107665113
49806373776699173
49904838606291951
49904895640626231
49954285101428233
49963869967729213
49966229393450698
50006299113762888
50028839216391904
50159856271647775
50197418776772399
50228132057132036
50364491754310142
50428157640242162
50511172195326632
50577806047365051
50601838320535857
50604870736358257
50607104332997304
50641931501247708
50659208871791846
50697434700763584
50786895129895709
50790469380909649
50872112465015394
50972219208636511
50988803574835088
50994180466570396
51059126678753438
51062754264106409
51117660501179863
51122839180283661
51186623523589052
51193754371680562
51229094616262578
51273945677586609
51294236903867119
51295189893794164
51361660736098183
51368796607253533
51406945751445720
51435199519199262
51463199430098355
51479960032958298
51529065021849671
51559863701771465
51582120868916657
51594347018758374
51595247559830630
51682168481620696
51738171809786824
51808867388288723
51890350496340845
51900651867686375
51900846764446521
51952603957651925
52017716419868257
52018733205622059
52057072562973359
52172407424815285
52236489638896976
52273325511811922
52273452737072820
52326178155113054
52372883635434942
52374611853182473
52552861037891192
52630500855609407
52636663426495167
52667255982804883
52668298958010584
52671016117294967
52708079648849691
52709969040536990
52743527004731609
52751705332354799
52826320673884731
52917657874271171
53007349341600023
53266478028416398
53271315757972148
53301075223629731
53351265650837766
53353392157730841
53358325071245561
53390177293623662
53484681348245294
53492863958558241
53505734162703677
53606466043362022
53650897215484422
53653487683537542
53709363020041030
53767963838844478
53816284628955883
53817082020493315
53844403294274051
53847620511301831
53860376296102486
53863897791869686
53887980249292862
53890040575323203
53895321002339953
53962274715831647
54016818787253788
54037418299746642
54041796261543312
54055916288512542
54056823135268648
54079693387854402
54091131978378423
54094090307550459
54136473205146063
54178911180341384
54201812201986281
54335364415467236
54337680241651516
54364012216597752
54429563741644603
54438479923514713
54471864392839167
54553539996162433
54603248711427213
54604386967448548
54605076504403218
54634771090260894
54634876231084394
54658809780118383
54735927311894940
54791843678717351
54792400329210320
54845552828013367
55012350396542855
55090091208530496
55099951897967394
55172677169237625
55176401776016743
55205827631806933
55253285117040393
55253969149862395
55264254976978869
55339355942719859
55340709510603459
55378892619244068
55434801296126290
55449271082207107
55464265327093077
55480502711195112
55518100886300299
55573553784214416
55659387372095580
55688463549381602
55700588845481650
55723719948008670
55729652956202640
55800083901654054
55816328213485186
55822312285989882
55836936736584058
55927598304838526
55928165123897134
56004583386361024
56019609414847175
56044537636806177
56047083299172837
56057364982252530
56159317515723204
56211315416025047
56239701315100961
56248748210038751
56249981334329051
56264127673741505
56304021413652163
56364814261811371
56374150924415386
56441633654877624
56442563755984268
56448206462186784
56513181414550084
56513429804043696
56555821597718659
56561819654692123
56569679743050699
56605120545997936
56625056425238031
56636171566408191
56645922287045552
56725095596949439
56729575469050199
56731484562749899
56746793273980324
56824664889382075
56880931047193345
56903082931659758
56934863575315168
56951564724475550
56978772779355536
57067462220362118
57085945387619991
57086328512351671
57157257644861623
57159355982756397
57166414811866873
57194970726834578
57196220098256786
57223237220710420
57396009224454964
57432761045452756
57502444473198212
57525556611156582
57547332995555443
57668335363999278
57750570471279042
57787889179352430
57866319129464130
57939044158485942
57955738543352688
57980990760552111
58024079256334642
58066553800308072
58104881204565522
58106189033503454
58113695816264402
58127729173821062
58129433185847051
58173731380464221
58188120880496609
58196298832917116
58305728418198345
58332892953094763
58398963853740179
58478271679483475
58555674039094772
58557515305378924
58575382251341821
58577477668643071
58578598324017459
58598831262940548
58700503662843690
58761561678078301
58764172528527157
58778512606867587
58816807088809046
58820740787231506
58831468586388350
58831564327498475
58844051147904857
58845013353470128
58906998387412429
58908625681610531
58932437323087297
58988113314042909
58988128775378652
59007455538914070
59058855185716298
59101617481717786
59147772975039895
59182791370957686
59198971074879852
59224592661707406
59225481157564766
59227761749958671
59243023160068078
59286455403196511
59353628776474004
59370866279198055
59418171356233092
59424899497592292
59442431881509361
59467878765223055
59471595513376442
59472388105511322
59509575503607951
59550210196695609
59599770652306732
59604547973269220
59634898920017624
59675458632008909
59736433109060903
59803680590818771
59818602228857719
59871970964602554
59887054757999520
59899650815196585
59900566179044165
59911505999916303
60051654206909795
60098964707595669
60099913080263190
60110615629326798
60128484427848986
60146440455767842
60176518761090523
60179220911170351
60207025952852683
60207389446430273
60241288485838111
60256183453010106
60257938984118376
60285306351335976
60299046727104841
60367096692454381
60407212998806084
60416825128741169
60418302471985901
60469204534118495
60548312112231400
60618851675065946
60659616854472862
60663639540936075
60667277053337428
60709162320094009
60713827405458889
60779079554734140
60813306738602288
60860133783498045
60911078236599560
60997315491577586
61022386114994950
61056521465283160
61110916611967296
61126173769951376
61128044560476542
61144764053880946
61152474293129064
61186168220236748
61243030753637424
61270434180541051
61278664000728759
61325908084153144
61389628517097189
61409476192064753
61425816931645961
61501346939124623
61523478533453439
61524618514100645
61550157319089620
61576665745074811
61596497946551891
61611458751386877
61624944569339437
61625858484542275
61665828828556013
61702279705847216
61733075643995259
61765280919953389
61771144554206021
61787744445657541
61787891906782351
61828839654847163
61858575724974932
61862489838722228
61880679934276589
61946382284116357
61950845512021661
62028709662613031
62031416947222982
62043486074750342
62066705041628806
62135104911678274
62143871067229276
62169010660862099
62328970512714226
62335083574039378
62415172883865364
62423854966023244
62433412358823504
62435757596206368
62482242809164794
62615383471628805
62661028936759055
62722323408159591
62728381398671696
62769062848322960
62781340575923336
62818778111105246
62881137149524940
62974587605148367
62979354184344442
62983982836210882
62998199298985176
63225658864270162
63232300380308250
63238309242643186
63255234796481122
63288596323359217
63298965456359203
63326795735875911
63346329531955617
63404732336518387
63435707118765304
63445559678039775
63476272597880005
63533521642846505
63620811423569445
63630583826543040
63708834801088881
63819074847044499
63821209558343219
63822123674890871
63836458109666065
63871912292013463
63895877450167543
63911227443215713
63926959496033041
64017857788268315
64035308624389281
64082923565882852
64102629844968779
64149816145771842
64229066608178197
64249940596594137
64264712688695822
64348156753644384
64350048635533330
64377018356345608
64428762464016849
64440147260761959
64464195691602692
64478919154819232
64493274444965408
64573718478819019
64730672710339485
64734101838040555
64782875896016472
64837605353735512
64913610123512792
65082467082756243
65083211818032979
65087739449084559
65157454693902660
65173901559128460
65224784200329060
65307241268111506
65309678874219604
65329258431608158
65332187816560248
65381119774211104
65416173531173235
65488283773587763
65502685554995628
65567980484418897
65592826575857067
65628239294238275
65633129753883349
65660915231000149
65663288073325723
65664391599851695
65703758224518587
65724443601645500
65739280620611040
65788656191711388
65814197097353245
65858515844843545
65909627262509807
65994534355032410
65998446081532963
66017776032385625
66025503199596406
66059957031662609
66065804702176355
66109530093818366
66119388368080149
66173244765106573
66209457284281931
66222741341952122
66223183259612922
66224351255266428
66232966375710088
66240679793971096
66335962180282326
66343366253153421
66344751515865879
66390490232855915
66397566388246494
66495135829967440
66496375618571428
66525948307922336
66561511554981451
66574171059281192
66583948046357762
66702471841677722
66702543064635902
66830582026715574
66874321839739241
66890759652580789
66913524547126455
66951674413648809
67019170071691098
67040883705908979
67090533992612512
67111908075783976
67153837329602968
67239609502238806
67250844861780436
67319676610263977
67372801463144329
67411418879415374
67421418115259680
67434622189412950
67446263162608500
67492045032137385
67510036059794193
67572632272038220
67575497431017919
67687218269333218
67759475406979910
67819166182471876
67854486435059863
67881269571562352
67901988346612210
67978379007211226
67984102958176088
67989643643580050
68064932684136906
68182669057028799
68184682599637019
68244608405218310
68246714307831476
68289702396581594
68300534067656114
68356393256916417
68386500146027379
68433001834142792
68449294067824574
68456550225788324
68459473380708895
68497058931661524
68499589413213506
68554652581530835
68599057058322551
68643555657410011
68778082205651693
68821861646750094
68874022445550346
68889735996922156
68890695123812482
68958055703877806
68982133474675268
68994701421357882
68997434388585732
69002805174586452
69027318544595554
69117178434986132
69138182993859113
69166634512241173
69170362387166390
69286720936994250
69287375119941078
69349908638504502
69354284423537334
69355286438533610
69506922247363579
69524862354310750
69655663302078268
69682041593465134
69727077434240380
69744428800885344
69843459957287316
69885088599242816
69901287448650576
69921704096407070
69928221014039920
70081249585816313
70163791889956316
70167256444279657
70267457463292937
70268297459604903
70279549324881202
70280425527169362
70302329866721856
70302800913928748
70316731232992143
70353366849106224
70360966597453096
70362017598051520
70462670860723106
70497137801559329
70553661849168446
70692352188791237
70713966928633418
70719315136167751
70726921179854047
70749961703716300
70768106934419464
70790668404684236
70791178758138680
70811625422728665
70830137000402505
70833780591672663
70880489636538083
71059456113826279
71062906348387327
71079053554384127
71094729289197143
71097422076237407
71112740851618727
71154900532860415
71225087437085184
71270538365558936
71275251937347945
71286376183138635
71388234227602570
71391759500525470
71503534117599148
71534774690273418
71559188057997235
71575456045644600
71577899805800811
71626350475312378
71687550798373346
71688122422154241
71724938018022526
71730314724702242
71753224243177410
71820377597924901
71831411424708831
71847732869119851
71940531472515170
71940672650948240
71961760926731364
71988135947795968
71989228745324422
72149190514529426
72203045562141820
72214347950992380
72220179284189157
72222999359926125
72275304239748015
72384005681434105
72406048355646213
72419143303851312
72458886615629646
72559034643198333
72586454802569661
72661145208490996
72679420457334988
72679469984055868
72713087186153838
72736387823212152
72741489543499698
72747922491990098
72757341843155262
72757376930934387
72785946964529687
72803432429226989
72853374540589992
72868088656122738
72943031332072181
73009397878392839
73010812160261501
73047854053187412
73101053768132273
73124566490227010
73159768781519762
73180454352060102
73206786863030036
73217019952243022
73235149084267179
73275614731593645
73307694596058084
73315309849415956
73367784014422364
73384305500659789
73411194363581668
73423139957800114
73447809698120891
73574954814298112
73579600208253762
73680234382023413
73681293629669903
73686492622863199
73801039151515688
73858073700257066
73935943041389474
73947409426076858
73949217667992368
73956319763998128
74071902950455704
74081664298098922
74190413643132029
74284165582173141
74291536941014988
74315158205682848
74395836581667468
74441826580167994
74525610375434565
74641190429962852
74681863956810482
74683360272333404
74730255160186100
74754406946916710
74780455323298049
74805012459760006
74806768959885958
74810558666112804
74845727465734178
74893826215498358
74906049189683097
74965215667662008
75033289232773255
75055837926092755
75058330337635859
75097367564626745
75099990981658826
75127408202718226
75137602624969816
75155104020710158
75198615626106412
75215774882262172
75349456911228766
75371509935131626
75396404601729854
75510183528803259
75513551883435574
75516913629494282
75540354773968410
75563371342794674
75580316526693224
75602173289920844
75620188121771064
75638936092353995
75768899153241788
75788897404654691
75878565097446066
75886217577249016
75952610193523445
76089927435924236
76092084179631961
76138833950513703
76183219610791247
76234508891206638
76257621104109812
76264418732061167
76274043894579450
76281085523228150
76404914971043511
76454175662006385
76584007989633693
76615963803861888
76627377941470467
76630561241697236
76675501073266147
76691434541484975
76694000959737863
76742745097061466
76745110376093198
76814628147995370
76898549364688686
77021734294810526
77065138105976516
77179110591128682
77181514166122526
77204131510578518
77205179429322435
77206696118993217
77288143323622042
77292639760408281
77302372479863754
77380531503958673
77425352780925741
77483868098789983
77510988831769495
77529633646635447
77541532733492541
77608192983247446
77665004939404017
77670997204426137
77712229414760679
77720137114474819
77729630145391109
77884781345103887
77985197302665610
78001740105676638
78031214568568590
78033251660088782
78036966981031598
78074142855975466
78129780421349759
78138411991552829
78194134161802818
78195365704319792
78203165739110319
78216094197552596
78237462623979761
78239126300342733
78258699056506955
78495610034577283
78500875590079563
78527884525096432
78533556064464349
78574748145496528
78648211985968932
78681420228245026
78706529530558764
78707637432962307
78724023283928077
78787232591260692
78842778189131405
78918286069558539
78918704776696127
78945434503587242
78957571310867517
79000061591329480
79014874538148286
79103690130465446
79130163456645126
79157653121748631
79161964834816979
79216659473888994
79295175069465053
79300503010840191
79348689138186615
79386121089289019
79482214787726495
79507043884158235
79561542369136380
79564651939137540
79587568986388268
79591875961063908
79591932700855908
79592332293780572
79593386861806272
79631300886449080
79642718407222084
79794610442429638
79799418689434664
79801657918865610
79811082298280682
79821185440539825
79930345046153178
80064103877833592
80064121101726548
80075238867629728
80138317005091268
80142649091250403
80158341464616523
80184736615035130
80498364661376436
80527132122237156
80541644900786898
80580167035928306
80628757767761160
80652724222150239
80671627848787224
80707137864985272
80718232802046133
80729943046010887
80737969930204921
80742878145163308
80758701252957994
80769493516501578
80779782679762554
80810033472622069
80815564993299282
80838394133379612
80860470895620564
80866607265127909
80921095844188228
80991132458202590
80994921297356206
81036622962978114
81037946354899818
81059399451861338
81131351010227797
81178670885858101
81215185393615847
81262649395851322
81321359877346778
81390495535937392
81391701593700644
81445654703464031
81445980971462872
81446478223517085
81480484584257976
81481644086163096
81549062834515290
81549117263688746
81620257193774100
81636847259453822
81642375504595622
81655494838035160
81677651708710609
81687677486513202
81741730805118032
81771473222233751
81779377259679541
81795555324399516
81816695574666279
81839736530661056
81873530201872581
81885539141353790
81893584205671265
81936840553985943
82009972543924328
82011143422405256
82016107645829776
82023200198496090
82036214430783518
82090789439810019
82099793272439520
82145569685729446
82146569943246546
82170883428483232
82246407456980381
82247602709266895
82336805392128673
82392701097319466
82405018490207945
82496828462276025
82503463156961388
82505902253179720
82606559474900157
82632506869598801
82669205140852381
82693830492724869
82703630701796283
82720223532741138
82891071750863579
82905863843238819
82928070249283591
82942126471894753
82946279778257566
82948994446085646
83057881775405399
83078816957203357
83130704309373585
83211348768321841
83211508517938126
83362465273445948
83371407339771793
83387990439309205
83415981974545572
83423186234520995
83429008289163269
83447925099811073
83516498582789485
83528228161952325
83572053226381933
83590128776360905
83649564766732985
83658385124079740
83664240331580304
83681365707250669
83727130320374667
83757352202550269
83767215956957291
83836132885352019
83845898596695416
83881596574019246
83982587605328180
84011109101331983
84083534725683047
84103326399713139
84290590294382036
84306591919946796
84370032645104918
84391925209856338
84413983091341063
84441778362990895
84507952440011587
84514207258304507
84514403696974341
84522853454634773
84527470667848373
84565357225720355
84574208997995181
84658441502864344
84716874304432895
84740124837233848
84769704395787933
84825615863264472
84878946053230352
84910993892718802
84930776188520326
84973061593223674
84974303664928099
84974477398606630
84995411150449831
85077391848659829
85115921163937709
85132240421768684
85132774209074498
85147465413051748
85191667302236096
85217654165777317
85227648510095383
85271713140978209
85342685181744418
85344188685883548
85346553339080304
85409566796268170
85416475470552617
85427039555199767
85563495977156363
85591175675967328
85662477176629673
85704605444020691
85733863237888922
85849678731952671
85860685619064411
85922319387254315
85973855180126477
86032972645663601
86051614830767732
86132891519911321
86156494730352248
86209775751462892
86215213792050791
86218157852338274
86221729513480610
86335815561209088
86376361204456552
86398747142521000
86482302816262907
86530578407721542
86538937137524966
86553051292119462
86669823210133641
86851961068505685
86911044098045801
86941816594657248
87004565353109470
87073693039414870
87095596407977248
87096240101470036
87116799941626588
87139629055575133
87239069409995659
87286632381844956
87378060637086956
87390817844884927
87401451170394775
87406072545300571
87424591359497314
87451676744120345
87550838766770895
87586679975855712
87597250471683335
87607027035356156
87607399403723246
87631808180084398
87656006086726129
87656304975657052
87670010781641328
87671400439996061
87689170748181878
87751208923620124
87776604732914399
87779467757647497
87779994456055595
87818830248725883
87833257492582821
87886794150924059
87954972397616399
87986260893986989
88010055539656251
88011812164742523
88015587859672473
88028860713321289
88043994150525034
88051726271764954
88052055350173723
88066469781587611
88069727802995307
88207112474147418
88235117671933622
88238425546079960
88256579432449398
88337917964387740
88338996696816116
88340610465074844
88436774112337995
88465069910075067
88536645240644724
88549342631638993
88569093873885915
88582398755404580
88606460487749246
88623409559201074
88657451269504914
88748777613263892
88752288893922932
88817043349439874
88864766492965819
88928582229987237
88959590089365041
88967483028468095
88968461676936755
88992942028077392
89087189459039777
89117340827129264
89128859671255300
89265103556417905
89284694079601373
89289192030806653
89290716721595979
89309212721819323
89328237366192847
89402112656464022
89463742285874394
89503191873530499
89554212721516343
89613103968328271
89625802096045791
89653935297981542
89696985799643534
89831887230759429
89932455391779370
89998288924509700
90001094456616130
90045670953060199
90135561942399335
90147581576066939
90155041188091035
90156838133770395
90165524613197734
90185085423507980
90230322103733144
90241327950112697
90252002046973537
90254377699684016
90500100058636065
90549597794493469
90558528667455140
90639073432993222
90661010730256570
90662600784038191
90860890225843539
90959366721611976
90976012646122745
91002880387049279
91029630256623239
91113004432852631
91146877754921801
91268466378128304
91340702711574938
91351275444657827
91448973573811075
91486655980448635
91519408192387951
91602810108965378
91628951266379714
91629912427197926
91698042198613522
91771956032370966
91772999551253631
91773583327773257
91780031341598829
91791067945087753
91806245965613605
91827261625119205
91857791081936152
91876744056144670
91896209056806286
91902176819649712
91951786716346020
92236194306109159
92238212665955911
92306521461924717
92346382287416619
92423394727080493
93568876261050974

