34172363
178468253
207597048
341912056
983716701
998266893
1009806710
1031619654
1031636622
1135358891
1583182763
1583225243
1646824059
1682843077
1824785609
1828244681
1835140809
1977470665
1989974729
1992628169
2237814217
2321551817
2521664906
2541743514
2785855958
3115115282
3450309130
3458789130
4132068106
4134019064
4516382200
4687767032
4690367928
4713288108
4822893660
4876875132
4878048316
5433484444
5571151004
5600369564
5600493484
5601842348
5603058028
5640456556
5714221380
5715448436
5733949300
5753521332
6120934580
6120957108
6121046764
6153020396
6174965036
6488905772
6493122348
6535863044
6542372932
6545109060
6545321748
6573680067
6574828099
6630089024
6689914688
6717317824
6769740096
6833842496
7265604144
7265664178
7488781654
7538174460
7538331924
7539956980
7663132370
7672717188
7720718804
7723602024
7726017814
7761734934
7767246526
7922996926
7923001072
8017040400
8018525116
8018544398
8018561651
8018853859
8194281443
8270490163
8270538239
8333856255
8495897484
9127242651
9127432859
9234094053
9249071469
9251061463
9269116679
9351716615
9356875395
9357362291
9377839206
9418695782
9454343270
9455651942
9458036294
9562683068
10152925537
10656956638
10657010590
10708119848
10769994096
10838095172
10849231750
10872021878
11045270390
11160121590
11179745868
11182022092
11350108796
11353586560
11465193994
11488089370
11488157396
11488216628
11539697204
11549541980
11554593116
11846048124
12038330540
12044903084
12046637740
12362490028
12393229296
12393475502
12674444718
12675947662
12682573719
13185251223
13220246354
13220603266
13221366446
13221872432
13677300772
13758030708
14059227120
14136041456
14137002960
14287515473
14424423145
14427301609
14427631017
14447168029
14447639681
14478364801
14478461055
14482053997
14498896237
14498922597
14499599020
14505396844
15008849924
15067414532
15069363636
15214046132
15289867988
15290470228
15290805492
15324621654
15369360854
15372836630
15396518208
15807863488
15811586812
15812518124
15907399180
15908276764
15908322060
15941907544
16036039768
16061364456
16062909512
16264677598
16350770142
16354421086
16375575262
16390097424
16477187086
16500109710
16503487118
16539555354
16584716314
16624755146
16654574026
16654591360
16655241088
16655501440
16663980768
16664431062
16665016790
16668759510
16905144790
16907842518
16983217652
16983246524
16983302031
17012852441
17020468697
17146858857
17190278739
17402435155
17898461779
18714244179
18714578163
18725778035
18725896703
18729043711
19163571967
19170914391
19190759857
19212181082
19281174410
19617735266
19618002328
19970463128
20028328224
20214534775
20231622263
20445994443
20550354379
20827869145
20827902407
20920614583
20922130775
21277422004
21277572544
21287648966
21732511178
21734670026
21735611290
21737189960
22416038576
22451914230
22604312998
22698375462
22698491174
22747488294
22759109158
22766298504
22766410980
22956835176
22958530408
23071378824
23138971124
23259327694
23353709902
23353777486
23354133262
23595324559
23686620921
23686692409
23721539129
23721667033
23729923545
23751921113
23761163321
23761650473
23928014425
23928631737
23940277449
23940760601
23941041225
23944946953
23947492073
24010001987
24026639427
24039749443
24082462020
24082730980
24809929516
24817064276
24929138028
24989488203
24994376267
25011077707
25013937043
25024427027
25078788115
25082089011
25332329729
25659927809
25660065537
25743381641
25751543433
25841651397
25842681941
25908314197
25976056747
26024352151
26181566951
26181593262
26202055786
26270834388
26271550340
26272494660
26272512916
26289084724
26289146724
26563023486
26563065086
26567944982
27180976918
27182426742
27279927926
27344637701
27344694629
27507867045
27507877650
27529344946
27534189830
28116512338
28116557759
28116680733
28226781213
28281892122
28324779290
28327032546
28357349798
28402065830
28402740646
28402774286
28402955406
28432802958
28495903886
28496702222
28496993294
28543084570
28565290010
28570530970
28572691930
28572696024
28572786664
29052395496
29220462632
29220468652
29222037164
29294611756
29437384148
29440797140
29442007124
29442767444
30019673623
30019691927
30019695607
30221975351
30305939161
30327254745
30407106459
30499644315
30509253243
30513115771
30517445243
30517718155
30531068043
30599579923
30703659052
30704755948
31057537550
31233807638
31290565963
31369835133
31382003541
31414117589
31414179142
31470335238
31470426366
31519089902
31520121838
31806249198
31812935302
31826812410
31840614906
31878746618
31882626512
31882822384
31883074640
31883208798
31884712926
31980151998
31992422750
31999078622
31999508126
32010880670
32027341829
32061491301
32061531567
32094394377
32094790999
32143893847
32283993431
32285950551
32417014679
32461964611
32462145771
32757783867
33110787387
33492837691
33495821115
34047906991
34126046091
34126776587
34126812720
34327113194
34330938858
34335434218
34406364650
34620832938
34637637802
34637836362
34637891108
34637901696
35051739922
35184172206
35184276558
35434515921
35525198545
35532362861
35554317421
35679157901
35706621581
35710061421
36048782475
36839950705
36903384817
37135871123
37136144131
37144498947
37183865603
37192509699
37195425379
37299358099
37320736751
37346733039
37624060155
37644876027
37644954097
37670267377
37670350937
37670370985
37670436153
37731656017
37731873553
37767893777
37893597149
37931773015
37999447127
38000530087
38306246918
38333020422
38354601214
38377860862
38528527868
38528655610
38529487898
38724165184
38729820288
38730189568
38807582192
38807649136
38807650419
38807974522
39205972046
39207669838
39211592782
39211665374
39212068638
39212245682
39212501327
39317092687
39363127211
39381566600
39512866000
39548984528
39608758204
39608758316
39758630956
39882368804
39882375837
39882652141
39887809575
39887936263
39892859655
39959755527
40161264399
40163599119
40241908751
40303523791
40303721879
40440106085
40441164481
40441310753
40453579297
40454797897
40613131349
40618255957
40621449685
41372667159
41420209175
41597915969
41605276801
41610586241
41788438497
41798158049
41818343717
41823312677
41823346853
41823352810
41827745834
41828251404
41829225132
41837725967
42047854204
42048362716
42157812588
42158097372
42158188046
42528601614
42546380430
42560904078
42714019798
42747180397
42747258383
42918327823
42975377293
43066719573
43079162965
43435060130
43839578422
43839579618
43839582006
43841352374
44051499730
44053298354
44138939570
44178666674
44395082819
44535149507
44535782884
44621987300
45124775524
45186844260
45193624084
45564046838
45565832950
45566579510
45613001622
45619099846
45619126430
45665031630
45835235534
45931884750
45931908350
45931908558
45969434550
46018645765
46362407749
46416444229
46417129465
46433572209
46589042909
46601613609
46820025043
47062119123
47251577597
47251612813
47270460685
47399077860
47399417726
47400567870
47401110422
47404835734
47427809686
47479212694
47493508284
47567660732
47570464060
47571799420
47657030492
47657309020
47662961500
47756842876
48043982050
48044789142
48513717510
48513778650
48891597622
48894867766
48938925204
48983340304
49131658896
49132546163
49182897779
49187225291
49234915019
49280806603
49280809521
49295191009
49784287187
49784355331
49876371347
50123413395
50124268307
50126643987
50126827061
50575606295
50576049247
50631582815
50637973599
50679601511
50679662567
50707854311
50710793639
50715530791
50720633095
51271832505
51274406609
51283117377
51382388965
51458783211
51546978283
51547803654
52124795778
52157563778
52591755682
52592722614
52597256310
52597370486
52619244534
52630902006
52646858998
52647221494
52654010422
52654802230
52654817718
52694093494
52694159542
52917558320
53109686305
53603227517
53605582205
53639399805
53688864415
53694856895
53694914863
53712951879
53787759175
53832903284
53860063996
53967751612
54186830268
54187623452
54417927196
55047327918
55053907630
55055087918
55063016622
55066866574
55093804899
55243658883
55244453299
55726233011
55805018619
55901767931
56171500851
56174520115
56688511387
56707526643
56788664307
57790922923
57790971051
57919644843
57922229579
57938734526
57938865342
57939269310
57948362397
57950116693
57958517589
58051445024
58051559522
58079357877
58083448985
58097163705
58097252045
58129408717
58144144317
58144763661
58160439841
58161218337
58161304759
58177831399
58178125063
58822084813
59047511629
59050861583
59051421463
59167148119
59611490391
59611588183
59611616644
59653484724
59687340240
59717138118
59723987654
59731405026
59731535946
60453252202
60536539754
60536609232
60588919998
60592980670
60605809522
60729261170
60737155654
60838768326
61490900670
61492626750
61492855294
61645473054
61683936542
61685603006
61701775526
61758030858
61758411762
61802477810
61873024498
61967445134
61971567886
62103199374
62713350019
62718046546
62960156266
62961465450
62970902515
62975875059
63238346307
63240808515
63288886339
63288955281
63436826593
63436994847
63565365076
63568948740
63861964484
63918737348
63919951600
63925109692
63977829348
63983958244
64017100002
64089299450
64362320316
64362738716
64362801904
64539273328
64540063600
64543894922
64677825066
64721658666
64722788850
64739934930
64739974386
64863850381
64863923285
64864203733
65008141077
65018518485
65146357301
65155491773
65155600505
65190516745
65279722505
65416795145
65441632265
65441934665
66212527127
66238189159
66283656807
66337566647
66353625728
66500503952
66610478944
66688219154
66688255250
66693616658
66776454162
66801886694
66803341606
66807567774
66810735006
66817694264
66817809099
66822869195
67365696959
67366605463
67434148519
67434197915
67434424603
67690833394
67764129266
67765139122
67766384962
67784895554
67787187586
68370617730
68370634956
68385644206
68386810334
68386857670
68423411062
68426207785
68426476509
68426531983
68470654645
68470923329
68472981953
68473280293
68523611941
68631736067
68632122529
68638471585
68820357729
68980331305
69012462953
69180980585
69343010377
69343350345
70134064009
70135377024
70160293888
70171033157
70179829751
70391272295
70392094823
70393207655
70394210687
70412396927
70583560247
70583782451
70660367731
70877236211
70991847314
70996420626
71060550674
71060904877
71073999789
71396162477
71396480897
71396702689
71399616409
71399907241
71523667081
71557762185
71604268205
71928045469
72269023613
72319604561
72643255889
72647512593
72780255761
72973562453
72973931219
72974228947
72987762643
73381867475
73384651891
73427146739
73427222162
73427459410
73434384587
73540808349
73544697139
73555617416
73555711248
73555713136
73594295408
73800218871
73807902967
73817750967
74034910427
74079372683
74079404166
74382817334
74547234704
74547323142
74547362608
74555118384
74562361264
74562523040
74650465665
74653326977
75007288513
75036152001
75075175873
75094725937
75225226504
75226439688
75273539584
75273659612
75329886256
75329940632
75656296688
75656615544
76171435448
76221960376
76221973955
76222942339
76245667687
76572024937
76843900181
77271334165
77701694037
77739059445
77749283061
77752158181
77752175146
77918545194
77961309633
78002655025
78015842727
78025026857
78229356201
78463036282
78503000666
78968891818
78969301098
79387317838
79401996622
79679062362
79915573594
80165714114
80187089267
80371360115
80907374435
80988525027
81162121699
81162559443
81162580308
81162597424
81166004568
81226350096
81254482448
81263347564
81267521644
81296788830
81328749868
81391345721
81575872241
81606193801
81626796681
81631479945
81631542057
81893754409
81978269233
82192475075
82321998787
82502775747
82503036625
82503038241
82505186273
82506342881
82839454369
82977191585
82984892404
82989147744
82989157306
83019578894
83019581350
83019695078
83020178566
83056916946
83273104722
83273136109
84529260305
84529315049
84731881404
84731916461
84744104845
84886231365
85078203589
85081078429
85081148061
85313719805
85346943627
85372275387
85530120987
85864057901
85864744893
85873841597
86195878824
86196056698
86277119354
86279166754
86279196095
86390794687
86469648025
86646880570
86682108218
87272100200
87297476968
87341842792
87872306554
87944036028
88083961372
88194598093
88198427853
88313729877
88448183133
88459083613
88528065127
88532272743
89034640059
89045520139
89172005371
89172413755
89191925051
89203525611
89249556983
89249606391
89255899735
89342964531
89343063185
89347346789
89347407169
89701854797
89718836813
89832910413
89835281485
89835320817
89840201601
89840319959
89872728023
89877660803
89928463491
89937867747
90199717867
90829067351
90857259351
90857329246
90873555422
90874793438
90875936734
90876062602
90892030399
91082492211
91132574003
91355256439
91420799607
91469374775
91483473451
91654387755
92603134516
92617778740
92697768868
92698435868
92738192458
92738296234
92740884266
92740921802
92741791338
92742186174
92760272567
92771272087
93031108307
93031112419
93043928195
93048613227
93191416171
93192249195
93218355315
93236975731
93399199579
93554587300
93575066660
93619901892
93620006796
93943482316
94439596620
94569796696
94569831180
94580748748
94580916800
94588888976
94589199405
94589402397
94595480945
94607774117
94617055973
94646229077
94831815253
94850017636
94876203364
95071106828
95112563342
95202708110
95203098406
95238298406
95238404579
95276164643
95277751971
95280368819
95286171187
95286547524
95615783492
95616003632
95616559257
95616853145
95624024987
95624304223
95758556071
95759678489
95762106047
95845973727
95846032581
95888073897
96124661545
96183045861
96194239973
96367873381
96524512613
96557858149
96573533357
96580056237
96592938157
96688175181
97071124209
97104075761
97104786001
97104890823
97466792211
97471382753
97853134049
97853288321
97863458093
97863915309
97983166253
98144554429
98144743277
98144993572
98649482748
98752489668
98810944804
98838189476
98838241348
98839717188
98912769348
98912782680
98986211710
98986233566
98990851294
98991017822
99009706098
99011278042
99016602174
99016631765
99361986612
99363212676
99409339457
99410543233
99433638049
99450298529
99551207073
99716935329
99990253217
100158597946
100298968646
100350883744
100444625312
100444636632
100451648952
100451973832
100474067112
100474915032
101059782872
101115758384
101266349806
101854764270
101863727086
102128730222
102131869806
102192943193
102195484633
102270508765
102272619229
102310972241
102311032189
102581818109
102583496969
102755262591
103161011327
103446741503
103446757854
103465178686
103502477886
103608134994
103624379730
103908990098
103941432114
104236020657
104320044479
104336088855
104445637911
104447001186
104448271330
104448312188
105002658908
105564639811
105569124035
106030308035
106099908291
106282065843
106428997555
106460545459
106599928307
106616969715
106685849611
106686584139
106715444595
106715677483
106715717419
106715767363
106722061763
106722799343
106916085487
107080808213
107185599689
107185737993
107209968905
107211384713
107401885963
107414600459
107414701613
107415595949
107656119057
107960004601
108094718969
108145076217
108147213817
108148067673
108667235759
109094974895
109095530471
109173956391
109174122175
109180574399
109180578045
109890875485
109903867997
109912490333
110724347857
110724350051
110933897083
110941831547
110954277243
110954907963
110955129731
112157682563
112173524987
112497637883
112499616059
112507076411
112507416267
112525627827
112602069298
112603419626
112604320746
112715043818
112715116394
112884048724
112888263700
112951571476
113098930900
113099249722
113584862762
113776824452
113776915204
113776916954
113824609754
113824637323
113864849995
114221401604
114221560020
114370957380
114671982444
114693908935
114757064471
114917243207
114929851207
115223835677
115308403741
115317027229
115540840861
116089077533
117331949550
117351448746
117586161194
117587057178
117604803658
118180210776
118313366104
118335855704
118335969274
118404763418
118448561946
118448885530
118461608554
118555642546
118582020786
118585758730
118591878666
118603292554
119167997162
119817200178
119952941618
119961470514
120440732894
120440904626
120544815662
120547133454
120547173934
120943311150
120954193943
120974127979
120983012459
120984728811
121137248028
121137624732
121137759616
121140183440
121140260633
121161377769
121163682281
121164335382
121251354774
121315620204
121315630940
121315648596
121360490580
121471640964
122080895471
122328918351
122329254991
122703394093
122817911597
123229924141
123300817517
123301114797
123551671213
123645828822
123654652630
123667949270
123908728054
123921290486
124098509062
124498522374
124498540610
124663955922
124665362370
125041141922
125043067754
125044195594
125045264668
125049688540
125056686812
125058024156
125394714844
125468642549
125537770165
125538718061
125637162733
125640216813
125642776301
125645822701
126117190381
126117545759
126151077167
126477085929
126490696937
126697797865
126698194153
126769940413
126770653517
126772506751
127123546959
127189530831
127195083343
127195132379
127195156446
127352926174
127545721169
127546187337
127585847853
127669052017
127670441329
127760117361
127760491633
127760553021
127830046045
127878867573
128242436725
128476015221
128638992501
128639174261
128665066101
128669750901
128669793277
128672426415
129071389839
130217091141
130256535621
130256545509
130277136101
130277165174
130327097366
130327898530
130356467881
130396633061
130396781349
130396813831
130416105479
130590027087
130609266751
130620930685
130671186881
130734843841
130734884271
130737457247
130741572959
130770997804
130772702129
130792522241
131210284177
131213138417
131213175793
131213193713
131241241286
131244416054
131299483774
131372522742
131639302304
131639561576
131644693864
131910729850
131932132702
131938781406
132082392462
132112469390
132452121658
132584743994
132597392442
132615226426
132616650362
132620808730
132781701986
133424094866
133444063752
133444427912
133444659960
133444869830
133445986886
133576533262
133578600974
134278549774
134292613646
134296333646
134324127444
134324385268
134333076980
134413467636
134422493204
134428162068
134455002644
134584231444
134584241156
134584389192
135280325521
135329588113
135457583421
135463174973
135543886397
135552350921
135554256069
135554289581
135718261567
135718420841
135721179665
135793826321
135793891681
135897127265
135904186721
135913584709
135914188893
135985143325
136018930205
136033640504
136037094964
136037851700
136057805364
136150057012
136150430736
136921627552
136921859680
136927885920
137089024443
137113105883
137163868453
137318027805
137522103989
137556191337
137606795605
137606801772
137741540996
137987876859
138007108313
138113665789
138114375901
138114477165
138114489327
138130660239
138201815951
138204143823
138380004131
138426164259
138996848679
139017672743
139017743224
139018224516
139150773636
139164983684
139172071747
139172090755
139196177557
139276591721
139433302905
139439114153
139514007143
139521905895
139528033511
139529885671
139688054475
139701592002
140377889018
140503445754
140507980492
140749654828
140751124382
140754132894
140754136523
140785503691
140787462251
140805148355
141406818115
141533678403
141540920979
141579657363
141747477803
141768881159
141815625735
141822496519
142037639527
142608101479
142692980558
142693523702
142694623462
142715557350
142718957492
143063283636
143619593710
143633420958
143899647792
143901065552
144021722320
144021740701
144710997265
144717388049
144717421301
144717475667
144717781707
144722459083
144957429323
145342608423
145342623079
145741280349
145970189405
145970210662
146070084648
146128821246
146368776094
146368874340
146426294516
146665765108
146682556052
146682565028
147246950128
147605647864
147629582840
147677063672
148026557176
148048313848
148589379745
148611636185
148638308984
148692381419
148697300203
149104054229
149106281429
149188074357
149508971000
149529796760
149601157272
149614085784
149628680856
149683735484
149711195068
149711272428
149712312939
149716682979
149751279843
149752975523
150552117187
150558324131
150755128739
150816593011
150819858547
150820044165
150914439301
150981489701
151578836005
151841274078
151893303518
151937361066
151943612586
151944130090
151950356670
152069083326
152159973694
152298674486
152298811958
152300456194
152307675010
152310799842
152315215202
152398658882
152418872962
152655027054
152718741390
152754687886
152756100306
153169488746
153217816298
153219528170
153275113868
153527904978
153541939410
153542839570
153544830578
153546917338
153549325786
153550570042
153570369082
153577767971
153593639971
153593971623
153593980971
153623080700
153760509980
153798383196
153802117404
153818671772
153837850556
154372993752
154380722940
154438939660
154481059212
154776994636
154837516428
154837530296
155077416632
155263910392
155275003506
155276322418
155276326588
155277309753
155281421113
155389201465
155445369100
155605214674
155611192458
155611630218
155613059450
155613191546
155951818544
155953175536
155963486704
156009484040
156055988224
156055995204
156176524100
156388837496
156785502760
156785539802
156869398364
157073421758
157534810622
157537405502
157539486270
157539704462
157851913870
157888139326
157912138704
157941653784
158218084632
158218153324
158218503911
158218518091
158218989835
158253363467
158254484011
158310423083
158312547638
158945895734
158964420989
158971466109
158972460893
158973214301
158979100253
158981221797
158981419603
158981476583
159008385871
159079680847
159108957023
159382315871
159456666463
159458384383
159459406223
159469767055
159475440927
159475559214
159671978798
159725349474
159760169570
159761802338
160718459176
160724628768
160726069536
160761088678
160763603234
161272641778
161273332426
161336485370
161466155458
161466519426
161466550530
161504263426
161504530778
162064369830
162104887718
162111572358
162125213522
162144267346
162274169578
162327725859
162331404067
162345317373
162497819645
162499141604
162499611428
162500426284
162506895416
162509806776
162553121976
162804286620
162805723681
162846565425
162975532081
163018257869
163018267173
163031272933
163032590459
163038004347
163040369627
163051417793
163123214423
163154118231
163328377210
163328729233
163620984065
163622572687
163663939215
163670942538
163671630666
163675796322
163676869068
163677548196
163705202340
163711057636
163711249484
163711841356
163718141164
163752529132
163752801628
163813359616
163914827186
163915042322
163915134066
163916166034
163950369682
163954168338
163954371824
163955201520
164005664240
164029316001
164033217169
164059758461
164120093053
164199804461
164317519149
164678295365
164687152341
164709890101
164719023430
164727165254
164744355018
164747514058
164747944028
164852746332
164890986588
164915015380
164916094202
164933087618
165089842814
165089873977
165094191161
165095183137
165095750177
165102016801
165131570909
165154475677
165161595761
165392854385
165649072225
165742186225
165744136313
165769831161
165784208633
165918958841
165919314139
166000828032
166470581926
166694149542
166756478118
166771397318
166771677087
166774710687
167234883285
167283065685
167283106753
167295654721
167385146113
167403430141
167404180361
167439229097
167468484393
167596382121
167645009397
167647919605
167816739885
167822925373
167823290557
167918369213
167921530813
167923972669
168003701492
168003764724
168007640276
168007685712
168131971290
168134730868
168762377416
168948358381
168948424781
168950169997
169140601229
169167444149
169168130933
169501106037
169501214697
169543780329
169543804218
169594185018
169594252902
169662287462
169662687846
169662714758
169668794918
169676588798
169785880078
169864199694
170409001720
170462132792
170470643680
170583750624
170587673056
170608151668
171007535412
171009474996
171011316148
171015534228
171332602900
171334531092
171340125844
171340139850
171347600714
171451098442
172328310730
172328599157
172348649189
172402575269
172840173477
172860262309
173024593273
173113543976
173128233000
173189118632
173189995912
173191545630
173191878746
173191890482
173196363570
173204452146
173474776586
173474819470
173914411024
174064923920
174064984888
174141327416
174141360760
174141386468
174262283850
174397669882
174399103458
174400023266
174456420322
174456834298
174464655482
174498779430
174762601278
174801462078
174913234374
174914507014
175029407983
175038371711
175038953983
175408649829
175448237053
175490528249
175527089145
175676984313
175689708777
175689713975
175713044191
175714748511
175852546143
175852699486
175994676106
176080885482
176081538282
176576941612
176626075180
176626099832
176632208806
176867187774
177000700990
177106662254
177177672046
177177882094
177177903430
177178274606
177180900526
177185724538
177190742138
177192126242
177199604465
177215041265
177215055541
177287931125
177635989969
177645639817
177731782376
177993590504
178033442536
178062037736
178078074600
178160934236
178265777212
178522850364
179174017340
179182957116
179357351362
179360449778
179362801138
179365263858
179366844742
179466309958
179472185670
179557186566
179638082966
179661632918
179663371350
179714954669
179748299181
179785780659
179785829235
179907082363
179907197331
179907235439
179969693119
180247308067
180249750219
180460135115
180464004203
180478366388
180664530508
180664533086
180741354606
180756561006
180756655734
180759145366
180770999190
180803482966
180803739550
180821850014
180977955302
180991205350
180991629030
181390024422
181651201766
182045156031
182246462283
182339157467
182354836515
182480221319
182658086743
182674585431
182688973191
182737362247
183252002946
183252066882
183455097696
183457070560
183670056416
183793608850
183793681954
184068408850
184653683376
184714753712
184876679272
185284251417
185284304854
185400026326
185414128854
185414302486
185493546254
185493620820
185547074130
185572899666
185791482276
185940225956
185987861496
186082570215
186108635751
186108846653
186110106921
186140219936
186140250176
186767139392
186768560704
186769924472
186771980920
186816725624
186816759910
186833864534
186834050006
186834140186
186912274458
186912986554
186915814391
186917426491
186960374779
186967469307
186996198651
187040117178
187042280890
187046305210
187046310730
187099906890
187109409098
187164589939
187171334771
187384256269
187386816685
187640582957
188711457696
188849501088
188908923610
188909047098
188909407770
188909477506
188956611090
188958121790
189080229641
189090336521
189094070213
189111724485
189116252229
189719294689
189845536225
190036326228
190057473180
190077052828
190077277212
190078939612
190079534556
190079556482
190270556010
190425128810
190434276384
190437432924
190437936019
190548487059
190550298323
190647491043
190661501059
190698700931
191292389145
191294888985
191535118553
191563725425
191704417385
191710621801
191715994640
191717553639
192344288523
192899397387
192899959243
193273743819
193328172249
193328695673
193340431353
193512434127
193513563919
193513870551
193710699535
193712400911
194166379435
194171085718
194370760982
194377271779
194568271267
195211951883
195465751166
195559970208
195562890576
195582058768
195584286800
195626965008
195628038672
195928698554
195928738815
195928994687
195936939959
195953139639
195966790903
195967127927
196141342403
196183515939
196186067041
196323762017
196348259649
196357448001
196613991900
196747593667
196761118659
196799815619
196962786640
197016607184
197113837776
197116681464
197295492932
197301963588
197397862788
197398203628
197601770732
197665257468
197665767644
197933423660
198315272908
198334738124
198340588696
198691435672
199073094312
199151993438
199236258782
199368547298
199371770086
200286507066
200286577370
200291351070
200418974750
200419190390
200651111462
200651635830
201041249515
201360182579
201416240435
201418190815
201930995223
201936983771
201989187035
201998100943
202017640448
202017701126
202017811662
202018458090
202018566634
202018731557
202167905944
202285370161
202286084037
202286772489
202315535537
202472492113
202472885697
202487833678
202488239598
202726419790
202736116046
202918622606
202919035214
203502192962
203521399106
203521439234
203566743042
203590656601
203590796071
203643757351
203878330403
203880609059
203883727275
204188512811
204244613755
204251027067
204360472187
204455709275
204518116567
204550185175
204650022495
204653514335
204733468767
204842053215
205329532387
205329813843
205332210203
205344475645
205502990845
205503076253
205506504797
205506704144
205507608592
205611637026
205613701746
205703524985
205707219033
205733614553
205744086727
205744769351
205751622969
205751789113
205770601017
205778460492
205779045452
205779062954
206368552170
206368657886
207043787200
207064388288
207300210432
207300210898
207812951250
207825488978
208040686338
208043809030
208134448678
208140734598
208195469160
208327099840
208348883120
208615922473
208836333116
208837889296
208839496720
208905560592
208914923613
208914946141
208916796641
209181108167
209259343815
209261221447
209282914407
209283149927
209707363603
209707368954
209719976442
209743303162
209923194650
209963048730
209965041210
210202177914
210203787642
210205059578
210826350025
210826368873
210826569777
210828247441
210849763729
210914591121
210953590993
210960952721
210961097809
211399987281
211939567057
211941992913
211947085217
211959750709
211964438565
211979350325
211997048429
212086374909
212086377359
212318406133
212331346309
212331601359
212488563151
212488737335
212489471031
212489546167
212491166923
212540825291
212540902638
212573528814
212668580459
212671920438
212674326934
212675481542
212735203270
212787372822
212832464824
212849191773
212866027357
212866550285
212875311693
212875596621
212887555405
213392561950
213395975454
213395992422
213396560950
213396938806
213404229686
213405579830
213451012662
214077762406
214091077264
214095091344
214095184799
215159095081
215170416915
215682492113
215688830641
215710342121
216363708597
216364240805
216364518661
216496570949
216579641925
216640087805
217277521789
217442952241
217586287517
217589092296
217589134848
217644153152
217646291080
217823999460
217862238948
217868791758
217913559814
217963355910
217965350386
217992146930
217996891634
217996907863
218147057879
218150036991
218150524996
218173646916
218190468932
218208628804
218219408632
218551848184
218551885611
218840495403
218841307691
218882606635
218882700755
219051221587
219127090491
219128075676
219157617588
219157717812
219158196676
219721773508
220437675560
220463850607
220675567287
221221153445
221223878565
221235364882
221353580050
221361861138
221463028472
221518820696
221763183340
221861860660
221868381300
222041859164
222676328844
222698170764
222896792274
222897805522
222907447122
222911382546
222911442523
222999465563
223664245803
223746597951
223803882559
223804098095
223940762589
223997935709
224309081586
224313306610
224671656104
224808099584
224811935616
224850002132
224875020916
225051747732
225053607316
225372418052
225387634884
225387706692
225602625012
225613904740
225614004580
225614007185
225614976873
225617386850
225814923090
225815235762
225892928690
225893274002
225963644668
225975629022
226311412774
226425116758
226547655380
226592391300
226593048708
226602689936
226882150496
226890923582
226891201982
226954216710
226954216710

