2221855258
2578875017
5181722105
12389648048
19303395650
20624693957
20624750726
41927596487
41927670944
42396224759
42468123392
46967357823
47763969196
48823934536
48823938795
133486825454
140888853800
150414579431
179371233683
179371417175
179371489832
179377318655
225635021834
226280083343
290836849916
294557136946
294575636374
294661010593
310265299333
310265957161
317849437144
318176804800
318197525167
328763799073
328763841220
374318432299
510057663037
529800356896
547168906285
627333787882
627333976546
678818248469
699778812950
714423022335
718054670727
745193768274
824032632778
824046008713
824046055116
825072436245
828256418481
832991164131
833024861427
861771509211
861857241798
878752282629
891279856689
891293181708
891293295819
946232388057
946603227090
950420390646
950420535960
950421804177
950422892691
950845959093
950976509871
962390171325
997698720540
1005044298042
1125156450024
1125761584176
1130994677840
1131548130995
1207760490482
1291444315241
1292269299881
1299071264723
1323521270810
1323996825622
1434889961887
1484498916355
1496360679475
1527861675547
1527861939796
1527862642336
1527882692023
1528056105814
1528198427026
1529001953803
1588864121470
1588895329960
1588895804296
1591186492153
1593051377671
1824570477238
1827246951895
1954185354832
1995144385315
1995236950576
1995474091069
2029755619162
2029771529587
2029772304348
2030621652744
2030659691235
2030729535267
2072658517746
2072661005067
2072796876816
2078572156935
2080492076121
2081028350044
2081437756444
2084736416449
2084738775979
2085116527082
2094195148427
2094196199645
2094300239123
2105541633449
2105554186829
2106197508917
2106365397833
2106371982161
2109420910397
2121574425626
2122546517687
2149421580911
2149427049140
2149441451021
2188375284512
2253380525066
2253803775662
2253804092765
2253835134557
2254122714365
2254598891657
2266395004439
2266728454142
2266730493047
2273446908356
2280153389855
2296845420224
2297659270632
2299112767905
2346033785136
2346264367152
2381894347860
2465437704687
2471282746497
2475350376228
2475434431629
2475445747149
2532725789947
2532805336190
2539259102981
2547606184328
2572885504703
2586981903734
2586997976726
2587568088260
2652871558340
2652954303566
2661249482651
2661249504881
2661622386194
2682831394847
2683254343151
2683271907803
2684344191716
2687584702421
2687919142133
2689015507553
2689385476798
2712168063844
2712168570679
2714954474542
2714959331869
2714960742298
2715065081881
2758716759886
2768102539387
2768222259052
2768247271771
2768764873849
2769087957172
2769088299721
2769425162213
2777944543133
2817254206013
2817283002971
2851041080075
2852209760114
2852210797238
2972041349444
2972193164423
2981983421555
2982000837365
2986354241216
2990208268025
2990212273862
2995144223489
3003116830010
3003116855984
3018666288203
3044583602891
3044584038347
3053259400563
3095885895831
3096030651174
3100147193160
3103878775032
3103879148280
3104878001358
3105287521482
3115029176652
3115042073715
3115042099578
3115085582565
3125021445627
3125026384279
3125779318078
3125785068511
3212934631686
3212934661233
3213102058749
3213102155382
3214484897688
3215882536431
3215883712065
3215885117388
3215894407062
3239198023416
3250990731399
3251006553858
3274277292366
3279000385680
3288110347302
3303343559004
3303344622858
3303438916026
3317179298070
3317201617215
3317206929681
3317262934377
3317265141060
3317266316370
3317318364783
3317454737355
3317461799178
3457531506054
3468673110000
3468893857528
3591678244963
3598495570111
3623579203747
3623928345958
3623928348655
3656213960212
3664424074123
3664895987846
3744776910728
3752249856923
3752250635468
3755327029319
3785606079059
3785754441629
3785754484496
3785754487401
3812808746700
3816187870905
3816322765065
3816456980157
3833700223194
3932150052272
3932150092181
3932473618976
4077400975844
4077776457077
4077777667028
4077878514269
4080116151707
4080129864197
4100040434021
4135825510136
4230287517296
4237334424956
4245291691049
4273977553650
4273988452071
4344223486894
4344706950333
4344707902407
4346958389559
4346958450603
4349831704761
4349843565591
4368868237038
4378042594084
4378687999654
4380064835521
4380769753195
4380884139039
4380894277185
4380951330426
4381044592854
4434899277585
4442549510188
4468259188477
4506740188309
4506753067039
4506768491113
4506810780403
4506810785182
4515081577606
4515083425837
4520689572808
4520689607175
4525229884785
4540328066852
4553497338494
4553497529099
4556334603347
4556334753089
4564459423097
4564848540284
4589531612556
4607880918720
4611589628459
4611589843271
4612066997709
4623412759389
4626405835101
4626446636259
4626497434437
4626497519131
4626646737412
4662716313241
4662716314942
4663166175445
4663642676944
4663788123379
4702375898383
4702383009181
4702502403586
4703773269529
4703922630694
4727583446896
4727583453133
4731647619664
4733714515699
4734847370764
4734847484236
4734892042174
4734892432297
4734892441882
4803430439035
4821887173624
4824894195835
4827461534647
4827461566461
4830710475246
4888835228364
4888835230161
4892700927393
4893051383208
4893062235345
4918247812838
5023546488116
5060147673613
5060148032311
5065142320105
5067237494536
5235521264039
5235521336809
5405417405323
5472701628916
5472730845049
5473011224459
5473159387937
5521100017724
5554176551270
5554615882148
5559919744004
5559928439597
5559928853219
5559964905914
5559966604808
5559966637193
5559968842418
5560829678423
5560843474752
5578085143905
5584280278908
5585835176859
5585835611100
5639275417926
5639323253880
5639528534448
5639531968767
5639532142998
5648470954590
5648471165718
5648552930619
5668090658928
5668642301247
5668644200400
5668782428032
5668823795137
5668825053316
5669062793668
5669350851218
5669762632025
5669764406168
5671405650917
5671405694414
5671420885316
5679876868328
5687434953704
5687435246114
5687443040096
5687485067675
5687765849328
5723559463560
5723560733176
5723593621198
5723597639284
5723601806122
5723601844390
5794368476434
5844278012182
5844790023187
5847052426573
5847547710244
5980623342565
5981387382436
5981387456065
5981883789154
5994267474007
6079126919611
6084746383306
6084748055119
6156280545160
6157596157231
6161573638822
6161573926742
6177221144105
6177223887737
6177223898141
6177223900066
6180333367449
6180337852014
6180341322870
6182222231565
6190965111051
6191008886043
6191022653208
6191656029189
6191705151396
6191706942549
6191716394763
6200160458787
6210503809677
6210526155876
6213119527206
6213137362353
6213137506747
6235017464158
6236908331236
6237058956487
6237195595873
6271996490305
6273487635019
6287641770297
6290176839862
6291083076925
6358387036628
6406402608506
6409261702037
6452521731689
6453071005487
6460892102849
6461116949261
6477615173351
6477615292929
6477616495779
6487826000967
6488475871662
6492713709042
6498180280371
6498517060958
6513631734788
6520058273654
6603294589694
6603294682520
6603614828297
6604049978765
6608542325000
6706576409729
6706935168907
6740228627824
6768572668357
6835722957625
6836233977796
6909718769179
6917265451249
6928672327117
6993330750907
6993378954574
6993379951846
7091580707998
7091909882656
7091978664541
7105129672483
7105160056474
7105160057883
7106362506204
7114913506590
7114913511907
7163734996687
7180356470464
7214910877204
7215259444909
7224635444923
7224635988487
7224859328725
7224896090008
7225169408146
7225169439592
7240220403984
7247327268978
7247327368005
7248440816499
7354887631914
7354891656480
7354907788629
7393168458237
7459617209250
7461317624127
7461317693682
7461545474115
7462814468409
7544293712361
7544433094974
7545206908556
7656512974478
7704678054050
7704681853841
7704771405850
7705090930033
7732652464288
7734902224555
7736311565650
7744941323308
7747706778013
7748634698731
7818976229491
7819009554532
7819009737139
7829760611422
7832084733309
7832104199796
7836495955416
7837245579351
7837247257698
7837270614858
7837287109212
7837307837598
7837738642359
7837756860069
7846770861963
7881627644219
7881781427498
7881807625571
7887878249282
7887878264347
8043524015201
8043765217957
8073982945765
8079112864885
8079152523943
8079432359503
8079432443419
8081077638307
8117283650755
8117323350583
8122678153987
8126282233543
8126295617106
8245691447787
8245691688600
8247847580304
8247900329367
8247902340696
8377240636257
8405979850536
8436900152832
8444486473107
8460133675053
8460133848285
8474110097046
8526957882897
8527678595625
8724791636616
8724792246891
8724793654266
8730670251273
8732417806428
8737853451657
8738257527123
8738948616936
8743918460280
8744713499292
8745823648041
8765162223375
8765194482609
8765684714697
8766668965980
8767536159594
8810996865411
8811595147260
8812223881329
8826101281335
8875178289194
8875214341286
8875214438492
8875214471021
8878859480182
8878859562407
8884344287462
8899874493278
8945147099057
9031917487121
9033669212715
9033670609290
9033670664213
9035712580496
9036831440948
9040503787781
9048075005711
9048085180364
9048085358714
9049901349311
9056158947773
9060134950748
9160491445634
9160808643651
9161426692788
9162138038000
9162140367803
9162140408627
9163425255818
9183359843237
9189166094390
9189174354689
9200698652774
9218777138597
9218777165739
9232585774389
9232585779753
9232591942989
9232593578541
9233234245905
9233345028390
9233426354118
9233426360067
9235165331043
9272617593714
9299141243217
9299375451234
9349310297133
9398639079405
9429194636255
9429194755946
9429194786096
9429194884241
9430901754635
9433009127837
9433454249306
9438624950693
9446982214712
9448064934989
9449534959844
9460980073220
9462144129728
9462509052548
9478225294061
9478225310282
9599088420485
9630243617669
9664557700157
9676476327464
9678184201691
9679262338016
9679298498279
9679298551821
9680831234885
9680831243624
9702496498871
9702496512311
9702537015815
9744876328220
9745357093514
9745385269364
9745385848388
9843175803788
9880429035293
9880429059989
9883246459823
9894244172648
9894450090179
9894451048814
9894778025861
9931596048389
9936021530873
9936200182571
9936219483818
9936219611507
9940635858071
9948412257077
9948412286824
9957794743641
9957795074436
9958271243331
9958271303239
9978106275682
9982664498518
9982667962636
9982668049153
9982672362322
9982672369312
9991314296446
9991430721391
9993778922974
9993997095907
9993997223536
10048609623010
10049467242994
10049883718912
10050831973681
10051262440891
10053146134771
10053185857981
10068682754086
10204052275009
10320569526715
10325678392462
10349105898097
10353275668948
10353276270535
10363562746666
10449927577870
10449927625651
10451424872095
10499731544830
10499741137751
10499755726958
10499755741295
10508999229077
10513690403126
10523426722773
10523426774514
10523468879778
10523850360159
10612935762744
10613431467894
10791664577055
10791736318371
10791774950997
10793438144814
10803397671650
10804290023063
10811994323240
10812160573436
10813284818319
10813785542553
10813800390582
10814634152985
10892702365680
10892867214450
10892867221463
10894506557702
10894531155053
10894822913519
10895125716791
10977713443745
11011835556308
11011837273427
11014926509504
11028272107319
11030092050683
11124524665058
11124542190218
11124850388840
11125207808063
11125213247132
11136942003473
11136946709654
11159528767073
11164487591744
11166117660431
11296447556156
11297869357661
11298471777440
11298471876737
11299246073500
11299583882812
11299767859084
11307766487587
11307802423408
11307802430050
11360136634819
11360266440559
11366482314706
11366482401568
11366488462672
11429311070341
11433160415602
11433253381327
11433253740589
11434042806631
11552302982911
11552313126622
11552751260195
11568825362462
11575770944225
11583423178787
11583423201211
11583450187333
11583450211720
11583450708601
11583459830578
11583654365124
11583657109809
11583658229553
11583940376784
11584003726884
11584004288619
11602061238729
11603330142690
11628761745756
11644943727474
11644997222223
11657585667498
11657597359813
11658955583275
11658967586260
11658970443084
11659417238618
11766467140968
11814825550074
11815457295966
11815466212365
11815723710989
11830573346969
11830612785951
11921602393884
11921752243893
11972194877793
12052959883290
12060303584976
12060785739744
12060785833431
12064257914631
12071944145814
12097777392195
12097960936170
12107441419248
12206255964465
12206692295307
12206714564070
12217852504548
12219101213751
12219222454470
12219264244395
12222862513308
12224220321006
12224224628791
12257582003755
12258211674589
12319012784152
12319916582818
12320535966973
12320667348946
12320703473812
12332438340631
12332863690261
12333399518602
12364297498342
12364297514187
12367391925921
12378354638126
12381850100789
12382453483406
12382453734212
12383895080936
12386321887808
12386626221350
12421394860449
12421426929159
12421426973095
12421644285016
12421672657255
12423410347582
12423413668177
12425031965071
12425032409833
12439417592044
12441511157734
12458962243315
12539689194097
12544305822064
12557114730595
12583495186732
12596970385774
12596971486905
12597405615153
12598161009327
12602835334485
12639436436053
12639938706928
12749026240522
12757550283955
12757550854204
12777053419849
12777060217045
12786666680887
12787710082279
12804245206333
12804459089830
12832003145419
12858367656149
12858389389826
12858400318994
13028529117233
13028825497286
13122913787531
13123107749261
13125638857430
13125734445017
13126738112534
13132596301148
13132673779187
13133694067175
13137284187326
13137284246447
13143097534097
13162956421385
13167183857393
13167504991564
13167525717763
13182476832709
13182477991900
13182691282738
13183023610510
13190166159129
13197824966169
13198357260567
13201974623043
13201974630276
13223683995126
13228117162319
13252523610980
13252530269585
13252558960564
13252829009623
13252870107727
13258846574152
13431729658330
13431740327315
13441673243915
13442833454959
13442833614916
13445631080305
13445636775739
13445672036740
13445682645877
13460952252346
13461062821120
13461062822797
13462397963896
13462398249421
13462413230614
13462413422098
13501667612032
13502043441907
13503101051050
13515443057554
13515508744675
13515970359022
13617540839167
13617543744070
13617984662953
13621518596707
13625016708310
13643704913474
13654916595551
13655610080129
13728241387739
13729244963510
13729249729925
13744987627928
13744987648407
13745352922578
13745353001700
13745353043058
13745353481727
13745399382483
13745403904887
13745404089195
13745722186451
13745723105828
13745733122774
13746174617722
13750199220589
13770209568562
13770321149788
13770325359385
13772790049429
13781672627272
13781672650570
13888703726161
13888703785981
13888704007372
13888705623889
13889196399811
13889464974346
13889464985845
13889487699268
13900797482218
13900797557848
13901503647478
13901704492810
13901704645108
13931349013849
13940789079739
13941614860321
13941615415819
13945233249391
13947338997670
13947378349420
13947573230803
13968454359421
13971937341474
13971937363755
13981236223128
14068194219033
14068194356922
14229474800874
14359751418228
14361926737407
14361926745461
14380317143168
14380319875631
14396178465209
14418232175639
14421195671852
14421490621607
14428355886512
14428397782871
14434702989164
14434755464042
14436453252068
14436453500561
14438461935966
14442070275177
14451014450697
14481034678959
14481336294690
14495373578457
14499819658212
14500494149777
14657375137616
14694992041703
14775834815388
14779175755077
14779188203427
14780420419653
14781261666699
14824733264937
14825262639222
14880934804059
14932748765556
14932994359746
14935810997046
14935862379720
14940197475649
14944706747036
14945875137440
14947526428496
14949049067441
14949056426696
14949062368845
14978705616384
14978711357406
14985842764185
15063237680934
15063260127716
15104128939301
15106272949442
15106278404306
15106316679277
15110545048614
15111060065835
15111060617094
15115852284387
15115852314925
15115852968469
15115853156266
15132102581233
15163583845060
15163598384479
15164882876254
15241428449491
15249933031775
15249933036779
15252167214743
15252216896942
15262265914811
15296730981056
15296764722092
15336227016674
15336244619837
15336249990191
15389425090916
15399946028393
15403679932859
15411736240050
15418063622799
15431482377414
15431482465833
15488755386069
15501924139755
15501924235002
15502553854806
15502554922467
15579788760156
15579790642137
15586922894313
15587170683600
15722637222324
15722638387860
15754958658588
15755007587367
15781898391057
15821029355085
15821040200418
15866708626422
15866747801046
15875175443454
15882152200902
15965727290291
15968921742371
15968925009614
15968997935129
15969050891957
15969264312809
15973518498014
16020476093333
16021153680608
16030980391134
16032979435980
16032979573365
16032996048036
16267672377813
16269033850923
16283780835182
16284288794363
16284399261920
16284610486754
16302000664245
16302000694638
16320506001699
16328745893910
16328745944031
16328809089615
16353471672102
16353472122138
16353491321568
16353491630655
16368408590106
16368974110902
16374248173911
16377863571489
16430422524178
16430422559710
16430534405077
16430534453344
16430534552767
16431165636403
16431256196032
16431259404766
16505921615230
16505921707948
16511924334043
16511925959731
16511951546173
16521242215231
16521297911641
16521301018882
16526358571123
16527903183046
16527904412383
16546373581456
16546871718346
16554169289011
16554171649561
16554190917274
16567902823345
16649601434872
16649772070012
16649773576369
16649784147319
16698354229384
16734745180591
16734745988404
16739363084389
16739638549432
16744611668532
16749160592982
16749161192220
16749621807225
16749718893258
16819083104019
16819169171217
16859623540788
16862883795135
16869849450227
16870258187405
16875181690811
16877149519592
16877149809842
16913656561287
16914628527510
16915017010881
16920654977664
16920655008282
16920655137702
16920655286043
16923758616246
16923758736411
16923761684163
16923761696475
16926160627710
16926750389439
16926750559386
16926750754434
16929379601715
16929436216449
16929593224176
16931037991596
16932865676244
16932866638866
16937568946932
16937619176247
16948953694518
16949737872200
16949738211104
16950392710220
16978327374944
16978342274975
16978366320473
16978367588528
16979737171034
16980441684653
16980443495681
17012422426415
17012450925356
17012775517709
17032194592924
17066115732274
17076180693373
17076180709498
17076181664576
17078288462183
17078289031937
17078294594936
17078592201203
17078604309164
17081551486199
17081553380170
17084088509695
17098926401005
17121269320681
17126382668836
17154250352613
17158064009679
17158077198261
17158592577933
17158593029292
17158602772377
17158602968487
17201384429607
17235589498825
17235627632815
17235627951367
17235628044625
17235698681323
17240323989493
17240324861242
17275251516679
17391830901058
17391939773518
17391941113906
17391973907971
17392410706546
17396093201689
17396937956683
17438205295117
17439739645510
17440061904145
17444097915202
17448220182556
17448220585369
17461994694859
17465557462525
17465650878043
17468807461408
17469376280425
17478999949285
17481313305558
17491561728387
17491942450095
17510238906675
17510238978171
17523550136904
17524377945564
17525015175265
17525059037737
17528980627384
17529041848075
17531564263567
17549233200592
17549239664635
17549577134044
17549615128795
17549615153608
17549633353822
17641613416887
17760624353793
17760974526799
17837552594536
17837554448383
17837595428389
17856777581399
17856777640296
17864286934431
17885436691908
18073095392955
18073095425774
18078279996905
18215425021151
18297204225113
18300335888828
18300343068731
18300344020076
18346840271584
18346904991610
18347208759349
18347209026406
18347209027817
18347827093700
18349012577462
18349012593675
18349012798443
18349431660945
18354455323877
18356035999268
18380379255155
18393723993815
18393750162269
18513421719752
18513429380894
18577768552373
18583815301193
18614445493718
18641457605929
18641798820679
18642722346472
18642751294927
18645474534979
18662018647603
18662174361274
18690506262247
18696802930411
18732146919673
18732146979694
18732147121849
18739273745659
18739273941580
18742683010936
18742683035650
18873880552480
18873884355853
18873884381780
18873898603841
18873916981931
18873918675965
18874060834583
18874064341397
18887792525309
18888517420417
18889065867529
18889066059919
19025346806890
19025700018325
19025713858390
19025735019127
19107933373267
19107933423296
19107935119193
19114447591724
19114460609153
19115990863988
19155577540550
19157430734366
19157462921174
19165340948159
19165384861067
19222780352084
19223905432364
19223911322603
19237299915716
19240845699977
19299821716178
19299922838522
19301240552705
19336397106959
19337620471157
19343688099225
19343719454244
19410218777751
19447479866308
19447581813731
19447586614622
19447586660897
19453217575190
19453377302735
19453378297010
19453405123967
19453405207979
19453405846097
19456290311015
19456318248722
19456324809965
19456327662704
19456329505373
19467336179924
19469479481477
19469716681310
19475813733911
19475814008249
19475856565858
19497990562505
19577717542736
19583167399397
19585681960481
19585704245255
19589488329098
19595052997583
19618395309608
19618396427408
19622040755270
19622256343169
19634283384440
19636252470986
19643173317389
19643174311088
19643174841233
19643174930081
19643174930321
19648487778803
19652927531282
19656189767609
19657776503798
19658018256206
19658030271368
19658030433980
19658050937834
19660787738699
19660795856787
19660799068518
19742066410489
19742066552560
19742717274727
19747846105726
19753365566659
19753415463064
19757537175901
19835976273178
19836181282801
19875049141169
19921988741737
19925137683820
19928296905825
19983514251531
19983723088161
19983723902940
19998419415177
19998495536367
19999575778773
19999575973983
20008868481497
20044816439306
20044816583858
20048182915346
20048602954211
20048606434700
20049857789287
20056150169228
20056492887437
20113650292088
20113657919372
20113668884261
20114260208198
20114468724500
20114564305148
20156741596691
20156741887940
20157306501626
20193642301589
20273168789081
20273516628575
20273519043032
20277297923153
20291849309174
20343395288327
20343395703068
20343395739435
20344363499469
20378081836596
20378081896005
20439905081322
20448013018890
20478392490006
20506935748716
20529805047486
20539125395451
20539128399827
20539337106875
20540221811798
20540229472859
20540265082853
20547817390904
20547828328091
20561928373529
20561928838541
20567014510211
20571987735089
20612498111270
20612501984447
20623880534083
20623880549176
20623882086016
20624013197785
20624014118269
20626802521156
20649522196234
20726423992162
20730080307700
20730080316022
20731969190257
20745316921552
20818824859492
20821730585170
20821731291220
20822089311868
20832682978030
20892580372525
20892581040343
20982610865830
20982773998534
20982774128917
20986454620269
21002382438480
21049596368018
21049598094524
21050776367747
21051158165459
21053869105049
21055955948774
21055955984468
21056206332545
21060594954137
21060596128880
21060700478051
21067942955999
21068419025572
21068452638574
21070317733411
21070317790077
21070317847078
21070324539298
21072381123466
21072414806911
21072549620152
21073908090826
21078021439653
21078641497243
21078809240386
21121331671876
21121709486575
21121752740332
21122327700445
21122423359825
21122427196654
21122427252229
21207742664605
21207748227604
21207807225088
21281182707309
21288337509291
21288463178685
21288518330609
21288531180233
21288534686318
21293116659247
21293116661699
21293121942992
21293121962029
21293122130257
21294161195827
21308592653329
21419374747432
21419394848149
21422822428281
21444023166915
21463449038071
21463776983095
21463781999587
21464014534549
21464016489412
21466279928716
21466540039561
21466540311964
21466549954681
21500859314275
21608763610673
21621255550085
21653865927050
21653866014539
21657770511566
21657770524694
21741102599258
21741105295100
21743067461825
21743067544004
21751122779057
21770867434016
21781280670296
21782301760184
21810512873165
21821557669313
21829399068530
21829399094630
21829998021848
21870683753876
21870686395727
21877641592604
21877646905970
21883777300979
21896289902712
21896296121325
21903364818066
21967536318816
22049169553650
22049169759417
22049169759446
22050664038596
22050702825086
22051031019128
22062224132804
22077561279899
22077688569860
22077688647692
22281197888330
22282169600513
22282719526658
22288946552345
22356158247086
22391757961322
22391774639852
22394793401879
22400207339872
22513753497955
22528548834106
22544932097254
22560779667874
22609029726664
22609039082104
22609555032583
22612822331851
22652358465142
22653585943435
22655109643831
22655210208652
22655214309277
22655215335871
22655220135099
22655220443340
22655221772388
22655351981697
22655354381583
22670804919969
22700642674914
22785178836051
22789923954293
22792251311579
22792252603367
22792254886781
22803094837784
22824567824951
22828888274312
22850456492081
22864709680652
22865162170952
22865304295334
22865761563464
22865761618787
22867513785902
22878414675911
22878432850855
22878732432676
22878894808435
22878924479780
22881714421991
22886681856287
22914863874253
22921091477038
22924542477745
22924551640546
22933229748335
22933229784854
22933229934200
22933242885614
22957436592122
22957436622983
22963383447773
22963385325839
22966440884870
22967478149237
23006197942010
23006832957143
23007006852803
23007012212897
23036661818045
23067144893510
23067611127467
23071338948221
23071349561858
23072196147371
23152705410356
23152708708352
23152775906114
23152775940890
23153830024589
23159182339835
23159182372138
23159184810481
23159189213290
23224543837678
23229765550144
23229765773947
23230364773564
23230366784227
23230383919102
23425966600345
23426018360737
23426018529622
23426020279465
23449710246190
23450948907100
23454360049732
23454360121399
23454525261769
23454528327943
23456008881853
23456008924405
23456020001560
23565542134644
23600254140785
23600869744295
23600960152634
23602239805808
23603323669886
23603426034608
23671576973215
23672284518016
23719610401948
23719627512307
23719627514758
23737416194302
23737507932112
23738740349137
23751055785724
23783269159861
23783380374400
23783386912747
23788192733710
23793998827335
23803302457500
23803304394174
23805695992319
23805852065387
23805852078389
23805852285980
23805866307566
23805999471200
23806001313383
23933569542431
23957635848116
23957657789062
24010510062079
24017814070543
24018664080898
24018673974364
24023737825394
24023782810539
24027828860248
24032008750633
24032223896758
24061952751496
24075904959754
24075929781475
24127686945232
24159988414726
24161433818452
24161461267489
24161859796565
24161859811711
24162700708837
24162712052806
24179211829360
24179378584018
24185809861573
24186485727598
24186698361589
24225902027464
24225902973541
24229486598302
24230107335985
24230107527361
24230121995879
24232885731912
24247953311898
24248244193833
24248294693850
24248304142284
24248314481079
24251470394250
24268518382191
24286802404074
24288394368948
24297797686002
24297808224683
24346799687063
24346799750054
24346822080541
24346827994432
24359602773190
24359602797563
24359603249786
24379593934442
24380411521505
24414225603737
24417013626086
24424469200526
24474288080750
24479494785374
24479500691813
24494465237126
24495420072578
24495997188365
24496018935111
24496020585891
24496023195282
24496192633107
24592601570048
24676220982246
24676221551387
24677659907474
24677660275700
24677685655835
24677686697333
24677687228855
24677880610334
24678161388329
24931668754298
24940532618494
24940641741046
24941207392666
24953063884901
24955072731881
24955072921799
24955761177260
24958785349520
24958811141348
24958855856750
24970081104604
24974365408660
24975188224156
24980695222537
25096841948395
25107890383711
25117552373692
25117590283879
25117598071786
25141801613341
25141836992347
25141839933700
25145528965300
25151268254923
25327765966018
25332249487576
25332275099533
25348457957023
25352330082364
25352907262408
25369932914998
25435397245003
25435407283852
25442363448206
25442418304727
25442530639982
25443095865029
25443100055873
25444041935537
25444052284664
25444052450877
25444058607147
25444209483903
25480050396384
25480050456369
25480096142070
25480237329525
25486584884535
25486584981249
25509941449845
25535722956936
25535722981479
25614519207108
25616618549259
25619278424586
25671980350737
25699594156317
25723079596989
25723085849388
25724614191021
25724632064886
25724633667714
25724680175124
25878995649684
25878995660694
25879085981747
25879086098000
25879813546769
25879821008057
25886356269254
25886500301117
25886906835131
25887455599274
25889009877197
25891223895128
25891360632929
25893418549628
25957823367557
25958870837768
25961071713041
25961111166521
25961136405905
25976459072747
25979775087440
25979775969530
25981251481568
25981282673963
25981429691609
25981436461832
25981436534888
25982277977306
25983776640926
25991975208735
25991979686820
26004310672329
26009513941752
26009519956245
26009520065238
26009521851661
26009541314422
26019490451131
26024646544255
26024870841752
26025467494718
26111587880834
26111588150861
26119690780550
26119713717806
26155535876657
26155800374363
26155829170592
26157975174548
26157976598663
26179743015596
26209817466532
26299736235433
26315078405662
26358383406988
26364526864948
26364529268623
26365741367446
26365994498845
26387286380704
26387301427553
26387893235207
26387894488358
26387989168006
26387998389127
26466191960662
26466193334917
26467742879092
26468302443454
26552703783871
26552764704700
26560591236307
26561259954982
26562908145547
26568998990848
26569020298789
26569020314827
26569020339592
26569112195216
26570449477919
26570504261045
26570504270711
26574134522240
26574134595299
26574147382463
26574147581453
26574147727397
26574504664832
26606800909988
26627908252193
26633774054627
26634192324938
26634192447131
26634835778696
26634917527541
26634924913040
26634926629106
26653646815478
26653647052079
26657550131930
26704252635569
26704253753207
26712311491487
26712392014640
26712889133675
26717501709334
26763651625870
26765262954982
26765283263221
26881610005691
26881611327713
26888980446368
26920829503982
26921218819871
26921256526667
26924125133084
26924129671595
26927748607658
26936684111561
26938194490118
26938195252652
26938234748414
26939062300466
26940257895110
26940353000452
26940353735594
26941181366378
26941209037031
26941969037486
26964469267016
26964469379966
26964475586672
26969573719463
27102939557084
27200024376182
27200894876540
27209494741958
27244761252986
27248691392102
27256830411017
27258797521127
27259589460071
27259639452704
27269424312806
27269680172123
27269680536107
27308527495397
27314869645223
27314889309269
27344054388435
27347780144139
27385192112127
27390660772059
27390689048145
27395168896758
27549630299091
27619150048401
27619151454570
27619376887626
27619376948701
27619385914564
27672708821407
27682942578824
27682946369534
27709644777833
27709655308238
27709656933422
27710436098099
27710489631728
27710489670752
27713265032801
27713297562968
27713297687819
27718496775122
27732172115255
27732181458281
27735148472729
27741868261058
27742478958938
27768430522046
27812599173668
27812600737130
27812752647069
27812752682763
27812753591583
27812777262955
27812827070989
27814124198060
27814137291822
27827360659178
27828737448587
27828752450192
27828784271771
27863006711555
27880804139204
27895395098879
27895434397982
27895450850621
27895450988896
27897120515400
27897641775915
27897943771941
27910327706097
27910459395255
27980687224701
27980844973755
27980937253491
28000704223476
28000704952449
28017392672241
28029994352136
28034544103830
28034641736739
28034643918150
28066821509403
28067077919844
28165169652813
28241171413677
28241529723009
28241542601325
28241592835986
28250650184949
28250663201973
28267621911963
28268132629992
28269825287172
28269828027483
28300754944494
28301029799526
28302806702034
28337480141295
28342109346699
28342219394352
28342219412385
28357466553090
28357481925513
28358057610138
28358066175402
28363209370221
28363316859084
28366410199998
28470190240992
28477911015840
28478503483131
28517610362535
28517636963016
28517637583042
28558455246547
28558455350011
28624097407057
28624115294530
28624401445984
28632738809950
28634059856365
28634935381720
28634966488195
28638154783699
28638154874404
28731155750910
28768386381606
28770056781655
28770143091967
28770147912844
28770147949044
28811999795439
28812094943061
29002772585366
29003864165180
29004049392978
29008392254087
29012328283280
29012329370500
29017912305301
29017921949971
29023164969730
29023322220781
29040067395250
29040411795262
29069463903262
29069463929189
29070069931457
29070069973010
29119740874568
29120254738649
29120254776389
29135903951261
29265916208942
29265985588196
29278729243172
29278732539467
29278732624733
29278743169313
29295523403984
29298835793684
29298876103120
29299424688013
29299425750463
29299447913521
29302528342387
29302645771165
29311181175312
29311181212734
29311193421024
29311705198707
29327130249675
29328357405993
29423364130842
29515674744821
29515675183922
29520072252398
29520073950212
29520119440541
29520119760248
29676217694063
29685623845469
29686101041093
29686137139472
29686641004589
29686642475821
29778589154320
29778803174869
29778822499201
29799740211010
29800416749692
29800437432052
29813125408780
29814078019225
29814078117883
29831689679746
29832759035995
29833892435056
29833893686263
29833894289065
29961309552655
29970286372390
29970286744234
29974963519179
29977773627069
29977773668604
29977880252049
29977898360580
29977915860468
29977922296080
29977922298624
29993670686607
30022174979889
30022478248089
30022478737572
30022479241770
30023588772480
30026583737751
30121326314958
30121328197695
30121429328949
30253547852733
30298323536607
30298325476827
30298531643294
30298531644705
30359510538234
30374204881884
30375006750537
30375178430037
30390776894088
30391871526792
30391951628097
30397106490951
30406765317864
30408199582218
30408243804816
30418496153604
30428497276899
30428498043204
30429800053971
30434180446572
30434211337947
30561392077980
30561413026524
30561413026884
30602271732198
30602437816380
30602438796930
30602438843583
30602439037941
30602808035142
30608031737990
30663675067232
30675172627613
30690704745353
30691329838067
30691330940558
30691331066117
30691332650234
30732493655481
30738613475481
30788391609114
30788392036173
30788392075719
30799432623417
30799941289620
30799958542134
30800471992872
30802052860827
30889514269140
30889517234631
30914929135638
30916258768215
30919133948765
30919254553067
30925696876970
30925739870177
30927858846414
30939984204270
31049514174040
31053632147458
31053632152696
31053632651224
31086631084003
31086633072553
31086648287836
31086864160795
31087285908776
31088104465535
31088125651004
31088125653532
31100839622485
31103487380455
31104018591826
31104045616585
31104255476731
31112949383230
31156033882630
31156044708469
31156059723157
31156135187779
31156222953088
31156223446702
31182157216378
31182157677673
31183106122711
31183225730389
31183520306167
31201021566118
31201322161802
31240283724068
31240283897408
31240297625207
31240537251745
31240551868195
31241585095639
31241834505790
31241951540908
31402684985623
31406364385675
31425528194443
31428710286004
31428713433313
31428871653691
31471979451040
31472617735432
31472686656550
31475224494928
31477100580073
31560643586413
31570892964142
31641699564826
31641716037903
31641724950657
31660964618237
31678812447488
31678812688976
31760187631577
31761214389923
31761233814857
31761234340250
31776367122725
31776376060994
31776378044792
31784038589660
31788770842859
31788779143577
31818138716318
31911705299282
31911716099750
31911947420927
31912357954118
31912542908423
31940642056334
31940689472681
31980916059529
31980916108404
31997929669296
31998193992303
31998276530104
31998276639478
31999276489225
31999276495807
31999280160733
32038215436846
32041895395560
32156951342163
32162155135340
32165804255319
32168238430309
32183041157305
32183041532947
32183363430187
32183363543110
32183430998209
32183442084112
32185500414154
32185564518310
32185565416780
32241271062400
32241392580593
32241923739470
32241932578048
32241935882131
32299237891465
32303303119870
32327069468866
32399412788581
32399416181347
32399420324335
32399420892919
32399420899229
32422422229442
32422424695892
32423033289878
32423038801928
32423038820768
32423351649248
32567320888544
32567323447010
32567323768743
32567324302536
32576105697405
32577398161917
32594988554385
32595031516542
32595045811017
32595046206708
32595046420809
32595046448403
32595328177743
32606156422110
32608441326885
33510337535789

