50065596215230
121470475051207
122996699472807
125008346736645
145305603035147
188245276831233
214400819511229
297197706655084
297671829567567
316281186154715
470590450814128
489858773019705
498423082136812
515203746542172
522200535094868
616111965868825
694603590656578
730040902429917
742667544975597
763442333308156
768697363244059
776700069628136
776765252594699
818573122858334
819879304864208
1030093011768855
1077674696446731
1088353754191119
1104791150013101
1151490933054463
1189637582182840
1351561134468556
1405426723585856
1411958792993900
1428130902489828
1515922814327538
1571322732169363
1593770308746250
1632563204823565
1671793301317615
1829518072156060
1893814032934806
1912909154998692
1968347898737223
1979621907258161
1988251537374593
2012821013947340
2059320257548292
2062562941341992
2118476270158907
2183499043975968
2203501686344531
2293990655397199
2308402575467589
2315187230632723
2327994766423369
2400558620861695
2431031378414287
2431122178454810
2436414142265338
2436736922031584
2625673209173589
2630772967797450
2661098229170709
2707748796818252
2791327680700901
2793500221082121
2833169507655458
2837746096298335
2844186923256799
2848693355478433
2913318099360000
2971276476079951
3004233145598591
3066307877153378
3125201610411251
3227996780940955
3238777968812224
3306543428441758
3307844073610333
3310911021143343
3366485188675853
3367142317471944
3401194588576336
3428167211345101
3478395357260940
3482478378568470
3483111661748145
3506664415777201
3525546405716716
3529547702425760
3614779192947388
3655941072293584
3675420473313649
3692205420618463
3696696504899843
3718281060925587
3734971228313962
3853768464911293
3855588763529041
3855630437638017
3867652405319588
3899498313441621
3925293850064725
3995340909687340
4089182117056883
4101577537982419
4165867726487565
4223828865880064
4305384604682321
4313340627689732
4325172974444367
4349687387844842
4429460916115874
4431629898360004
4463498672808340
4470529339785838
4479241078462978
4522130607861097
4555361255740045
4564595582640654
4611449566821349
4617747201201904
4668111973325283
4677595668958367
4683754047915427
4683754935148615
4684692133096570
4715798561499459
4725534008699827
4760175811981047
4777127119513317
4799569113663591
4944098597215675
4978321895064523
5136767384025898
5140047234019756
5141362918366724
5158446814402634
5158740539865482
5203900404427994
5250054527003678
5347328673857183
5373505548833052
5374015913066292
5456260538155721
5512500004008320
5512623631453271
5589991382307856
5610227421855169
5685473740695548
5686670320343077
5794058732048803
5794419637547785
5856242518024372
5887199490434259
5893984808158977
5928529973212059
5928566557376947
5947327004315883
6011224193460127
6069963033257913
6135724817767176
6136178854866737
6140391669133153
6146051258259598
6175441133552618
6211982647342391
6282551885121944
6289200106851212
6329246198737645
6400231574700757
6470760389167440
6555683384519049
6621102232704597
6691283185427762
6742051024210056
6748976447334298
6763126138400980
6763812871345315
6783392648863993
6814217163596078
6838666917088947
7038332930417099
7146268388008286
7152169100676754
7159142493021407
7221500237697495
7221918332837434
7252467068095063
7258215029972133
7273741365849741
7282358720769780
7282402068798786
7288685440608891
7450741333634276
7466336462892611
7483434129365971
7500297112578531
7502856992243155
7513607706974372
7583937609103883
7585614817530483
7602223015247185
7732773458845840
7742365668356234
7776098610564841
7792871026473035
7818636767931583
7881693323633030
7885229377177943
7892428029435441
7935736865213509
7946366998029154
8036892602698618
8072732194594137
8118316598800635
8130347219997892
8137196744036515
8170043962857945
8171089791973443
8172532653869823
8175736968002633
8386503406687247
8404126163630546
8415700730985820
8433251152370916
8448958976839570
8469440456830840
8470273510919464
8470370003212144
8519861389421994
8524362748643284
8577369657498760
8581131676026230
8752809161415442
8761181796746934
8800596178150006
8802218806630567
8803402649734375
8878218795592895
8910580216095780
8914113496046230
8948385717372376
8970898400125911
8987387442398951
9016933994934679
9059179924232431
9088696298401475
9100771910405219
9126520159064275
9151821837660545
9286413885102837
9289499694704426
9292203781080714
9297205784297820
9364020837099965
9373953182801225
9455636479547242
9486689998272000
9486815785901856
9491509643896007
9512521476876106
9533127029850112
9544691948619483
9666596679667572
9799073591729108
9838234942340086
9892995071995121
10022199349269025
10027534034388600
10151046636801962
10164217594092356
10174775737407980
10214839771433443
10275261411251278
10359915194655928
10364301686176248
10364609533743748
10378244982302711
10380892825859903
10388777322068867
10398919023795233
10491535729427490
10520361221925729
10587141480249184
10594534249942225
10711416879913877
10733701606170257
10838179906419772
10839678527800348
10903963179781427
10931343747147001
11025085318030395
11051673274715277
11061345572757233
11062395577866241
11165897919654840
11192691449145236
11202756125656079
11214968769386315
11225301479165472
11249423385416537
11269536116531807
11295482458939902
11452366888118323
11515960196389740
11554295571768300
11568378143455080
11586295352802699
11604218231249713
11638999205603879
11639980423112723
11671091292332583
11748580052684619
11841990227081361
11852206819068325
11881058055650009
11887999851069653
11932796584099451
12010384066435553
12075874771373020
12172525965837673
12172862336783785
12267547918622766
12311088980643550
12311699125611840
12330200465002470
12354938819294298
12524858369676572
12548806273890204
12657804634202318
12675304521807721
12697148449451487
12704096902048304
12709595946086636
12753416006786482
12780968974046266
12835085888203727
12963017410430056
13011042420169747
13013760296248930
13016304133552929
13038002159623819
13056862355345511
13102297002790470
13152009859214391
13207866175846532
13320436220379400
13419290395356182
13434422130443200
13445432277445150
13446705800313196
13486096028758731
13491190839407033
13501793067523359
13525696684752529
13567723738378545
13570546217930709
13600146276635029
13605513006226709
13612579467245109
13711954051389369
13712162402565657
13727433627231328
13762182467404646
13764412373589845
13773589265652469
13864954675048692
13877301917628943
13878492710119033
13888162765243981
13917236079985309
13934480543020381
13983373897991811
14005656420566021
14005657202570501
14029721132575093
14050525869481893
14056948138934549
14118125484642123
14161549654587366
14235882115068321
14257044234634142
14272976322104874
14304792181637359
14304940058316356
14317785141973930
14318655361027860
14320164369997500
14465752411911184
14483983099680755
14490295970137235
14582620415460986
14639684505923391
14644094765684502
14648592761252983
14682565284902637
14707331548990485
14723345020631717
14730690883116186
14737138866587751
14750550618935809
14757563283037467
14769772331409824
14770003208102949
14778167788563583
14880136286860561
14882280779315901
15001697126364279
15027422617752210
15029780233648610
15029985192111744
15063458309549993
15080171435312669
15120091969862589
15164270505639973
15168108931873181
15176778675555329
15198748459424094
15201665414879743
15251627672339347
15322408205105017
15337474456509823
15343228270479072
15423166463686506
15434949660614289
15484957719799156
15529716519548714
15630268112751179
15630658297613827
15680522565344793
15682167105610073
15736930940562258
15737129045516574
16052046788843541
16052415344936691
16058725748449203
16090031825805588
16134139828799503
16194818247031436
16244433566950326
16257913267822246
16264430230267238
16278970457682311
16304890059656927
16336976790394900
16342696733031040
16349279368127260
16356761623859773
16361497122171313
16367312404345494
16432139963859837
16574220638631786
16664677298153651
16681291385470919
16692361882158062
16721474424567862
16747267091308874
16748438739477695
16821581903111065
16915255304027325
16915778306863989
16979687080449640
17002431289350892
17002858178682708
17038658953061736
17039326539944561
17088240479266879
17088417021744529
17114924734893234
17148502994609181
17216784412120334
17217882836824193
17226096148786517
17252579551289159
17399557284152785
17504992445235255
17506953932080232
17515096946845637
17518381460051633
17548300791781396
17585535934871506
17596237493201544
17597890425814218
17612455359221893
17662863284533334
17695504812686102
17723107874105471
17726949653282951
17749276431931055
17817761247805728
17826264812523354
17860667237095321
17931631857296166
17972346902908406
18130146562181931
18166965928311932
18216112160369846
18254641498393962
18354945630423372
18420064625856377
18458372387151519
18458862842703039
18495867042794822
18518063701603000
18563207874046677
18575884568115730
18656166724035417
18777752266501922
18855694445200929
18885964446014549
18934543698019747
18934974673253449
18992147550356523
18995087664419039
19016993976405730
19029505802752630
19050135198963468
19191533134994427
19196005454956940
19211059518708876
19214715872010164
19239463218177398
19250541829297904
19287943619881996
19288477867984636
19288689438843346
19290387678941656
19291747524098168
19378236755715343
19406932708760515
19436633280160935
19530431849978759
19574532348971921
19605159727825125
19608028610494983
19657351046755847
19684784230271772
19689450219749906
19714630827393571
19757366498301031
19765331290395895
19772415788509895
19777851446085552
19807210066552117
19869577317947276
19924889391021167
19928709638596047
19969945685465619
20024071406574353
20024216130358825
20052410874814602
20061815836501829
20112182622248084
20116237154983930
20116853849431038
20121228921798270
20211053840976383
20376793154806795
20380288040017675
20386152807643217
20443671748132543
20484200682531413
20538349489731668
20545316680181816
20553916757646865
20553976680268495
20582765791718381
20599468296827595
20683266361563647
20723365326166738
20727192358074073
20789764562142269
20789784268713104
20812613593282366
20836890182720861
20857931633686861
20861700452545861
20869899090690844
20950264890230564
20950287391508033
21017976949722737
21038856685463443
21110019817129671
21110090524123590
21137661561067554
21161237065961402
21217746483433814
21224190161674064
21229898563677848
21235254167715208
21239183792054492
21298911948891724
21315245190999968
21376971060892706
21404319302580697
21415651099537111
21426333782747011
21431346294445188
21458372506332484
21510838767330763
21514710974963650
21560540226273875
21668433358834698
21680201215215066
21712349983378708
21765755002858801
21895075772140330
21895991365945127
21898374991038617
21944691204561973
21948069514225997
22005124424634193
22069546853193991
22069744004473617
22149266152661041
22228471248533165
22307921442724809
22338581991555756
22357414668785612
22366977173418092
22444520878855500
22445144070169700
22452575617330976
22515003820559264
22553436259729094
22607388997042642
22640787362471662
22680083053339217
22682821202240653
22700328695432502
22735420629683794
22766202738445724
22857639711198717
22891491089371879
22891670538229171
23012502241089229
23027351283080433
23079793411468183
23116770670177233
23151869682407187
23182900460840183
23185688633573740
23199473124391133
23219451493393555
23284229200338092
23335734685223654
23447213262032779
23533077303433096
23536286589989794
23536607412070174
23661623354924127
23674310294433943
23812492238842157
23843012700417076
23899511882125085
23927336198210257
23952384115360191
24075221792673818
24100426697105005
24159405991986035
24243963792440087
24265016694912535
24312024760335522
24312271736977856
24396600792832043
24452678267034705
24462164587751229
24524748493125132
24532471757323290
24552667210219070
24553861518599006
24568715110341985
24597042469100720
24644194491928530
24651066475976030
24720841142624387
24770703291444420
24858496561874003
24924828949236139
24957580298812834
24973896742592107
25010167252127666
25013997650397116
25044110707038252
25090128492750150
25092022812008141
25223273954008779
25248311347280085
25299425578033777
25349369576754081
25361503869239238
25363725858027618
25363896495072498
25381635578740942
25445730169488163
25495760616611342
25585870809549047
25597999463182775
25618919143807751
25747134315510991
25836208448394509
25886661189723050
25900708351137814
25903952621306884
25918768841746306
25929199692881545
25931310153305090
25939181540081326
25982589675507537
26040063130475777
26226501164425828
26240101522853793
26290611376365077
26386855134258698
26441457123728997
26455689395373863
26481788363678308
26518160957002398
26533854719378938
26587574377951797
26699862566876396
26706187710123881
26731541104276289
26757727727986925
26813442388011245
26850130361058021
26855397441713769
26875497373727821
26877078717093577
26913986700514975
26971639400722227
27021949445497904
27026410861035916
27069009647552866
27072214974763080
27119212421565814
27277225172999123
27454695710508959
27523174148780442
27523884539590956
27524739392008452
27602572250475288
27622401014565732
27627516340297027
27703312827157492
27745827999163922
27830674078768614
27831952445513247
27909997781312111
27910792882610753
27911215373090528
27945219998768829
27954597757889094
27969590681228614
27973948535880934
28001797910129213
28024175116178297
28069193252761281
28205752280883128
28256137697997546
28283872104653906
28313499010005728
28489861588335127
28582972411571313
28616285621325849
28617867809965309
28654851668513519
28734988405521341
28748667800828567
28760672740635577
28761665989942717
28785362397977037
28785388724819949
28835182340219808
28849398996216888
28852823899260505
28898955937378849
28902032047697084
28914693793647082
28914994514442058
29008386569140604
29060252349778790
29076816637520592
29144954068050137
29186051611564228
29219495617373992
29221098650312499
29230599768255327
29231306170458327
29276340297198201
29278073881416579
29283312324920525
29333017020443865
29356995549535277
29370798295646866
29375069277190432
29419552294582035
29517207343760384
29572281673393647
29591542611199067
29594687816967307
29608323796462507
29684318283616383
29692221155164913
29695979506642914
29730689822459522
29854425390878922
29861119915228377
29971564135438354
30102516312233158
30185842785614808
30196674627193353
30229257522757283
30323734342950846
30428344854277820
30493355693355229
30498056609443593
30509164035245424
30509628603612590
30554544575290775
30728028730812155
30812496176266140
30823206145954252
30834078659567404
31023358862771766
31036817567752998
31144792613396948
31145759665949683
31148580638202301
31158794631204447
31160193632364419
31198720150338721
31203530819162219
31254392618459333
31324850572180389
31364844005825369
31398007110613038
31448424083684616
31453997406570220
31493258201358545
31516022798590526
31524207907199054
31526434132567863
31531081308979116
31586479499073088
31624060819946688
31676555018350384
31707412031890370
31790669811980108
31812532346121032
31925393476741523
31956464466231330
31969054152141302
32064210322862795
32136519671167408
32159649039669585
32195367487431928
32265870102296270
32270307018169390
32271408702653565
32273671519504176
32322385087823135
32344098007681397
32349092877896879
32428961181708419
32445825415080352
32446046532871072
32455713890554822
32475438976850540
32568094802061684
32674453601982837
32757605463976634
32771472497442107
32771960380090897
32820164843178353
32820312712221032
32885116252476068
32978084970317528
33011929105898102
33127243518349701
33196746164207722
33205060134968298
33236429531037710
33291791974931172
33296042659067007
33374927821943397
33397423925709776
33456593819312294
33458686012916074
33487847999706622
33560442396002062
33566752749762638
33567069909387838
33580780865711553
33625215455812347
33661067179139690
33680812624170904
33817562573719265
33817869945676700
33837660011428643
33852750243081122
33870565861660109
33878229147980051
33934724221370733
33937541601264441
33957928924334241
33968733078441041
34007827479470081
34017696463093250
34021452393411890
34059893113288082
34100870369521588
34156885901189943
34171682932193447
34200186659501222
34240546838524952
34450272291110667
34462729397711767
34480750191349501
34513888745616417
34640492086727146
34645046669852266
34672326913998538
34729071588764882
34882939141846589
34955096668836195
34962483479923941
35038355026639352
35047305773983562
35062626745305814
35114779055572803
35197079486642999
35240228443880371
35300024533532749
35340151960113848
35342670080811482
35357683814173988
35359611426598400
35406566076407518
35416433774212076
35452523428491160
35483635096665169
35497178325918407
35512492426049099
35529799705214336
35542021254075432
35556521432898915
35600828136456749
35635067721390504
35722352173071338
35788259389268871
35834418812103133
35839167365993848
35889008397772133
35900391532063899
36005154459337646
36036655331294815
36044589176538325
36075045461488763
36078844495172455
36135125786240504
36154967547745629
36199638265858480
36226206885279630
36229777098511657
36239255659356865
36258094718133953
36304217810354794
36355734936467045
36432993879905232
36501955773038594
36506088526991426
36565304576392838
36588718458766006
36660091806899328
36662894359156764
36663206021518764
36695837830593863
36708503889148208
36831006490976256
36831338221187592
36928342033460687
36935251716938345
36948352374956585
37103905040633573
37108726034775203
37246790459520858
37247102365449580
37280442738246403
37418004351209514
37419523854662130
37479847622658962
37552626373847708
37559456815515708
37592593513696383
37657222610493039
37728122480238043
37744880002139266
37854831422840137
37897792719498622
37931714904098918
37933522380087423
37985708563584759
38043666100156430
38099743664745999
38159388507209104
38202667168319429
38210503464021055
38233754912050305
38387473799110837
38395311372540855
38402128932707610
38422766692054400
38441700871465484
38490681529841454
38516776748021259
38582729169942004
38596860812461996
38597304206089777
38635897990403135
38641444848622145
38703989155797793
38704184238205344
38710895235160168
38805440753323986
38820562909268574
38874604883661169
38970887351177510
38977421941445780
38997383528518430
39195635923070015
39220393183967547
39500518593883006
39519333854079585
39644192745580819
39705104970125579
39869008039280212
39898849122123557
39904881701045873
39910700971847525
39930637137849125
39965268356042345
39971375358059941
40083371909393509
40090111774543824
40117808448477915
40142557820248019
40181197959704167
40193042583471997
40225333168308475
40299872904599864
40355957034777406
40426309559368474
40457164699247570
40459798711832396
40559604255788581
40595043165157792
40599543773669592
40634633940778628
40654360418328701
40750195989191671
40755151039187130
40788724662310002
40871071631800014
40882754695060340
40918634000717348
40929009311462966
40985713822881638
41065323476911464
41089817658572736
41090246075202566
41108109224919770
41108491091963078
41131706683949663
41133686805702509
41137888635747358
41141702349556120
41217708778151431
41236235652699143
41251655809011416
41252835589220166
41303502342158884
41382059255788178
41520888974347847
41546716959198459
41566594342321907
41568259709048360
41637529604119835
41657231705833762
41662985339189376
41698952614529479
41706587164753897
41762099108390931
41820078375167616
41887297488559947
42007713717607334
42033568268658662
42074679552533378
42082219961894132
42099263274681574
42104911534918024
42118773672635302
42185765440823716
42305348237884094
42522586028188397
42605315118320417
42708254456917010
42709653491842268
42719244497563886
42789286031430624
42793090509347954
42808371071166146
42889619189388214
42896185123417028
42902724113463332
42925404298811940
42992993669528299
42994339394278563
43000537656187387
43009103005515560
43088802498456588
43147692070616732
43150741079285152
43166423067902686
43194517851370582
43355692326366832
43357372984022890
43362111017898974
43371704662725305
43392614774413097
43462313711770081
43478023679736987
43508919460573873
43519552034111418
43525365537221170
43528162787990218
43551249229745506
43567054124103110
43591128364850875
43591320368577831
43601122521123411
43601161802144541
43615643609932061
43626465396805917
43766043732907842
43817791763220518
43868924006495747
43917481907428196
43937147255544296
43941871517960777
43944573872235388
44004656420741725
44068327218681215
44071363625102225
44098095802272270
44240478014298324
44242092886387804
44316005278665162
44381311384491813
44394362772732002
44454207210781004
44668916619007564
44753770386493354
44785773366772675
44863579415199699
44891474627622467
44934214861386978
44965849219531653
44968712729075460
44976516000829746
45008030832494775
45039857282399169
45055044355136790
45107267137342036
45166091067116401
45272596348689399
45274245190520459
45317070766686073
45349122921327784
45398301655004209
45479296879660195
45515563488553671
45521305320872557
45521449641296347
45554282607899897
45676439855726055
45682439767749962
45731496591220212
45815216669334524
45856798694870663
45874205102188075
45891306224742865
45893622710448751
45919680200338117
45937555094635190
45941405869746590
45992137493651372
46047273695955615
46141435663898424
46143927093292472
46194979012746716
46207268953400267
46260438999387391
46262280031079279
46283936159620499
46303629522521451
46324240603519719
46325049040737036
46334550572378010
46388987523418399
46430093046063854
46436605432521039
46457570812999856
46566999377746632
46583572534015420
46598268851360273
46735819515490778
46781290048952240
46841475498378380
46841480037036952
46841664179174103
46842464927582493
46859938662977889
46877936310175419
46974822679124759
47149797813891655
47152065000463529
47158072849039802
47205190850286374
47228476765252043
47250287992951283
47319942091689540
47321759254254536
47323922255576940
47349677458360384
47358208930058764
47377040891023021
47439758166941756
47439811404144388
47477432881023340
47515944451170206
47571980933819282
47581956550847689
47590805637112282
47598504188599734
47635088007820173
47685032226651428
47708345729300304
47732592085675004
47735405171282484
47735779841982030
47742683972096149
47796124229946570
47806448390510618
47810454815421722
47815033757957647
47818447948608187
47820262685076859
47911431872095232
47919173546779482
47959890309891378
47996714799759127
48005820329000772
48012371692994499
48017729825875709
48088368935634809
48128915915587667
48133022022787939
48208721990033167
48215727526261751
48323407821104660
48367532905009304
48413613231022832
48441960612129415
48481735563181493
48558825054117061
48563472593356526
48744915919069528
48745311598895311
48850917088516266
48966809773955195
48984197894929382
49056712057846340
49263748419446068
49284858823320604
49301816683990226
49302496730982128
49358978922449041
49394684045027485
49394684247573571
49396518676536852
49472328894676374
49578236738364312
49583100992436036
49585041121348758
49607826892847657
49619684222812841
49669193135300335
49669363812626715
49669739919654249
49682117308559510
49773127859982149
49937240413424827
49953746857249051
49969326134652859
49989469893601053
49991011589686277
49995291365164376
50026543823749336
50138397040016734
50177221825609153
50278962389821803
50284265205573057
50313444222338653
50349134386758156
50365922482463223
50366716723736931
50380413730647177
50404726277239529
50523083837404080
50552017473465375
50570240901604105
50675094832347048
50681715050639512
50709849349855903
50739319898873613
50757265130015880
50774532366766513
50885173765042338
50901653780476295
50911286472327420
50912934616979732
50971529100169867
50984082844854117
51019313138583533
51055393902161785
51058967031842145
51060848898084737
51089573439411241
51245723143810784
51247936730373581
51256080922582970
51295100981765828
51303229519338323
51358578699126413
51361116816917959
51395664247514209
51442418088065561
51465853974872437
51465890498529237
51479628536037957
51616652810429580
51653920421698767
51661166494913199
51706204020921786
51797385471030672
51799673237765761
51880612211666240
51897713594552015
51903913962131525
51992623438578615
52101052439156258
52110159265277276
52173691873972712
52175183015409972
52215982044192863
52265638434274949
52313348601474126
52325937575018406
52327578638867836
52383123593864438
52397800616659544
52401062964938394
52458110296968756
52468143373402128
52525231149236024
52600533859326838
52615120526566954
52629196545691190
52683358092030385
52692966181489626
52868463715746876
52946463490950481
52962405134123145
52971430778275231
53007837700930087
53153450724150988
53166953929177036
53181925662254983
53193469301579131
53205636210633875
53226056029552707
53249354794256987
53375483242975569
53448557533307410
53572711622624642
53636768064753448
53696444718663329
53704315205953844
53741281736112309
53784731864868330
53854194008977896
53882141399113725
53883173991749701
54024579164998442
54025419188113784
54099031912093590
54141974007385877
54156481903482233
54211000620840287
54303641688514491
54316339636984239
54319820953265814
54328021419706869
54370159196321096
54375219544196536
54507855206479826
54510719094786276
54520286907315926
54520374305182615
54548117851756700
54553127599780596
54562267529454486
54567483383979486
54582208555229991
54598445513153775
54682608494526164
54682625505233875
54693504301266617
54812546894610401
54848903821869135
54920107397426677
54925768031779503
54929351427457003
54942725651547391
54943786887221603
54946475088460760
54951437254604445
55035662440473457
55058263867466749
55063118356169824
55101751073776079
55129707354400614
55241313095717205
55249355922431875
55250159915141255
55260586878277767
55578315474239154
55590020548830584
55601558589345144
55638227698609869
55650662846432607
55663073110681343
55732940568298634
55742269385019342
55748125654418800
55769328455510050
55810874857214512
55812820003439811
55843918656418495
55870928560787233
55881486783659945
55955823861360609
55960735796829276
55970341888709701
55970642014405144
55988396694019906
56049112465868182
56061352428501287
56086189100284662
56173688900184882
56174438755383065
56178320774780427
56267337226247793
56278243957285793
56577621654524755
56578388724094419
56601790272038752
56648864257857376
56687372144976737
56798923341448445
57025284042639923
57025312727493504
57066983790071433
57136973388656148
57162545224323797
57194788975206668
57234231868222793
57267635220115370
57271163586502949
57305640268403505
57323018100699331
57407068043872358
57432221970646758
57442578447468756
57446392307909916
57491460525897044
57531513152124288
57531977539343289
57537907538423463
57545886769076603
57584931982908040
57595128773712968
57595153545760598
57601237211364310
57713465381199190
57748098442580418
57780099237600647
57791376910695353
57845611014027424
57885161713230379
57892684143648349
58055446571955605
58096698137777608
58121289622449877
58123381393273747
58163846104827501
58164435265065758
58170211496414850
58177141026004807
58182660566906632
58192280974250202
58242985271858628
58261337224715712
58276543360233073
58278463908930779
58283894285950469
58286969035858867
58290073973135385
58296784619300808
58412383153254344
58412846692461544
58463857994835434
58520273458507671
58677508782054960
58737286262064939
58760571519572484
58761814169562958
58799828358059547
58826424078618809
58890132803682299
58974845498112473
58987607814444578
59001637128765272
59011297799890064
59013971644281308
59112388232301279
59157245906672388
59173305935711083
59174087830780033
59237546991310758
59240560347094929
59307680353846975
59312091941691199
59327318183015205
59362070769944380
59391097734551084
59421293658413176
59422994676986332
59448598795382336
59499231553224265
59572637965685005
59576811315076804
59624264531634324
59748806689077794
59749244505469400
59752116680987594
59782835723709242
59816128828399418
59821859035342932
59887853181930967
59965790253701344
59981146795502965
60008977050557269
60023332777965199
60030410192535724
60054083651482572
60085566032037624
60090614347852104
60182077925242949
60226735488978353
60239513212547134
60245410372022182
60294629368248727
60344095773434057
60392897788829209
60428525537827000
60452346485756810
60515997399795191
60537563541945939
60556995173828179
60561775472066769
60586541041068439
60874451184221741
60918624816151248
60919932227671904
60958886190626903
60963104590292471
60991300337389355
61041060365543144
61052770331041747
61056945931190467
61064656334150195
61067321262257130
61097028501671118
61103149135223118
61108238482716582
61191749722885937
61199582975257885
61211983962758545
61249016070401313
61265153062387595
61292492045892520
61316899363948829
61322503150516298
61330125293245832
61335302269462198
61444152022520271
61550425647289711
61571721794759911
61584694273508602
61645077079697252
61678109356899654
61698160262522039
61726763284195554
61759992022122588
61892546377403894
62049329786347655
62063091280028381
62100008111276604
62101876718337102
62143742395258184
62153024235745766
62206687743711994
62269441417151919
62361471274939569
62380194869823507
62397038030999265
62428804787970917
62483450448973674
62555075587189136
62559278463054027
62608832102436986
62701418938333022
62730457392349616
62738659761285326
62776507469992115
62791913052043897
62817597281561325
62875426058259766
62880534363764544
62956398355096398
63164475955005091
63216699850504784
63226525013688590
63236855351355134
63385367636964335
63422004088552238
63464427535209371
63471025462310419
63475145128760557
63489227892228865
63502504723839897
63522941266994307
63525991623631404
63595448041044276
63599903962324304
63654418928156731
63686658401143023
63724796570769901
63756395000253045
63760512412648421
63778472299847883
63788354546558863
63794567616282613
63841373626248769
63895790465582475
63930384307677219
63936382596045027
63954976543144289
63975572338851484
64006172378662620
64065561937898565
64066807518103996
64112324578298637
64112489874456601
64221979613993230
64227934925107438
64265127966225165
64303977425154410
64321985264807792
64353744122238742
64447316358106566
64542180869296071
64565747532569941
64639067636378297
64669957688917682
64709940223678286
64764744291516977
64771513291005467
64778944933915311
64781318248834783
64823454947537334
64844609628862449
64878848681095617
64881837235791131
64929065999814254
64966709765242093
64996523905242815
65047753156266208
65048433372372848
65083889601891674
65094510685091114
65132630032829276
65162835286541248
65311406049310548
65321169236441057
65337657144688973
65338240782909166
65340943792228946
65375329569535192
65384066128816997
65390013967501652
65395103431412337
65473597031952786
65495469639390638
65501730386841874
65551806171396287
65603656128503364
65618474313993115
65642570650284328
65717258402612370
65740818833148622
65818177414789338
65898576077249185
65912513460081553
66022740403705375
66036534424892135
66103030579646786
66107016470420633
66135913466161156
66236242330120813
66372140138573589
66395736443930514
66425420836749662
66450136955593546
66471320345702462
66568346226749000
66629994561598917
66631875983238489
66659807808649295
66676673643895531
66700614295780955
66723688929398010
66770536853478202
66779214110297615
66779689619892593
66815430649774351
66816002253258523
66832180617036737
66932374848844909
66981507850749837
67044833028799152
67102333568634871
67165218542773714
67177865848131349
67207072057433989
67208471690197627
67208490444033019
67209266510025042
67262709139423885
67269677390356770
67323686364315214
67369674222005943
67376317740862914
67402005976739558
67495014556003915
67501821000833179
67524532961917088
67687317542761021
67699869043239268
67710724652432794
67717589558863245
67810928658757427
67891743336827927
67891826235431715
67924899134595312
67925696863425196
67971286086294841
67972282055157733
67978031356001531
67982311017482624
68034043789176498
68055822336621025
68085997744421432
68147474542192139
68269691677777556
68300783806537450
68371488319017448
68402937657748558
68447651491292513
68549437152542267
68554403144468447
68577738204415691
68596516605706064
68612392404296690
68633447383029780
68637396897871778
68646201982081322
68720620555169524
68821804018768468
68946883250827267
68967600127972633
68988851835557731
69017576343904979
69041111909684381
69051705066163081
69055086353427433
69058988938500667
69170282109760373
69187382376792144
69214649539420021
69264493043074608
69268093759418268
69268746126728499
69285414030917716
69291741209148312
69293949622771140
69450272594992977
69462063103130547
69491912503641267
69491963165390207
69500200995041091
69558489113476967
69567150375549875
69634781060660850
69693839591762409
69723175946923823
69835725617235337
69843253700218897
69901041833002581
69944284012199772
69945894485687541
69967497508692889
69968465029230639
69985348427470120
69991008784745560
70040505044467186
70126141326958607
70157240407492859
70186657567361033
70188444153528080
70239575457112528
70266081049503512
70292104854085472
70300375849195494
70338453918861072
70351133142789930
70423309158663047
70437804616654784
70482307277439192
70570781520922795
70633411458396121
70683453816527981
70721413570068668
70735156823397532
70807064971946105
70827727213616287
70834124050172423
70848565391633188
70939267069934349
71113569553670416
71165457133510417
71204217475826171
71244312613227361
71255171193481399
71291780258763791
71296110332281052
71314308910782012
71386910159108986
71430016587336331
71434203266275205
71435472309126619
71457607008860532
71484471583283729
71516444023298625
71552486207102337
71598910492689652
71613749096378161
71635325816707171
71642570164559094
71744966434603092
71785780117073007
71833812464515035
71835059167428027
71912925193984805
71936843317651035
72063223843853372
72098083068999534
72148552571376678
72151586392841392
72230531200605789
72248154352139771
72275594238529659
72286018908032619
72354180827116132
72367835936930584
72414429626957935
72426774997259941
72536750997062409
72595599378670016
72599199910015264
72640092637945349
72647889797183241
72691900027775368
72697025718935738
72707796409828004
72708983858952372
72732823615203068
72780958537009898
72785296293761210
72827683796157421
72842304338791485
72918630743402802
72971747472516594
73085808702210419
73222598034088964
73335316638741702
73344078948146781
73388328298685907
73392686157880645
73511208707763494
73526600999666088
73574247188527404
73612416842446720
73614622558069345
73625439391263412
73638653153381845
73643128370216001
73709977075700741
73756193971413199
73773415580260901
73790012193191708
73823485363058332
73885123895921249
73898774353457643
73917787580980899
73922041217840183
74022869991944929
74039028600113959
74039554329974503
74134317861552419
74214508031207574
74215192661048616
74267492291548624
74269671506789206
74322442508352889
74379258451705252
74405571756489130
74415587030142044
74422529960399684
74451586339127544
74579236131687400
74581557516018484
74650917249553064
74663927248570744
74793985662633520
74840659393314224
74846557357101576
74861620285631230
74878905264032655
74934653992672847
74939603396574301
74962621623987881
74999105067640917
75204488256906525
75281563479927704
75365579993339949
75383378392684818
75429655694353638
75482554008209210
75483018120559070
75488083841426478
75499406310303638
75512285262174488
75587782716358912
75589626355182702
75593406298947542
75650286962358055
75754815164628311
75763355824237586
75777425687574882
75798567440424552
75865764921131302
75877725581802521
75889141866495353
75933357524303683
75934932679385287
76021073174092638
76074162900769898
76256359243858532
76311842437628222
76328835060648793
76328893487576571
76430809422678923
76477993379531172
76480088608620180
76511747372225976
76607064994120600
76607096861321658
76607482513368193
76647406135500718
76670709891539889
76701076223939450
76726729426659742
76727739716472582
76749424881851799
76783519139877859
76901172998186126
76925481762599785
76937068405611843
77019329990602886
77045750656690947
77069317228050102
77070366878729518
77086884765432791
77091216981987924
77172987789172343
77234741411513895
77290668305370790
77297512792283655
77307638636292516
77337472256665366
77383976392598270
77425182759526674
77555048952772057
77587972726228570
77622754568961688
77649864691590683
77650051942340603
77680980688169994
77783415795024418
77784883659125638
77849915145497282
77861281467875547
77888178202457964
77910096390409624
77958218678379840
77973717066799940
77994745744123934
78011426010802979
78061005997561847
78089882249928932
78122859448783695
78134401288629008
78182234076344395
78219850809068587
78380615033605948
78399233457579656
78525430129295938
78591035054269124
78666369757018303
78679048214150527
78690556814223367
78743967938770359
78751868610570540
78775832035716860
78775926331207740
78835124362508862
78857314559445468
78868774669897797
78882462912273129
78912691985114932
78942641678013451
78959028930049392
78959410672994702
78962148904013900
78963316218983776
79036541600546176
79060728587946238
79169120684041922
79216886983271066
79217721917691699
79249789106707610
79353936447805141
79385687771091608
79386515358411041
79396357051617401
79422213735705401
79464830772865843
79525145570555179
79636885668296067
79676524284486680
79737099767521460
79741231133520580
79881675201822883
79909767268628439
79931966305078130
79967617186875983
80008981697380905
80039546197950210
80046662702782612
80065738043360194
80151059812721827
80196405597609138
80256026023463801
80257053915951433
80261405480719621
80386375026309034
80442187529529355
80539259611524333
80750606989917137
80766865279849937
80807361416050028
80815772391247866
81053172984952241
81219968689868512
81242979097437426
81287074525828044
81362834187063385
81440597496862886
81594750612735809
81607028710024759
81622290042840215
81699373165407173
81775649868077293
81778721335342621
81787675556267521
81831338671282400
81852028487439056
81864072936857960
81877122931625176
81887263717490881
81981053373035177
82001720192253217
82008396068754267
82014837861381537
82038142217098137
82071478989474949
82163444275912462
82197959906028558
82223330943891058
82283187493956607
82323268439980081
82350039051652842
82385942171170923
82450729564630064
82467468342099389
82556165215140521
82574394181172941
82686914616933758
82715219059139134
82759964267872137
82859542255313711
82872781796685537
82922353838259045
82968135628329438
83003607479592516
83004075170540604
83015203043977209
83059784678009808
83080978332693456
83136357282084032
83242362700051120
83389035443712195
83472047446353281
83502164359736535
83562114927443148
83564294214777686
83567080404221020
83575053950935228
83598201582124692
83663754944952286
83743361488282904
83791988519497134
83846651908727564
83853314768984474
83968519783833699
83972152148027613
84014154635595985
84235613147350479
84267455790112142
84311025159782878
84439415313370265
84448304381807144
84515389431114388
84634776503818230
84634825738172300
84660927753751878
84729687726895987
84786045698554539
84806257589005907
84818498503741943
84963012727786345
84981028738588689
85101073418069022
85103502266946564
85119824815342526
85123800539869079
85127029293239577
85130970252300590
85181797984304080
85222625022460502
85228109691976536
85252567070352092
85267866558944648
85377019696650888
85383485784605217
85584174537963868
85628246477769940
85649930338508482
85666273223309707
85678170904509647
85678356088509167
85689906544533662
85740331033421379
85758547251998199
85976190610884908
85988560005667934
86009137055346262
86021115285840414
86110288840453214
86204463471123477
86238225381675975
86328830073698075
86351463437310559
86475771503540821
86510794668220261
86516027855189288
86585288098446503
86588283130021703
86610945819791839
86616414476426135
86627748306811943
86633700179879153
86703542265904630
86741670804562009
86796063992764112
86820664472958000
87007849491024030
87062758972099074
87130830711064405
87137620745960875
87164579630597025
87237766042256264
87240661698514370
87284532973274704
87323111221675323
87328952800602243
87349644983981523
87377958417699432
87418102820177313
87454939529604537
87503960547364333
87534955365460185
87539991189818540
87550131711490114
87550819258144202
87562355826790872
87579672533680122
87586193571769850
87607626147799250
87661225076910732
87688773274843071
87734523826049730
87828075583901499
87843767509479014
87922968261841210
87927271546341285
87928673192768565
87930077881482423
87973999617897640
88024169378598803
88051372473612048
88070377091810358
88118336328950134
88213075986225468
88293549020003349
88302492243847343
88339053261903771
88355998623524187
88362683697018657
88418493693872496
88436590568575623
88497575741841700
88567656826044368
88740055826848759
88783520313423573
88859569000499315
88999623458425559
89052904297800064
89058936232519916
89132073098016008
89152782120513614
89199099583471667
89249563738561537
89304555918786565
89368657249551739
89378490169656869
89392162478650967
89399365149149984
89427164354475733
89440714057736219
89464992974243891
89565320168231478
89589004786264059
89592207733378882
89599742498918071
89611640009123191
89639296448997616
89669393780884750
89736848469351021
89905251113138709
89906790110132943
89929093130207402
89929692662795219
90053115636140903
90093524434420313
90117276125242930
90135107668132335
90139987482347970
90184116344605194
90204041399016074
90204689533886646
90223125300649992
90246151671510074
90298263100781348
90299296609294934
90314671566480808
90367863547430389
90409529714443249
90501004193608473
90557457474767293
90557655939253255
90640811917813779
90647427490701999
90648414829103127
90658991386860398
90678206749763526
90731433524267948
90742835981549492
90773382138626054
90864683750808969
90869131922337066
90937418804125276
90953749414564930
91076328569938707
91112018870649771
91216942857567246
91286231348345674
91299990077153624
91315142521300553
91417905067301386
91462852080126506
91525388980832400
91534722354202946
91534961080662698
91534963873266369
91586113537972137
91589590609499540
91651417683529248
91656612787635000
91658909997845725
91686448872695607
91745181159297246
91848779508682408
91854691875833296
91858133137038274
91867173852004862
91918308509230238
91927320559281986
91936338716676494
91950782246474017
91990105864706554
92031793534280661
92033325273909111
92063081516823403
92063469614035543
92089318908872542
92113413679626112
92262428582591765
92306988861665312
92338939576616647
92409380151988860
92419515659463135
92444107758084960
92502302375671058
92515284023018398
92527294003087894
92548444074277396
92630956164468503
92647192010089255
92674765476334453
92692929926962786
92766357847926860
92867434124870110
92883210009723553
92887449499981333
92900153722868727
92953856438710397
92986075849553438
93053155820647559
93088386196941536
93103095843269484
93131324637248373
93224145902984332
93241718799256125
93314693694874430
93347572669405633
93383337548733413
93438197346282107
93463681024051905
93477782894069365
93509283420872458
93546996855396018
93669135154371143
93679157372876105
93733567611333177
93849057110170500
93855467271179364
93855840693066059
93860278511307617
93864290765740007
93872944128377707
93885436018678780
93907839774739840
93937645714656612
93982105335834014
94088212502395165
94133847556532117
94178534846171675
94178725885768255
94184202495543330
94184598525110726
94243402152840766
94274871321998597
94278215324220967
94335025745494819
94338841548041140
94371635864989238
94394565591723632
94397650563644339
94398683613382343
94403144699882423
94429156297406085
94480551049757387
94511320632751764
94525153901819452
94622478499932818
94672978736214747
94719705165324703
94723356672185087
94773110412774869
94773705320902529
94834334334619719
94847073886767731
94971172126923146
94979861959527825
95023511213746416
95076466638348720
95176428851900861
95179383741661343
95180726954794517
95259772923627268
95269781751415621
95309296569808078
95311423670751958
95331989134914606
95366849728779192
95368239378215378
95368239378215378

