100
73 31 19 29 19 0
77 74 2 54 54 0
71 51 26 43 44 0
84 93 21 74 29 0
15 17 92 6 11 0
86 24 18 22 2 0
77 88 48 25 17 0
19 55 17 38 18 0
43 54 72 66 32 0
26 45 84 35 21 0
48 70 1 23 34 0
47 41 11 27 4 0
63 52 97 65 4 0
85 82 89 99 13 0
29 88 99 71 9 0
75 33 43 3 28 0
6 85 55 1 5 0
72 58 78 30 55 0
20 71 89 65 5 0
34 87 50 57 7 0
44 4 78 49 4 0
30 26 79 58 5 0
90 10 58 80 8 0
92 42 21 44 25 0
63 56 55 77 42 0
92 55 75 22 42 0
96 2 61 40 1 0
56 12 16 94 8 0
89 98 92 76 20 0
82 26 67 82 21 0
68 81 34 31 18 0
26 51 26 21 26 0
73 5 4 95 5 0
83 32 25 38 7 0
58 55 23 63 23 0
27 60 83 19 24 0
26 11 18 15 2 0
14 32 69 55 3 0
64 30 28 87 6 0
50 53 37 47 5 0
10 96 89 82 4 0
40 29 17 71 6 0
75 19 48 35 7 0
68 82 96 79 17 0
4 37 4 7 4 0
15 16 97 83 1 0
16 11 51 86 11 0
56 19 14 98 7 0
58 86 39 75 39 0
72 42 26 8 17 0
46 7 50 33 5 0
82 48 100 100 15 0
89 81 8 88 80 0
37 75 46 6 15 0
83 51 61 76 12 0
26 8 79 81 4 0
39 29 73 39 23 0
11 71 24 73 3 0
66 90 6 86 46 0
17 93 24 56 16 0
40 93 22 19 33 0
70 9 75 88 8 0
19 44 51 8 9 0
8 90 70 19 8 0
18 5 9 82 5 0
34 94 27 36 20 0
63 49 37 48 6 0
15 80 16 13 14 0
31 98 93 73 21 0
29 27 10 9 20 0
64 58 62 49 13 0
8 6 90 61 4 0
43 38 12 34 13 0
92 38 35 27 30 0
39 73 58 4 4 0
78 41 64 61 16 0
97 36 64 68 16 0
20 43 53 5 8 0
71 69 90 62 28 0
50 45 41 91 34 0
24 18 48 74 14 0
60 93 82 21 50 0
76 14 77 83 3 0
45 29 95 2 13 0
72 6 11 66 4 0
40 1 65 12 1 0
47 83 65 65 14 0
34 64 17 11 23 0
24 66 87 69 1 0
58 34 23 99 12 0
48 69 7 34 19 0
50 35 70 29 28 0
30 10 38 39 1 0
40 100 85 19 10 0
35 91 50 61 16 0
24 48 1 40 18 0
35 40 62 28 8 0
4 79 16 18 3 0
43 34 85 46 24 0
1 38 71 83 1 0
