0.6
0.3563218390804598
0.21951219512195122
0.5977011494252874
0.14
0.22340425531914893
2.903581267217631
7.347593582887701
-1.0
4.803118908382066
-1.0
2.3333333333333335
5.012987012987013
1.75
-1.0
5.753898305084745
0.0625
1.0634920634920633
0.49411764705882355
1.25
-1.0
0.20652173913043478
12.0875
0.6956521739130435
0.8805970149253731
-1.0
1.0909090909090908
-1.0
0.375
-1.0
1.3040935672514622
0.20212765957446807
0.7789473684210526
318.7058823529412
29.327272727272728
-1.0
-1.0
-1.0
0.5531914893617021
-1.0
2.0681818181818183
-1.0
-1.0
34.477777777777774
1.0789473684210527
-1.0
2.361244019138756
-1.0
-1.0
-1.0
0.20652173913043478
-1.0
1.4137931034482758
-1.0
0.7431034482758623
-1.0
0.625
0.9393939393939394
0.6022727272727273
0.18478260869565216
0.9375
-1.0
0.27419354838709675
0.16393442622950818
0.05319148936170213
0.6736842105263158
-1.0
-1.0
31.611111111111107
-1.0
-1.0
-1.0
-1.0
0.8061749571183533
1.1428571428571428
0.9130434782608695
1.7647783251231526
-1.0
-1.0
0.776595744680851
1.4705882352941178
0.9475510204081633
0.28735632183908044
-1.0
-1.0
0.06818181818181818
-1.0
-1.0
-1.0
-1.0
0.17525773195876287
-1.0
1.4444444444444444
0.21686746987951808
16.85185185185186
-1.0
-1.0
5.4523809523809526
0.9504201680672268
105.53846153846153
