-1.0
-1.0
0.46511627906976744
-1.0
1.1111111111111112
1.3333333333333333
0.6451612903225806
22.68944099378882
-1.0
15.421052631578947
-1.0
-1.0
0.53125
9.616666666666667
0.05172413793103448
0.8833333333333333
-1.0
1.8333333333333333
-1.0
0.95
1.90625
0.5633802816901409
1.75
0.4864864864864865
0.46464646464646464
2.100401606425703
-1.0
-1.0
-1.0
-1.0
-1.0
0.13333333333333333
2.7
0.7547169811320755
2.799248523886205
0.30612244897959184
9.90566037735849
-1.0
51.913580246913575
1.9237288135593222
0.05128205128205128
0.7021276595744681
0.5340909090909091
0.203125
0.4461538461538462
-1.0
2.75
1.2352941176470589
1.0604395604395604
-1.0
0.1206896551724138
0.43333333333333335
0.3953488372093023
0.20833333333333334
-1.0
1.8461538461538463
5.962962962962963
-1.0
0.1076923076923077
-1.0
-1.0
0.8445977011494252
0.08695652173913043
5.222222222222222
0.7473684210526316
0.208955223880597
2.8227969348659006
0.12857142857142856
1.3333333333333333
2.1333333333333333
-1.0
0.22058823529411764
1.1408450704225352
0.9423076923076923
0.3253012048192771
0.6521739130434783
0.0967741935483871
0.92
2.0791855203619907
-1.0
2.742857142857143
-1.0
52.779411764705884
63.86206896551724
0.07291666666666667
-1.0
-1.0
0.16326530612244897
0.1282051282051282
7.472222222222222
-1.0
1.9523809523809523
121.08333333333333
4.387640449438202
0.9545454545454546
0.6153846153846154
1.334640522875817
0.62
-1.0
1.4264705882352942
