-1.0
19.674999999999997
-1.0
1.6756756756756757
2.380952380952381
-1.0
0.33962264150943394
0.31645569620253167
0.68
1.46
0.65625
-1.0
20.9375
5.3791208791208796
-1.0
0.28421052631578947
-1.0
0.8105263157894737
4.253409090909091
-1.0
0.13114754098360656
0.8064516129032258
0.898989898989899
2.25
-1.0
-1.0
-1.0
1.3518518518518519
-1.0
0.3076923076923077
0.5185185185185185
1.4057971014492754
7.96875
1.8898809523809523
0.36363636363636365
-1.0
3.2142857142857144
-1.0
0.43478260869565216
0.17857142857142858
-1.0
0.22448979591836735
0.4107142857142857
2.471774193548387
-1.0
-1.0
19.357142857142858
-1.0
0.08333333333333333
0.18604651162790697
-1.0
38.0
0.725
7.831081081081081
10.850434782608696
2.1733870967741935
0.3684210526315789
4.297520661157024
1.238073602907769
0.5256410256410257
-1.0
-1.0
0.08333333333333333
-1.0
-1.0
0.11666666666666667
5.395833333333333
-1.0
17.314285714285713
0.14516129032258066
1.6834733893557423
-1.0
16.357142857142858
1.356164383561644
-1.0
-1.0
2.1955128205128203
1.4444444444444444
1.6585365853658531
-1.0
-1.0
0.07462686567164178
1.4827586206896552
-1.0
0.7666666666666667
0.20430107526881722
2.0905797101449277
0.1951219512195122
-1.0
0.09722222222222222
1.375
1.490566037735849
-1.0
1.103448275862069
0.2
1.1538461538461537
-1.0
-1.0
0.6904761904761905
0.013157894736842105
