-1.0
0.5645161290322581
4.409090909090909
0.11940298507462686
1.6326530612244898
-1.0
0.352112676056338
0.20987654320987653
-1.0
-1.0
37.92929292929293
0.5161290322580645
0.28
-1.0
-1.0
-1.0
0.4842105263157895
-1.0
-1.0
-1.0
0.07462686567164178
0.6785714285714286
-1.0
1.72
0.6615384615384615
2.6969696969696972
0.2
-1.0
0.8172043010752689
5.294444444444444
0.16666666666666666
1.1594202898550725
0.06153846153846154
0.47058823529411764
0.9534883720930233
-1.0
1.3508771929824561
0.9423076923076923
3.6842105263157894
5.707616707616707
0.64
36.333333333333336
0.6352941176470588
2.56
0.8901098901098901
0.484375
0.27631578947368424
0.175
0.32608695652173914
-1.0
1.6
0.15384615384615385
0.5714285714285714
-1.0
0.9318181818181818
-1.0
-1.0
0.4915254237288136
-1.0
0.045454545454545456
-1.0
1.9230769230769231
0.19230769230769232
0.5686274509803921
0.30612244897959184
0.42857142857142855
0.4642857142857143
1.3234916559691914
0.9655172413793104
56.589743589743605
-1.0
6.470238095238095
-1.0
0.631578947368421
1.4090909090909092
1.22625
0.2
3.827735644637053
0.2
1.0405405405405406
-1.0
0.9146341463414634
-1.0
0.6404494382022472
0.5294117647058824
0.5542168674698795
0.7710843373493976
4.756805807622505
0.2413793103448276
-1.0
3.148148148148149
1.86
-1.0
0.4358974358974359
-1.0
9.2875
0.7145833333333333
0.84375
0.7777777777777778
-1.0
