1.3957922419460882
5.591578947368421
0.43333333333333335
0.7142857142857143
0.4166666666666667
2.051282051282051
0.03225806451612903
3.7267080745341614
0.5842696629213483
1.1481481481481481
1.5714285714285714
-1.0
1.5869565217391304
0.5357142857142857
-1.0
0.047058823529411764
0.7321428571428571
2.027115474520804
0.45454545454545453
1.2251082251082253
-1.0
1.2285714285714286
0.5542168674698795
0.09523809523809523
3.6450000000000005
-1.0
1.6470588235294117
1.6729891113452757
6.663865546218489
0.735632183908046
-1.0
1.1384615384615384
-1.0
4.3038728897716
-1.0
-1.0
-1.0
0.023529411764705882
49.285714285714285
1.1904761904761905
-1.0
0.38636363636363635
0.16363636363636364
0.8202247191011236
-1.0
-1.0
0.3972602739726027
-1.0
0.5652173913043478
2.5
26.7625
0.963855421686747
-1.0
-1.0
1.0119047619047619
3.697044334975369
1.2096774193548387
0.061224489795918366
-1.0
1.2222222222222223
3.442982456140351
0.7427536231884057
-1.0
-1.0
0.6818181818181818
-1.0
1.5351170568561874
0.5789473684210527
0.11320754716981132
0.3026315789473684
-1.0
-1.0
0.25925925925925924
40.31111111111112
-1.0
-1.0
5.846153846153846
-1.0
-1.0
-1.0
2.1538461538461537
0.13333333333333333
0.9204545454545454
0.6153846153846154
-1.0
0.10256410256410256
12.757918552036198
3.3333333333333335
12.333333333333337
-1.0
0.09859154929577464
-1.0
5.855400696864112
0.9714285714285714
-1.0
1.3
-1.0
-1.0
-1.0
3.492063492063492
