100
86 70 92 84 20 0
95 9 23 63 6 0
48 14 86 99 12 0
90 35 100 31 3 0
10 2 22 34 1 0
90 48 35 13 27 0
20 11 86 6 5 0
53 47 11 71 43 0
81 48 27 11 15 0
98 49 63 84 25 0
7 31 44 22 5 0
43 66 3 43 2 0
16 55 60 73 15 0
50 63 1 2 20 0
55 48 86 33 24 0
54 80 3 47 44 0
95 85 63 13 64 0
14 17 84 29 9 0
3 70 44 15 1 0
46 72 98 70 40 0
93 93 49 21 17 0
10 2 56 50 2 0
4 4 40 65 1 0
88 14 15 7 8 0
25 33 75 13 8 0
55 22 17 34 22 0
43 16 77 5 6 0
23 20 23 71 13 0
37 18 48 26 5 0
34 90 91 42 32 0
29 43 87 43 20 0
82 5 7 65 3 0
95 45 12 1 27 0
1 11 50 91 1 0
85 24 29 10 8 0
73 8 92 39 7 0
69 34 18 54 32 0
52 14 67 11 13 0
39 82 89 36 12 0
95 13 9 70 6 0
75 99 8 6 30 0
13 7 64 30 1 0
38 50 53 7 17 0
84 15 68 1 6 0
61 81 71 16 49 0
12 49 52 83 9 0
77 27 83 43 22 0
23 15 23 77 2 0
27 3 31 30 2 0
69 23 25 41 10 0
100 70 65 66 53 0
83 46 71 84 38 0
6 96 35 18 1 0
3 59 77 23 1 0
59 64 17 55 30 0
98 39 2 69 4 0
96 22 72 40 18 0
17 74 100 52 8 0
15 70 47 36 1 0
49 86 65 66 3 0
39 31 53 75 14 0
22 57 1 7 1 0
8 84 45 90 6 0
21 1 23 36 1 0
24 55 100 88 23 0
90 26 17 84 22 0
27 51 89 24 10 0
22 26 76 77 17 0
31 49 30 31 13 0
18 30 44 3 1 0
70 95 10 97 68 0
40 65 97 31 23 0
43 92 66 86 15 0
10 34 7 80 8 0
18 91 24 24 15 0
25 67 11 9 11 0
47 15 6 13 6 0
59 14 57 69 1 0
68 45 70 75 9 0
6 26 79 25 6 0
14 40 75 38 5 0
85 59 33 93 27 0
38 42 2 59 30 0
98 12 16 55 4 0
80 96 50 84 52 0
7 74 66 8 7 0
44 68 17 92 36 0
13 14 2 98 2 0
34 14 64 24 14 0
93 85 85 82 38 0
48 23 99 34 10 0
1 100 72 64 1 0
82 40 96 80 36 0
14 40 43 75 8 0
89 52 19 26 12 0
32 20 84 71 10 0
7 26 65 80 1 0
36 55 79 87 9 0
92 67 58 16 27 0
70 37 26 36 7 0
