100
92 25 97 22 44
72 20 85 91 65
98 56 9 24 21
8 34 59 63 73
4 57 63 94 42
67 50 24 67 61
36 10 37 50 54
27 6 91 72 11
8 45 42 49 68
72 79 22 24 92
31 83 56 73 11
17 11 66 16 91
8 8 39 69 46
7 98 82 92 16
64 34 57 60 65
56 41 97 42 4
34 32 24 37 28
17 43 95 63 71
61 35 40 38 6
91 14 11 25 70
97 61 48 95 96
28 35 92 48 1
82 88 49 22 67
6 11 8 3 57
11 93 62 36 17
93 88 25 27 5
26 78 5 85 14
1 12 11 87 95
46 28 45 26 32
44 40 52 2 100
65 61 53 28 48
55 18 16 58 87
62 24 71 95 83
81 67 41 90 64
88 69 54 14 57
63 83 12 25 60
2 31 60 74 76
89 93 75 34 48
24 39 70 96 37
65 8 58 47 79
68 11 77 11 52
48 10 39 79 13
46 77 79 51 53
62 96 75 35 9
94 46 46 6 42
11 3 16 78 73
96 94 85 68 98
15 45 24 95 84
63 26 8 27 73
53 36 29 79 63
35 92 50 80 92
91 22 82 99 53
39 91 28 4 22
57 16 26 30 28
42 61 8 43 89
29 85 21 76 28
12 30 39 34 19
14 39 84 31 22
59 74 55 32 83
71 26 55 18 61
99 40 62 49 43
32 46 39 44 18
72 37 56 67 83
65 57 24 10 35
59 28 23 41 49
95 4 19 49 13
59 55 58 43 79
72 98 8 12 24
88 79 89 44 38
77 43 2 16 10
17 27 46 92 24
75 98 7 91 12
81 88 42 100 77
58 79 28 96 60
11 26 64 71 35
56 70 2 4 39
34 10 86 79 93
2 11 73 53 69
63 58 32 74 33
58 30 80 51 65
25 36 98 10 83
79 10 55 41 26
32 90 29 35 44
13 71 25 90 1
13 18 88 98 75
62 1 23 28 88
69 36 96 71 32
54 30 42 45 21
31 32 72 96 45
30 8 35 4 47
14 40 61 71 14
57 15 7 31 34
39 7 38 66 97
67 85 38 22 32
18 45 32 72 30
4 20 40 67 99
97 85 42 30 82
64 66 6 50 29
25 47 73 31 22
70 9 48 21 29
