100
11 8 83 91 61
28 82 61 10 58
82 1 57 21 55
33 95 62 37 19
65 70 100 42 14
80 27 86 15 39
66 98 18 53 51
99 5 25 79 95
40 68 17 25 19
71 86 73 50 46
85 74 63 96 40
5 13 82 80 77
43 93 69 9 61
28 94 100 56 68
21 7 54 50 54
97 99 27 95 58
31 12 95 41 72
69 7 77 95 25
16 69 67 55 53
36 81 49 9 87
90 64 8 61 52
89 78 50 62 49
62 39 89 99 32
25 93 81 36 10
57 33 83 24 96
17 68 20 30 76
57 26 72 14 46
93 31 73 54 33
15 39 32 65 76
22 94 20 65 48
84 5 14 27 32
50 10 97 69 27
100 70 39 12 54
20 60 53 32 18
74 50 4 11 65
35 6 61 11 95
33 98 90 28 8
38 5 71 11 56
62 52 40 92 27
100 6 10 56 67
29 76 87 94 89
27 53 11 49 41
19 2 23 56 39
14 50 29 16 19
46 51 84 74 73
9 21 13 38 91
9 80 28 8 66
32 44 60 93 68
69 54 5 60 91
100 85 16 86 66
21 30 59 68 82
4 48 56 7 38
69 50 29 40 67
59 60 93 16 23
25 88 78 25 65
9 95 54 31 23
48 6 21 57 34
80 96 100 55 74
2 47 61 71 16
50 31 41 78 23
37 4 88 81 73
90 86 97 83 97
35 79 6 72 74
66 73 23 19 98
16 43 14 75 92
68 51 7 60 96
43 88 94 96 80
10 75 33 17 78
13 66 61 30 59
54 29 9 62 43
81 92 86 68 71
44 1 92 24 42
19 99 35 98 98
70 93 99 73 27
49 9 94 91 49
23 83 60 92 94
69 85 89 60 59
95 57 91 63 12
65 73 57 41 51
100 31 82 76 98
88 10 95 63 75
20 89 5 67 56
99 35 43 29 34
21 84 66 38 86
56 70 46 60 28
72 6 19 93 49
1 83 98 56 14
89 54 8 41 72
7 55 12 34 97
10 47 7 72 12
95 30 66 48 63
37 11 79 53 7
6 6 28 12 53
89 70 32 29 18
43 37 4 20 27
20 50 41 65 40
23 47 19 25 53
61 11 88 6 92
60 62 29 42 2
2 24 1 76 84
