100
49 63 26 86 3 0
44 51 64 83 41 0
73 99 15 69 37 0
16 82 65 1 5 0
33 58 26 64 22 0
60 79 95 31 18 0
46 70 84 49 25 0
57 81 46 48 29 0
39 85 100 55 29 0
26 72 33 31 5 0
61 72 31 76 25 0
26 10 53 27 4 0
68 50 91 51 29 0
54 16 79 38 10 0
71 92 12 33 64 0
31 52 99 41 31 0
50 66 89 75 41 0
24 34 29 27 7 0
20 45 87 78 1 0
27 1 90 45 1 0
24 41 53 93 15 0
1 30 46 100 1 0
58 39 91 37 2 0
79 55 96 91 21 0
78 53 40 34 41 0
62 71 64 73 31 0
23 4 81 100 3 0
22 20 85 78 18 0
7 40 3 98 1 0
19 66 80 11 11 0
82 64 61 60 35 0
31 89 82 70 10 0
99 31 49 20 30 0
87 66 31 84 17 0
33 71 35 96 22 0
58 54 79 14 42 0
96 91 23 67 54 0
70 17 34 34 8 0
91 16 15 50 14 0
66 5 16 21 4 0
86 79 89 89 23 0
1 71 32 50 1 0
23 1 92 50 1 0
17 65 43 1 16 0
76 8 86 65 6 0
50 93 53 78 47 0
60 20 81 44 15 0
100 10 74 31 7 0
46 2 76 3 1 0
98 91 26 73 72 0
73 63 98 17 8 0
42 26 3 47 8 0
50 95 3 59 33 0
58 56 84 63 14 0
21 91 45 9 5 0
29 66 21 16 17 0
24 46 73 90 10 0
94 69 65 37 39 0
7 100 44 28 2 0
76 42 54 70 3 0
18 53 7 90 6 0
84 4 26 43 4 0
65 70 19 69 29 0
50 33 34 45 23 0
62 69 38 47 48 0
48 45 24 78 15 0
10 57 58 69 3 0
43 47 4 69 25 0
46 29 55 70 11 0
72 61 69 81 2 0
8 77 15 68 8 0
3 51 57 26 3 0
21 81 23 50 19 0
9 86 34 11 5 0
23 99 40 88 6 0
51 36 56 53 34 0
38 15 14 57 10 0
2 48 25 33 1 0
57 98 21 60 11 0
41 30 40 32 7 0
35 21 11 19 2 0
55 55 52 82 19 0
49 74 25 90 4 0
73 9 60 99 2 0
26 57 6 71 20 0
6 61 29 75 3 0
50 6 64 35 6 0
57 21 88 10 12 0
36 60 86 20 36 0
20 44 46 96 13 0
4 73 36 11 1 0
30 72 61 36 1 0
38 88 33 47 34 0
30 7 39 84 2 0
38 34 85 24 27 0
97 27 52 59 12 0
21 91 93 51 17 0
3 2 16 94 2 0
17 47 25 20 2 0
25 3 18 41 2 0
