100
23 29 58 14 67
50 54 35 62 48
68 32 97 22 13
37 45 8 67 1
93 67 80 49 50
55 24 92 4 85
91 32 25 71 89
65 46 17 81 41
16 20 82 33 84
96 28 87 3 63
75 70 89 33 67
41 79 16 31 51
35 61 21 75 73
43 38 41 9 79
26 20 80 59 80
24 88 53 45 97
75 35 46 95 11
96 30 42 5 49
38 41 24 57 94
25 46 61 61 81
83 7 5 67 49
63 10 19 28 48
97 76 90 8 85
62 68 86 50 22
95 39 43 65 53
31 38 91 57 27
56 91 2 10 61
39 92 75 48 96
38 82 76 93 6
11 96 21 10 60
83 79 9 54 22
48 37 80 69 9
35 72 4 65 89
12 49 8 17 5
95 56 41 43 1
78 29 30 25 90
92 66 77 57 45
99 67 49 52 11
94 29 70 19 13
34 62 87 22 25
51 10 16 25 61
77 35 96 4 14
53 78 54 85 23
10 81 64 25 2
56 76 81 91 35
99 39 31 64 99
41 13 21 76 85
10 11 7 40 30
78 86 15 46 31
70 23 5 3 79
65 12 16 10 31
42 86 2 13 31
74 69 12 21 41
33 43 48 87 78
53 52 41 44 45
90 23 21 7 82
17 42 43 1 90
90 64 29 59 32
68 50 76 42 64
68 4 1 22 97
51 57 93 26 85
56 78 75 39 7
77 96 5 26 35
32 80 29 51 44
99 91 15 49 39
81 9 6 14 53
13 81 39 84 17
2 21 53 41 2
89 69 56 58 69
37 73 100 78 72
15 43 82 67 66
19 29 65 42 25
29 7 67 14 100
69 24 24 38 77
80 20 62 44 41
1 91 44 80 51
87 36 6 30 67
72 91 95 71 78
67 23 3 15 11
20 58 77 74 18
28 69 59 95 99
90 25 75 82 55
40 3 83 44 98
40 32 57 89 61
6 93 36 68 5
53 56 46 83 49
83 85 64 83 85
19 42 71 19 13
91 41 14 58 59
40 8 67 12 66
67 56 95 35 29
40 95 93 50 4
49 4 81 40 57
83 90 17 39 64
27 41 28 43 62
7 36 95 64 31
15 71 16 30 39
16 56 54 64 3
61 21 7 9 8
10 41 77 96 68
