0.2926829268292683
-1.0
0.9577464788732394
3.5357142857142856
0.7115384615384616
0.676056338028169
1.0602409638554218
1.0
0.48
-1.0
0.6451612903225806
9.631578947368421
1.0612244897959184
2.0
-1.0
13.25
0.7638888888888888
2.8823529411764706
1.3571428571428572
-1.0
-1.0
-1.0
0.42857142857142855
-1.0
0.38666666666666666
1.0
0.48863636363636365
2.5517241379310347
0.06818181818181818
-1.0
1.4705882352941178
0.4634146341463415
-1.0
-1.0
0.043478260869565216
0.4074074074074074
1.4923076923076923
0.898989898989899
1.8020043336944744
-1.0
583.625
2.6
4.244976076555024
0.8260869565217391
-1.0
1.3620689655172413
0.725
2.1904761904761907
-1.0
7.7295454545454545
180.0909090909091
-1.0
0.9081632653061225
-1.0
0.8395061728395061
0.8027613412228797
16.505882352941175
2.59375
1.0545454545454545
0.45
2.6775757575757577
-1.0
-1.0
0.9433962264150944
0.10416666666666667
1.3793103448275863
-1.0
-1.0
0.10810810810810811
-1.0
1.4545454545454546
2.9473684210526314
0.6744186046511628
1.7142857142857142
4.959999999999999
-1.0
25.93939393939394
1.1
0.20689655172413793
4.061904761904762
1.7293700088731145
-1.0
0.3287671232876712
0.06976744186046512
0.1827956989247312
0.43010752688172044
-1.0
0.4318181818181818
0.08888888888888889
3.1666666666666665
-1.0
-1.0
-1.0
-1.0
1.0740740740740742
4.598377281947261
-1.0
1.131578947368421
-1.0
2.5273972602739727
