100
65 97 31 45 43
92 66 86 30 10
34 7 80 57 18
91 24 24 60 25
67 11 9 44 47
15 6 13 47 59
14 57 69 8 68
45 70 75 18 6
26 79 25 89 14
40 75 38 33 85
59 33 93 53 38
42 2 59 60 98
12 16 55 25 80
96 50 84 52 7
74 66 8 44 68
17 92 72 13 14
2 98 16 34 14
64 24 93 85 85
82 38 48 23 99
34 40 1 100 72
64 32 82 40 96
80 71 14 40 43
75 59 89 52 19
26 23 32 20 84
71 40 7 26 65
80 9 36 55 79
87 18 92 67 58
16 27 70 37 26
36 13 7 5 21
11 88 14 41 73
50 48 10 16 100
24 16 10 15 21
29 56 51 74 84
20 5 20 35 61
78 39 45 37 65
73 92 41 74 1
43 93 37 82 29
20 75 48 63 64
40 26 84 56 52
48 4 15 5 62
1 38 37 18 18
3 62 82 94 71
26 45 29 60 63
100 44 51 57 74
43 71 76 55 59
79 31 7 41 44
27 26 91 16 78
27 30 80 23 13
90 3 68 89 30
35 86 56 48 66
22 42 97 6 90
70 96 98 64 94
54 37 38 1 69
74 68 28 92 40
40 66 29 64 23
31 80 16 67 71
51 20 90 2 34
98 17 65 40 23
88 69 51 42 43
68 75 72 22 73
93 74 26 66 31
22 83 51 31 96
61 86 89 6 81
71 80 87 23 29
80 21 51 94 70
17 12 30 38 26
59 13 42 62 54
55 2 9 69 100
38 92 35 87 76
63 5 69 47 6
28 58 87 19 78
94 38 58 88 53
2 89 58 28 89
86 64 48 42 12
61 94 56 66 43
44 42 66 27 23
31 64 25 63 12
72 16 33 86 67
39 44 6 78 79
34 98 9 24 61
23 2 25 96 13
35 23 75 2 78
28 42 73 28 79
59 86 14 56 62
38 4 6 93 49
23 13 69 13 9
81 21 44 29 81
99 8 42 58 94
55 32 82 27 68
17 60 7 66 66
95 23 75 11 94
43 65 46 72 2
17 30 53 19 2
27 97 42 34 46
93 18 89 88 67
92 12 25 13 67
40 13 37 51 9
90 77 55 84 51
6 76 20 54 51
24 52 99 61 82
