0.6888888888888889
2.8666666666666667
1.4035087719298245
0.4
0.20454545454545456
-1.0
-1.0
4.166666666666667
0.2808988764044944
-1.0
-1.0
-1.0
-1.0
1.6153846153846154
0.18181818181818182
6.314595660749506
0.5252100840336135
-1.0
-1.0
0.01
-1.0
0.35
1.7115384615384615
-1.0
0.2692307692307692
0.6545454545454545
1.373134328358209
35.08108108108108
1.4
1.269918699186992
-1.0
0.6666666666666666
-1.0
-1.0
-1.0
0.5540540540540541
0.45121951219512196
3.3766233766233764
-1.0
-1.0
3.855555555555555
-1.0
-1.0
0.8947368421052632
4.592424242424243
0.17073170731707318
-1.0
4.549872122762149
0.7640449438202247
3.2666666666666666
-1.0
38.5
-1.0
0.30434782608695654
0.453125
0.23880597014925373
-1.0
1.625
1.2142857142857142
88.72727272727273
0.3939393939393939
-1.0
242.93333333333334
4.541346973572038
0.5425531914893617
-1.0
0.6774193548387096
0.13043478260869565
0.40229885057471265
1.4680851063829787
-1.0
0.6590909090909091
-1.0
1.1428571428571428
0.8484848484848485
3.0877192982456148
0.3968253968253968
0.38372093023255816
0.07692307692307693
0.375
0.2604166666666667
-1.0
-1.0
0.25
0.06451612903225806
11.5
-1.0
0.7241379310344828
-1.0
0.10606060606060606
-1.0
0.6388888888888888
2.789473684210526
1.8200692041522493
1.0113636363636365
-1.0
0.7254901960784313
0.6547619047619048
0.8859259259259259
-1.0
