10.243589743589745
-1.0
-1.0
25.525
4.080000000000001
-1.0
4.6
0.3695652173913043
1.3
7.730158730158729
0.07142857142857142
0.2619047619047619
1.108695652173913
2.3714285714285714
-1.0
-1.0
0.5116279069767442
48.1
0.42857142857142855
0.9710144927536232
-1.0
0.6153846153846154
0.3684210526315789
0.2033898305084746
0.5909090909090909
-1.0
0.8103448275862069
0.797752808988764
0.020833333333333332
2.0
0.8275862068965517
1.3461538461538463
0.125
-1.0
0.1625
0.4457831325301205
0.680573663624511
4.913580246913581
3.157894736842104
0.8791208791208791
-1.0
0.3142857142857143
3.1761363636363638
0.7096774193548387
-1.0
-1.0
0.6216216216216216
0.85
0.8026315789473685
0.5901639344262295
1.3114754098360655
0.2916666666666667
0.7662337662337663
-1.0
1.0674157303370786
0.4177215189873418
-1.0
4.036837376460018
1.0545454545454545
1.5
2.557471264367816
1.0843373493975903
0.6842105263157895
-1.0
0.7142857142857143
0.37777777777777777
0.21052631578947367
-1.0
-1.0
19.287037037037038
1.3863636363636365
-1.0
-1.0
-1.0
0.6704545454545454
1.2658227848101267
0.18421052631578946
0.5
0.37037037037037035
2.1818181818181817
-1.0
-1.0
0.07894736842105263
0.43023255813953487
1.2345679012345678
-1.0
-1.0
-1.0
-1.0
0.9795918367346939
0.14285714285714285
0.30952380952380953
-1.0
0.5384615384615384
0.847457627118644
-1.0
-1.0
0.5915492957746479
-1.0
0.9850746268656716
