100
39 69 11 72 3 0
32 50 99 64 10 0
95 40 52 75 3 0
92 20 5 92 9 0
92 24 44 33 20 0
60 32 19 21 14 0
14 93 52 4 7 0
60 70 56 11 21 0
74 99 1 51 46 0
16 48 62 83 9 0
16 67 39 44 8 0
83 61 46 95 26 0
61 31 10 44 22 0
19 76 82 21 3 0
80 74 34 21 49 0
68 59 48 67 35 0
44 55 51 91 22 0
60 80 66 40 33 0
1 74 1 14 1 0
59 71 16 12 30 0
5 80 44 26 3 0
12 2 14 1 1 0
52 21 44 47 15 0
20 30 100 71 8 0
96 56 2 96 8 0
28 25 42 21 4 0
81 65 48 58 22 0
92 22 35 26 15 0
37 62 12 96 27 0
16 100 15 65 10 0
13 80 96 9 6 0
37 83 13 11 18 0
65 36 30 44 27 0
38 60 90 40 29 0
89 78 65 80 54 0
94 27 84 2 20 0
42 5 22 70 2 0
67 81 32 22 65 0
24 78 22 31 5 0
61 27 97 96 25 0
96 4 92 15 4 0
42 4 46 74 4 0
51 31 85 100 5 0
74 5 61 76 1 0
44 61 36 61 5 0
72 87 80 61 20 0
92 53 21 72 48 0
76 44 59 77 3 0
58 34 32 1 25 0
28 86 33 79 3 0
82 56 81 8 47 0
74 99 85 53 66 0
58 55 13 56 44 0
42 28 29 64 27 0
91 28 12 33 24 0
29 90 83 41 7 0
51 13 19 32 4 0
26 86 43 28 8 0
39 60 84 22 34 0
34 90 56 57 4 0
38 90 59 8 29 0
51 98 33 88 51 0
47 96 100 23 38 0
29 4 48 53 4 0
61 44 1 8 9 0
43 47 55 36 13 0
57 33 28 16 13 0
23 8 27 83 8 0
88 59 70 90 50 0
79 5 91 53 1 0
76 41 78 32 8 0
32 84 72 89 10 0
54 45 51 30 12 0
11 22 6 30 3 0
48 81 18 28 25 0
58 34 8 94 3 0
76 79 52 51 37 0
86 59 97 78 50 0
81 2 20 5 1 0
4 28 82 28 3 0
56 91 50 67 13 0
85 50 50 71 18 0
61 64 74 48 25 0
53 19 6 1 2 0
31 70 5 13 26 0
42 93 14 6 20 0
68 95 97 86 35 0
65 57 98 32 25 0
59 2 28 75 2 0
1 86 73 13 1 0
18 33 34 90 11 0
71 31 63 4 12 0
9 16 81 79 9 0
67 68 23 29 58 0
14 67 50 54 5 0
62 48 68 32 11 0
13 37 45 8 9 0
1 93 67 80 1 0
50 55 24 92 2 0
85 91 32 25 71 0
