0.24390243902439024
-1.0
-1.0
-1.0
-1.0
0.5612244897959183
0.8307692307692308
0.3979591836734694
0.6666666666666666
0.2268041237113402
1.2105263157894737
2.244285714285714
-1.0
0.9146341463414634
3.260950605778192
0.6582278481012658
-1.0
-1.0
1.4817927170868341
0.2465753424657534
1.0526315789473684
0.47333333333333305
0.11458333333333333
-1.0
-1.0
5.3939393939393945
1.328138528138528
-1.0
1.403225806451613
4.872122762148338
25.0625
0.42168674698795183
0.3023255813953488
-1.0
100.19999999999999
1.2615384615384615
-1.0
0.8315789473684211
-1.0
5.707729468599034
0.85
-1.0
-1.0
0.18867924528301888
0.4117647058823529
1.0555555555555556
0.5211267605633803
-1.0
0.7575757575757576
0.7058823529411765
-1.0
-1.0
0.5853658536585366
0.03333333333333333
1.4333333333333333
66.89583333333334
8.5
0.4146341463414634
1.1967213114754098
1.7861111111111112
-1.0
0.030612244897959183
19.208333333333332
1.0166666666666666
1.4651428571428573
-1.0
-1.0
-1.0
0.16666666666666666
1.2407407407407407
-1.0
0.31868131868131866
-1.0
0.3125
-1.0
-1.0
0.010869565217391304
1.5116279069767442
-1.0
0.5376344086021505
15.692307692307692
-1.0
-1.0
-1.0
-1.0
1.6153846153846154
0.5263157894736842
-1.0
0.23076923076923078
-1.0
-1.0
1.3623188405797102
-1.0
0.2236842105263158
0.9090909090909091
0.07777777777777778
0.15384615384615385
0.9076923076923077
7.640653357531761
0.6164383561643836
