-1.0
0.9340659340659341
0.375
-1.0
2.280141843971631
0.3582089552238806
-1.0
1.2638888888888888
-1.0
-1.0
0.7671232876712328
-1.0
-1.0
0.9798515376458112
0.95
2.3095238095238093
0.6486486486486487
-1.0
1.0526315789473684
0.44
0.5052631578947369
1.9166666666666667
5.428571428571428
-1.0
1.962719298245614
0.9259259259259259
0.058823529411764705
-1.0
-1.0
-1.0
3.8818681318681323
0.27586206896551724
-1.0
0.45555555555555555
14.845238095238097
0.48
-1.0
2.581045751633987
2.2187499999999987
-1.0
-1.0
0.4936708860759494
3.0531045751633985
2.142857142857143
64.66666666666667
-1.0
-1.0
-1.0
0.2962962962962963
0.3670886075949367
-1.0
0.8282828282828283
8.666666666666666
0.8666666666666667
0.18604651162790697
0.27631578947368424
2.0374331550802136
5.3927893738140416
-1.0
-1.0
1.2653061224489797
0.8863636363636364
0.835820895522388
3.2636363636363637
0.5609756097560976
0.3877551020408163
-1.0
0.6666666666666666
2.022727272727273
0.125
0.5
0.07692307692307693
0.42
0.2916666666666667
-1.0
0.5
-1.0
-1.0
0.43243243243243246
-1.0
-1.0
1.3414634146341464
0.925465838509317
0.2777777777777778
-1.0
-1.0
1.352112676056338
0.9333333333333333
-1.0
-1.0
0.8591549295774648
0.22580645161290322
-1.0
1.7272727272727273
0.4444444444444444
-1.0
7.333333333333332
0.12
3.427096774193549
2.2857142857142856
