100
43 100 38 39 61
52 92 86 50 73
42 50 39 90 42
50 15 30 42 59
51 40 5 12 81
11 93 57 31 15
62 92 2 62 12
32 89 32 14 43
37 24 52 89 6
68 65 93 81 52
7 51 79 79 23
73 37 83 7 61
84 51 73 46 17
22 37 30 56 31
62 77 94 62 79
86 11 4 85 15
54 13 41 56 50
37 83 83 69 52
20 70 15 33 3
82 90 79 66 69
90 48 43 5 86
90 53 43 35 66
58 73 46 83 29
47 93 8 84 46
15 49 21 20 39
50 55 12 16 91
94 13 28 17 30
14 89 65 73 50
45 82 19 17 75
82 43 64 87 18
53 12 86 72 52
29 91 74 65 1
4 44 12 29 98
68 98 81 53 79
58 7 82 2 8
4 75 92 19 92
34 44 69 51 82
52 17 2 85 31
36 87 96 2 3
39 85 50 42 7
14 40 20 31 56
31 75 34 88 16
95 54 9 55 63
38 47 73 89 27
11 78 65 64 79
68 56 56 4 58
62 56 29 73 89
28 3 18 30 91
50 95 39 69 61
74 66 55 22 13
19 74 63 20 66
87 88 80 83 64
46 48 49 20 61
15 56 99 89 60
82 98 85 84 38
90 92 61 29 64
61 98 75 62 35
68 68 6 98 94
31 4 36 55 97
94 90 77 63 30
43 87 11 4 30
6 37 13 46 31
1 40 56 13 82
44 24 24 2 71
49 44 15 22 8
12 18 9 6 58
7 66 25 39 43
77 40 22 38 95
75 6 6 53 29
79 13 23 76 55
91 40 98 51 53
35 56 35 29 82
91 31 7 27 68
24 74 50 3 44
32 28 71 62 34
33 31 69 34 45
84 2 76 13 14
38 58 80 26 87
9 35 11 37 83
46 74 93 74 97
95 79 84 39 23
60 34 6 45 38
93 66 81 88 44
56 93 40 65 75
19 41 32 8 64
51 89 4 39 22
37 72 85 13 38
36 36 20 6 2
74 87 37 29 84
96 12 68 15 64
69 3 7 71 56
75 34 25 5 73
5 73 94 28 32
79 3 68 70 33
53 32 32 11 83
3 29 65 50 1
19 49 35 39 91
23 52 46 17 58
48 64 33 5 80
60 85 80 51 64
