100
89 47 5 25 26 0
32 16 23 57 15 0
67 10 6 43 2 0
57 90 78 96 44 0
71 84 13 66 15 0
51 8 55 36 2 0
46 34 40 72 13 0
86 77 66 29 60 0
82 19 94 35 7 0
74 95 62 69 59 0
93 1 42 47 1 0
88 15 52 31 11 0
53 35 86 82 18 0
35 1 63 40 1 0
57 47 66 95 21 0
26 47 49 84 2 0
33 5 89 56 2 0
91 44 8 13 6 0
68 73 66 9 59 0
76 78 82 29 58 0
55 3 28 72 1 0
82 76 50 25 12 0
71 49 41 7 40 0
70 95 58 86 61 0
56 41 72 29 8 0
78 94 77 22 38 0
21 3 60 69 2 0
19 92 23 66 2 0
97 25 84 70 25 0
82 58 35 14 12 0
63 74 43 29 36 0
53 87 52 6 28 0
30 95 81 71 8 0
55 88 92 57 8 0
31 33 37 93 28 0
24 53 88 58 1 0
75 13 78 29 9 0
37 30 32 60 11 0
82 95 46 88 64 0
93 17 62 94 17 0
14 10 61 17 9 0
58 5 94 65 2 0
19 64 95 10 1 0
27 12 62 72 2 0
42 76 4 99 40 0
11 3 73 61 1 0
41 28 96 51 11 0
66 19 94 48 1 0
90 5 19 7 2 0
40 9 33 14 9 0
78 99 19 78 16 0
14 15 23 62 6 0
46 3 34 82 2 0
58 54 5 57 29 0
11 92 19 37 1 0
3 98 86 6 3 0
94 19 58 9 7 0
17 18 5 87 15 0
98 37 69 5 13 0
87 94 95 50 86 0
1 85 30 15 1 0
10 93 63 32 1 0
44 97 21 6 29 0
18 27 46 63 11 0
59 94 9 56 9 0
47 92 13 1 12 0
24 45 72 1 5 0
97 77 76 38 54 0
28 69 77 27 23 0
63 38 37 67 9 0
83 26 90 50 22 0
27 46 53 51 4 0
20 93 19 11 8 0
53 59 97 47 18 0
8 26 15 72 6 0
70 38 46 30 1 0
4 46 67 12 3 0
79 29 1 30 4 0
29 70 37 68 26 0
71 29 89 36 28 0
99 28 22 64 25 0
37 52 34 65 33 0
48 71 95 49 7 0
88 83 38 49 69 0
69 24 94 48 9 0
75 65 18 32 55 0
56 70 68 32 53 0
40 62 70 2 23 0
12 58 77 91 7 0
49 39 95 60 21 0
9 24 79 42 7 0
86 94 64 53 4 0
3 44 23 55 3 0
42 49 56 98 17 0
17 92 6 57 11 0
42 56 1 57 29 0
78 15 53 64 13 0
72 67 90 12 17 0
8 49 95 93 3 0
56 24 13 62 24 0
