15732
61141
38279
21183
17991
87963
78937
77574
70572
66563
48582
14623
33900
85922
19260
42521
37799
15216
79133
97846
78378
26361
58914
77510
81450
31243
28103
59867
52497
31205
5970
66762
54639
55741
68002
53695
67446
50819
90866
35965
69497
2766
786
66410
5485
44341
70437
78341
38477
65872
36138
734
23930
10106
19628
62249
29608
57115
95918
64564
18079
45905
81017
50443
92795
31896
18710
34462
64590
60608
98987
83157
86431
96460
9520
74632
51507
34982
68301
59122
33479
18409
99049
67501
45132
30555
89966
41304
27064
55726
74892
71058
51127
64037
84303
40367
28820
86711
18027
38030
77228
81746
77923
52365
90405
91020
11006
97308
49719
37836
53462
99507
70820
94911
16955
94932
5071
53083
48749
4486
52979
33048
64202
70636
16971
95270
86204
67452
14904
98509
19040
87193
42272
16692
93774
18181
43183
16819
60308
38800
56898
30454
63260
33197
90244
80066
99271
12546
53820
62567
60763
72867
59069
49062
14039
75764
70963
94928
20072
7371
93072
343
71629
67076
70432
65663
19779
93198
48383
76528
20615
90063
91746
81888
24356
98774
82591
60327
47650
92130
63468
21330
39170
80298
91635
53732
9086
52799
80469
51376
29409
14451
49613
35114
6956
9400
63894
89796
33164
60913
12018
64308
14769
87124
88991
25121
51527
14941
31034
36042
82670
91689
54905
73516
74803
98748
76973
79817
41148
62232
85014
55975
13947
29363
22325
12860
54707
78046
65275
26810
45422
6155
69292
78899
30317
38411
22131
75081
88820
10884
90530
88183
20803
32752
6332
78148
60272
11260
47209
29174
28543
52852
67491
47449
64308
54352
63538
41905
40069
21287
93560
80584
24865
58578
61670
81858
23651
55845
25802
89375
84035
73835
20325
72967
21194
11673
79592
64265
3449
22691
76869
62791
45307
13186
2791
65800
18318
11163
67198
56987
67579
60492
70938
41293
67176
2834
27952
4285
26899
50914
88429
30304
88957
42824
10737
8750
38893
91104
34825
27832
56979
61855
66197
38881
60788
53540
58101
57617
65943
27248
48546
23477
52520
38908
37734
68201
27539
18944
83211
94662
49100
97288
87831
59817
41103
67161
32645
18252
46092
31971
4740
88456
53687
89228
59908
38109
96553
70242
82472
76393
52563
8076
26817
28516
48423
45191
49662
99554
16607
24347
95460
66310
25403
67815
69204
2162
82806
46714
50422
66135
84933
22160
15148
4733
17586
71801
65046
67229
53498
55259
39142
83292
5910
69353
97587
91126
99657
72037
41688
82612
36462
23764
70781
97442
15189
66722
60871
88924
22899
16598
54935
48989
94294
11485
85170
13475
80557
14881
52707
13606
5190
87965
7593
81492
57777
55819
80881
95900
55970
63464
17138
86576
57010
15353
26302
56293
59999
72544
5757
75273
184
78801
76267
78433
93093
85723
8645
90733
99815
33749
63116
48240
78977
40339
19253
60937
90882
99207
51910
79965
12132
44174
68739
27992
64254
99491
11288
22070
44923
39526
96399
72157
73669
51827
68088
43425
95708
26317
18455
54836
51567
92225
67461
81782
4193
73115
77826
12296
88729
75879
37974
48043
6789
41054
74033
4667
84456
92211
28756
79265
18627
58973
94420
39721
48623
87048
19446
30270
64657
42357
74384
29307
83727
50091
50287
8558
61204
67592
56351
16586
12737
76904
68768
34872
33388
88284
84018
50545
51430
41228
86111
94609
67995
5673
68204
47281
17201
63767
32925
1233
60545
21383
7160
76075
17673
11999
2068
43612
92983
30537
57550
69279
72950
39253
57201
81695
99214
14926
3061
44758
47766
16137
1580
10662
41914
66432
53056
79314
62725
38396
55986
82832
4183
65416
283
33265
8339
86433
78842
66450
15038
26695
69238
95542
28457
80087
88027
62301
38494
76764
46341
11959
70706
82299
61407
1055
80004
89335
47724
53903
64677
73836
78220
96183
65422
64346
392
51946
79975
73145
12201
2396
3113
11272
63571
73745
65434
67461
56852
30164
20005
18773
51464
87568
24251
98427
83520
74835
97144
4575
43050
17041
84613
45658
25639
80780
34563
50025
33342
30077
12909
96391
40055
84302
40810
38733
94176
88429
70825
33540
15611
10245
15683
18196
70387
78264
52243
15980
4309
49609
6613
97665
51013
66793
85250
38058
2564
74336
28447
3667
99998
3237
69003
23082
85341
63247
29342
66759
3521
50195
93688
87315
80134
10413
52897
34787
17028
96007
22448
55435
52745
51350
73496
57135
13140
70626
74830
16195
88524
93425
86918
76945
23993
94671
53338
12367
2374
68917
52918
8055
57848
18360
7087
49365
5566
55159
9814
34408
74461
62252
97219
12657
92142
65852
4277
88810
91877
49772
15638
7968
30487
35759
56245
23164
47850
61255
58548
98508
33456
93435
77277
71059
86646
33492
26077
76320
86734
66422
13762
28246
53327
6311
27423
41648
99498
44085
71779
52339
44777
65348
65276
25929
72501
85493
34554
72285
8242
92185
58195
19942
4280
85788
90287
47555
94999
61942
82528
56029
24375
85351
62358
86695
53430
34014
47694
45411
16648
33193
53228
44580
46388
77991
2478
73489
9889
61115
70059
40447
60577
95598
28673
85965
20102
68680
71623
41317
34135
75580
53746
22400
50638
3287
32012
93975
29885
65511
30228
58955
40294
8390
11578
61436
90263
32607
50419
11510
15557
97132
98402
2498
24523
74194
9598
14501
60594
17582
19618
61543
90893
83785
71145
38490
9894
67700
15572
99934
9012
80712
62714
40830
73790
40868
37652
99377
99183
89114
34134
51519
12375
67697
45149
62928
43623
47353
66402
54761
38961
38325
51492
76509
30209
36241
27060
20860
50264
48114
49280
24207
21724
1456
95935
66285
18883
30702
24658
57205
86524
55350
33916
87366
87479
5043
69696
97744
94603
15908
65516
45788
86256
13515
57960
8378
284
72049
90363
53620
69600
16874
24570
46120
43206
3706
1865
75338
55276
3794
84808
78925
14517
11533
12771
85380
38945
14434
56037
36718
45746
20066
71627
61365
2928
14898
66293
44684
58444
19739
47727
15629
88992
50252
48916
55289
33979
22317
57266
1844
51846
76077
99973
50035
93463
1661
94753
49956
29819
93734
20194
28090
79822
39235
88858
49079
20823
41953
82638
22886
57663
96294
22283
29543
10664
89132
41481
7349
73880
37835
16918
77307
53295
34387
65170
16282
60203
94924
84749
92457
46839
81624
29572
50798
63630
91164
23839
44728
65853
25085
74439
94731
96199
93995
39664
14009
16630
19257
11653
26735
6952
17078
15074
11437
76461
73209
71226
40910
12333
53048
56412
54202
13052
6849
7621
83358
31631
87595
64815
31453
30979
6013
6020
22380
61176
85585
77030
57584
60820
77297
79481
78225
98663
96816
29223
36940
35579
66528
62893
44288
24632
10607
98955
94061
35257
84025
65738
56260
73922
20732
47633
28337
60964
46657
62214
6822
48246
10753
79296
17647
15485
37854
59457
81284
86758
85638
89298
87903
23852
76974
78676
97712
21234
37694
72330
65273
37805
78249
72948
72418
87195
18304
57103
4980
28870
81051
42553
99585
44822
64458
44174
65621
26123
3627
85771
79703
86481
19409
21519
47808
64207
30751
80068
15226
7086
42597
9736
88106
80113
75783
58115
59418
60345
79265
27953
47580
53460
70278
24573
70219
88244
73389
57111
38650
45792
50952
74161
26863
39473
2737
75608
45053
95198
40219
51543
47621
45590
60371
12176
63994
53651
54436
69174
77687
88171
47995
19643
77616
58107
14644
86935
54813
95784
94399
53226
2520
69476
90013
80409
79308
47338
69019
30064
44169
56636
75886
45405
89398
41994
25473
69649
82996
93530
72189
27348
75520
41684
36784
21126
48746
40285
3666
94073
4660
61388
51065
54294
60565
23010
5996
23328
71717
5392
8664
42094
70741
67483
97580
13631
62550
23838
26178
90854
41753
82978
1814
97655
6181
99070
24814
18332
84975
68580
85789
46829
73667
57365
10234
44705
53993
25180
4680
11533
13750
48692
30782
70222
35471
6753
4078
30791
74128
2051
91756
56809
25541
79045
63366
70900
51399
4285
8080
83021
98422
18363
77882
88429
23083
88744
11464
25597
22429
9127
83998
54711
7336
80793
1928
96776
10292
87038
46509
63741
59328
37123
71592
94396
30604
13901
91966
69591
71211
70557
54648
76159
96145
77643
70207
59445
94419
80008
77885
45353
2624
61432
57981
49618
35807
4027
9950
97764
94318
4937
48233
45536
93537
98006
82162
70603
35182
81001
84134
89316
51395
15723
18320
32340
46348
52368
712
11510
83741
26316
24225
81644
84638
98641
67443
42966
29734
45764
66238
78925
31673
81452
54662
23766
18091
89923
76940
9539
61362
1222
47261
96404
96216
95069
87333
93710
95064
24169
32111
75052
27309
86485
12362
57334
96861
61889
61404
29784
45479
70068
33771
84335
2334
70761
74054
37447
85744
22077
48605
20624
78337
5720
62446
45444
18408
65162
72591
42154
24336
22480
75573
2461
65242
34168
77598
92353
20849
39989
21333
80150
61159
94554
30402
11649
19760
33653
36131
33815
43392
5833
71536
51867
86035
77055
90321
37879
10895
72834
3305
43481
42342
79736
42313
74123
61440
25521
42527
90427
80202
48049
77828
91755
61453
93698
49744
34563
38717
14435
92243
4995
6349
52764
28806
61385
78797
68915
49545
34291
95080
87353
67839
11776
2256
59472
59699
10804
57681
31669
1551
7516
40928
52920
78461
80714
79419
68551
53619
96878
9588
54599
27065
5864
98942
95304
5244
38522
20964
9218
38245
7650
49885
38480
40656
17073
13344
80469
41360
90531
12839
24945
23368
68814
38185
97801
11477
483
81877
85435
26714
37279
71144
22827
74139
40114
4480
3852
86558
93524
16764
44946
20141
45493
25127
98658
77372
83188
33105
62871
55320
52783
45289
75405
67429
79529
38178
54620
27441
66955
90962
52921
21329
79646
11561
87424
7508
78192
5688
14985
9274
13528
60722
43776
89180
8986
83169
70307
97555
80749
12197
27081
81070
75619
24839
52976
93645
5972
45708
19668
15158
29090
92854
41604
18634
37327
80638
88890
87088
42519
16764
95435
22587
4526
94766
43249
92472
92292
23600
17652
80634
73083
46327
99626
24654
19964
55402
26878
12848
49222
37337
3034
93743
99185
50378
88200
86955
77071
65567
27512
14858
57984
87981
5420
56372
41937
7923
20618
28221
2575
22806
63210
59256
64292
23840
22267
12643
53062
79714
62035
31812
89174
82938
15330
84312
19260
40222
57127
47314
35139
81022
63535
58352
45232
86116
84794
77149
58170
29735
80797
57999
65734
1997
9741
85131
56172
95687
98117
33712
38554
72118
31540
79544
46614
59212
57914
90089
37634
60672
67925
40165
88722
89063
77551
10795
37991
96663
55711
57154
64173
31737
57863
30590
40396
19922
50192
96903
64780
44740
77882
8470
7109
82043
29318
45724
18415
86343
56887
17069
56116
13638
51242
34627
28825
30360
31420
55133
19820
15013
57037
74181
65773
82416
91586
77004
43214
11741
3396
14891
8361
68428
76129
93269
98053
5417
42723
66657
37074
28978
73894
96094
43044
1060
8874
36577
17987
84346
16974
47647
72102
6019
22466
90995
58026
48870
53171
16883
89779
2096
57382
72481
12487
78626
54827
31478
42834
61766
35166
97552
21655
87255
55675
43033
83492
59398
64393
12006
27864
95777
5808
72254
39080
67992
92288
43830
95104
65940
33622
99248
47385
58039
95663
94512
12816
84966
39362
47621
83614
64021
83532
92540
27139
29571
27444
61569
78820
28654
87779
23646
93183
88928
76827
22363
27036
61143
56577
10867
87860
55356
80381
14627
50518
12394
1020
55797
71977
11353
51490
8715
85432
96104
31273
24970
96751
96594
6887
49642
65159
89339
31948
51147
12620
75569
89710
93949
22569
88482
6766
16750
16619
57753
38617
9723
37909
59845
80631
5825
59741
92122
17908
55984
81252
51309
56440
99550
49002
31994
51649
25105
96583
7877
15965
89701
71415
51761
48376
10316
88286
71712
59843
95309
65954
88462
80377
98255
80766
91338
15746
4581
87170
92709
85175
85002
7422
50687
72640
59503
81306
3193
26935
63002
52152
51166
96328
52078
37850
66384
6192
59070
29014
87475
14174
59759
54623
2789
73108
45154
49228
51967
83334
2756
93196
86482
6122
38285
8348
81171
38628
47631
88174
59058
91210
86777
99947
54732
44295
32171
9224
73500
41462
85053
84646
36320
25928
96322
97269
8633
75051
37470
75454
59261
8127
78110
30983
41844
58598
43262
54544
32174
23921
11774
32764
80801
3607
85140
92641
60364
38124
36789
58528
7752
41162
65636
53799
68258
91077
80040
21703
8895
84356
44926
10052
55024
1666
56763
15330
79783
83353
33097
33505
58408
18944
84038
5851
65014
36988
38469
30699
6886
66396
35639
39603
57652
64904
99845
56413
93296
53075
76426
36745
99888
9302
11044
53435
14461
94460
22947
40735
83069
93064
14146
88217
26754
65204
85833
29644
59067
75398
8548
86436
24990
77492
5267
74827
45590
77489
57340
91383
44477
28950
33453
95323
98853
25117
29948
4702
42275
24200
57551
68386
1592
97301
30298
37793
86781
47446
21588
5311
93684
39939
4209
15729
75138
98217
41885
10817
80871
31651
19522
64837
79649
80826
43456
2827
95813
54104
59561
34028
53446
27031
83709
87397
16106
93325
79401
19228
535
34263
69339
28185
87079
57329
2844
94277
71001
84455
84798
95396
51207
92472
6699
91109
33046
57307
17189
45961
11333
31758
37370
85141
23255
72960
11829
40605
23837
14817
94119
65824
90266
61173
5952
98360
83312
90479
75331
88613
76200
70049
24199
15127
6270
84782
72916
69372
57127
86162
49792
27680
45475
26982
55971
25523
42352
80188
63034
45498
99221
21444
89380
90143
58699
96575
54908
85353
91009
63781
91874
70394
66263
65581
28951
49066
50114
27051
43162
64945
2528
10101
77207
36673
366
59437
92404
85854
72767
887
96768
17665
53687
61643
15111
10647
11637
54241
59649
23745
69319
43456
11921
30978
56875
78371
1369
42714
6864
89179
58266
12155
40177
40708
66976
91672
74490
76736
38945
7952
28505
30708
62685
2267
94074
93023
9877
2411
10549
94702
23904
72393
31017
77717
49944
75159
83643
1442
93878
48885
61018
25093
31895
41470
57586
50684
84727
73347
9145
23608
57102
47222
79839
34483
16009
1112
30203
15636
97920
87713
17241
67757
91884
54187
84047
3362
46855
17563
2038
16842
39491
94075
43924
59953
91427
54658
77111
11285
2283
65008
22125
70599
46467
44628
86475
26470
4047
59798
6098
50690
63817
4574
36254
44071
21427
92077
59297
10607
8863
52929
7903
27762
59788
95458
81323
25421
20885
94061
31125
68566
36837
96118
46875
20646
64001
99963
32729
83194
75354
95936
58284
957
29929
24365
17063
58548
54785
30069
9021
77121
68218
91342
74095
75042
90442
10352
29032
80765
69056
64294
84903
29089
44322
70543
19517
72920
60335
107
7236
47193
85569
13587
56770
76266
65192
43786
73289
93182
26168
28246
25397
36154
2052
39340
17032
81445
32622
1523
51388
30616
14854
23892
45872
51204
32562
39208
51378
93280
36359
92754
47203
98485
61503
39421
29759
66299
82607
98414
18864
98901
29000
4852
7922
70994
93152
74019
52953
89772
65982
93692
36978
91290
45945
66400
93526
21610
2891
45393
41356
5934
73114
15486
40600
53583
93501
22435
27232
41991
16673
67819
94158
71264
12202
55181
96032
11288
48701
43644
18085
2742
36456
60990
84154
46031
65357
30571
34890
90757
56559
85451
91438
91976
86318
47441
93211
26519
32104
58381
15016
26194
39654
33465
37872
79082
2022
31708
59194
2295
75889
99650
83951
84602
8068
40025
55878
37344
67866
23033
75192
72347
78892
9563
31222
69530
93138
54927
58634
51538
20762
93063
94672
72975
70165
29410
75621
22746
46167
49361
15003
69803
54097
50576
97379
35083
73447
99885
78968
18736
58935
18255
26669
84668
5100
19906
74150
9413
64876
61021
73379
972
77411
60775
23620
71909
6791
53951
66384
68255
23366
79645
90092
96604
80356
2300
91123
29712
26684
82210
29434
47789
45783
85748
719
97719
10807
74352
8056
58786
38639
33091
56540
12003
17055
26106
24685
88060
4028
29469
60347
72659
6060
3633
29424
27854
51741
20080
78591
34545
36893
99228
57462
71812
84362
6580
36464
36194
84667
85909
99571
6576
2302
99255
19101
11207
93024
48819
90753
16881
84495
58070
58495
93125
48228
40353
30428
74369
82453
46462
81532
58710
59800
91115
46950
29562
40379
87646
11177
81077
53278
52
46224
54548
11763
49295
31287
17893
98839
65535
865
11008
33960
21569
62712
30025
49940
6012
7486
58808
61850
38863
67409
1906
5496
9336
91705
10837
56833
10170
84198
99776
79956
82577
56809
38104
36760
22878
24658
76517
69329
52624
21188
91159
89863
48481
53866
43869
26580
32399
96278
79295
76391
70214
12045
52076
68947
56171
84844
89767
23443
68325
83155
58778
63424
655
63906
74925
65033
3031
2096
13610
14348
18705
72407
33017
75909
60095
3892
36075
64405
31738
5352
60865
32535
93099
66113
77134
74959
50091
75564
18052
35625
38547
50709
37751
35020
244
48931
27572
99222
11499
9964
77449
80082
34963
39366
58358
61633
33502
31040
19360
60159
63062
12729
93238
12700
94260
59959
41465
12352
31312
76286
19033
95669
19612
66148
53810
1318
6527
66961
87807
72803
73440
93556
32841
48624
33549
91281
95935
44831
65944
15665
40742
71107
85368
25111
68925
24314
58882
42638
52420
56665
74833
5302
54123
26983
81735
72788
31961
28395
42216
68034
71120
33356
34738
80929
57211
76135
42743
91278
35745
54454
29587
37867
59919
89100
77369
26183
93342
21928
60133
26894
45532
94215
20043
78920
51315
31883
91348
13163
44400
44749
54864
13472
40211
74207
21114
45143
45974
21264
30345
68268
94042
95521
33102
35494
32102
19714
86581
99397
53991
32032
22106
23860
87932
36743
56323
38304
12852
28088
66399
10887
5245
27255
25320
560
34602
76069
59542
60463
22802
69155
90683
26521
16421
583
66079
87414
5072
39475
63543
37754
82342
62681
84901
25032
50932
5131
23464
34796
38257
98174
63757
41031
22619
67355
72552
93293
58663
39647
40878
91121
18088
21720
95459
48035
69934
18541
86490
44155
68389
23139
15779
49673
70061
54450
62611
56332
13620
65271
86776
21559
46708
80086
21770
12160
89543
95650
95521
62021
86557
78776
80516
23734
38553
95164
20959
87646
8767
95023
63401
25408
95260
39590
33128
77781
71248
50951
89111
70965
96973
36249
13445
33274
3144
90205
54002
59742
72786
49726
85305
3009
8283
66021
30186
84658
50324
89543
36074
55638
24063
87865
42147
36108
56421
27658
32837
67346
99759
61880
54946
3395
25800
63001
55094
97783
81485
6865
83486
6458
49833
96211
95364
79889
776
55005
13273
15738
28264
44948
25611
77625
5841
20959
33800
28519
63314
19032
5290
78995
78369
16007
80893
8860
10949
5178
32809
52359
44241
51734
12640
47167
62366
20594
6564
92548
80311
37036
31211
62374
58062
69893
958
66336
37963
36869
83865
32687
40240
38789
48214
62345
64882
14363
73225
62331
75494
32890
33117
76163
67691
52790
4606
54404
49262
44097
31006
47438
43315
45039
18610
58962
41907
54603
25445
19711
6271
78949
36850
98147
60884
92835
85440
20574
39449
23634
49566
61516
33344
40348
16227
11782
23423
69996
14767
10284
17602
97494
24131
12176
56245
76209
72355
23011
48748
21213
77655
70659
94052
65728
5995
1605
43155
31732
9594
98266
66493
27243
605
2614
90358
49316
55570
23769
24945
61061
1700
49353
91370
24736
98586
63269
45840
52160
83778
83946
85824
15667
93072
51757
86582
19880
28887
52840
51790
93719
39130
46454
33661
90537
92108
9443
63684
20933
625
60759
28475
85357
38983
22804
49846
49870
10443
37298
69190
99928
90392
2115
3513
44545
89555
54405
92452
62610
35605
61910
50347
72777
21802
10130
34712
25047
36290
41058
33936
79060
46580
98203
14548
35587
22689
67553
17823
35509
41851
5484
99897
47685
22231
28856
16959
71632
93336
38815
60851
78681
96830
82156
20250
2617
19895
88101
14316
17811
87055
27276
17959
16315
47013
67951
62201
61787
70809
59683
13964
28082
57557
15189
75991
61998
5513
50405
31437
6398
63054
64054
34875
42253
74405
72552
32507
60115
16298
75154
55065
49244
93801
82456
35222
35179
18407
22000
79436
20284
14035
70417
72625
50608
46460
57354
92511
40907
26645
97687
55339
22952
57078
33070
29310
11922
75335
14239
75819
53958
4704
20282
33070
40066
45748
9413
76269
87835
29136
67247
31712
19247
43748
18089
94635
8557
11726
87263
21382
76519
57089
8395
57354
13661
56055
56233
8127
42856
6068
16903
26662
98643
58200
7657
24040
74312
86607
18523
71797
43375
65993
73418
86639
6450
87589
39985
65237
56933
33375
2298
83961
89667
55979
65510
10866
7392
36167
49469
92310
80557
87366
47896
77808
99059
80167
36386
39668
59965
57570
63466
80215
86562
53767
99095
43620
23552
82179
95807
67381
36529
99371
31657
71792
55813
18245
9380
38652
7554
23213
66725
15573
85424
75909
72907
13504
57612
47148
89918
28833
62037
41399
8097
6223
27227
1992
96620
39616
25113
78036
42837
12082
35800
35014
76144
4368
50091
67790
27106
99790
54600
36873
82060
47711
36536
89199
42017
67545
21730
6548
68562
18568
49612
28080
85267
63715
61968
60276
34288
56460
37404
74593
73185
64935
65940
50947
98693
46507
71084
22426
80867
91962
15623
14901
67081
44209
55056
81422
6878
73903
62916
78080
74392
21249
22909
28003
37374
98122
75943
32869
89062
36516
31332
97860
88390
91232
79765
53883
26518
80994
65803
80086
89171
71580
70149
900
20196
85455
98269
2806
78018
95570
52023
57924
10479
26967
32126
35032
8639
58365
64924
83443
50370
9253
69342
63844
43806
97429
18698
79844
61948
930
2149
2870
53866
35277
38963
51306
67049
22972
16110
68554
6553
88897
42461
39015
9408
48232
42960
52890
97029
40020
43591
64913
1846
29686
38857
32794
79783
38785
37617
19334
55509
22407
88407
39696
63768
30580
8883
63392
24256
92779
7642
27105
80554
17061
61457
42124
71824
7967
70061
85449
81080
99713
26408
20766
67287
31806
33247
95781
17992
84689
74132
66968
59637
55423
29796
77567
84196
36296
93084
3477
15855
2334
15446
18351
5241
60532
89066
54312
87150
99514
88517
12559
54134
24443
46563
39327
15418
66485
4501
66512
45403
76090
92228
72462
91193
82829
21634
3105
37125
81124
24888
61801
8885
41899
71584
32273
3267
70752
599
84634
86782
57604
15974
12174
98044
54331
81572
74371
3696
94465
96099
91557
42767
52436
94801
3326
54700
40395
98418
89546
52879
29497
75077
484
3928
49876
16896
78881
4335
37647
23149
15788
16923
41635
49795
49780
50590
31975
23983
80754
33062
81517
62141
71823
70489
76352
87290
92744
40830
57840
67824
14351
94518
9736
37401
27405
40658
90455
33121
20821
60256
26444
45511
17966
98345
67407
53177
27999
7063
28419
89796
82503
77576
86595
9440
92748
59521
38203
73495
65861
85778
21288
20010
45999
91491
58133
76446
41535
28684
98800
38483
1128
93953
90874
41996
45540
89121
68002
22720
77924
63069
90625
16424
73039
31035
56154
790
7124
2304
3267
85733
85027
44898
15087
95574
51705
58521
40752
9663
48638
4314
71250
92433
19398
76157
51048
37917
61095
54754
50460
69156
67839
52691
80153
25368
54854
49282
80288
52467
24471
48411
1301
86032
95813
58670
81794
18010
58500
19085
56767
27067
32274
39184
34347
65215
89052
6710
91272
51154
22216
10206
8015
17671
54608
64491
57630
72517
27124
94547
99945
10132
88551
76235
48803
63932
65487
29378
51866
28515
23100
65807
5574
40472
41470
85800
46256
70731
70072
43420
36635
99783
11921
89635
59648
60650
21757
60209
45498
84159
38462
24956
2666
98655
8959
15338
75463
11682
55390
76354
71573
63153
17635
67508
23716
17085
513
95685
86396
41943
83031
53223
18871
68959
22248
83314
62965
64497
55851
35648
18326
9988
14912
67283
28279
50561
83306
1334
62192
31502
77487
9410
11338
38363
32384
29217
4104
8691
92472
17539
20411
49209
70015
53730
4569
32755
56675
86515
80164
14043
81729
31677
92548
21448
15549
31223
81846
88532
65433
59805
20706
1604
25646
92240
29308
51031
52907
21463
97112
69600
77562
39609
81467
93684
76182
22729
59424
78765
708
38859
50026
42506
15277
24058
58741
67444
92005
37387
29304
10660
49474
90135
63755
10235
38924
75275
34764
26234
44796
13455
37963
63966
56516
7141
36404
14692
10349
35738
38972
87623
90712
70606
93565
72976
33295
88557
31308
5831
13004
14176
17732
74197
36364
45678
58859
23568
98215
57931
32988
26327
39187
60801
80278
31664
59607
48356
45782
60154
9018
49226
33217
38797
76516
85625
89601
89454
18092
29378
15999
49831
10362
86321
59351
58483
17403
90659
77121
9963
44858
8946
96713
27005
8833
14299
86554
65270
72793
37842
39686
6126
79107
27702
36195
4408
4165
66650
75140
5093
87001
55218
8104
52559
41609
83449
69719
36293
78403
73274
44245
53986
28848
74597
3890
88609
86642
61940
91357
4226
7074
46988
80091
51583
3431
68549
25139
4056
98724
92641
20448
31191
16652
45338
75932
92359
81602
23659
26119
8607
88663
28224
69785
83071
53949
26900
46839
72403
36525
41553
7487
11654
64833
54538
8222
69556
94712
98387
63475
96686
21232
69392
84501
50501
29022
29426
3493
77236
64442
88531
3617
60734
78592
48363
13542
88196
17367
3968
18369
77459
17535
254
19537
63502
97436
47801
36028
39537
71139
98904
33336
5728
41325
9065
99275
45504
25424
88141
45217
99953
24883
88660
95850
16348
69351
13801
12200
87061
58093
64032
77388
11072
28078
45314
95112
10886
59190
46777
85639
13910
90701
47778
91383
70651
29789
12210
16886
19034
49940
29301
68042
25019
75240
20113
12948
6464
38617
48590
19879
44540
25048
7386
59181
23198
34023
38787
62878
87540
48918
50526
43397
57287
90501
5900
97655
87617
26834
85160
42419
89237
90519
27605
52921
76452
19106
2536
35294
87142
67977
54903
58055
99752
15850
898
50411
60431
68438
64150
24411
31543
25039
38974
86103
39791
21933
98259
39044
68814
49567
95474
92957
12046
17352
23809
24377
2155
98136
39739
49986
90142
39766
13312
15173
52410
54140
18851
76320
15017
15968
70746
66415
45166
74082
57071
88635
72806
85746
30082
10439
50125
47856
4493
23083
32814
82277
1838
69577
35677
45521
47869
50514
5256
91050
3374
43524
32471
37980
31344
4812
48164
42868
81596
94425
58921
68455
58509
8080
23092
80870
83044
78036
15536
21486
14123
6254
98757
21989
74328
2294
38731
84182
31389
18641
36718
38465
42006
95708
23665
5172
35753
69344
87021
17251
43555
25447
53340
88744
48667
76106
23152
39008
29521
32256
47827
91864
96210
96723
50203
37066
41302
45599
85540
25102
67517
43065
40981
97831
75889
97314
23673
16188
49882
80355
25471
85435
84114
48254
71414
99281
86118
59637
54959
44134
98904
70826
25534
18235
21424
2012
79675
67904
10781
4494
69145
4685
23200
61259
63334
37272
44740
57883
7074
91568
94389
70456
30688
53657
1607
24770
50111
13192
32408
96673
69940
20928
91205
66394
44446
44084
20063
11986
34310
39057
87652
77373
76454
3977
16649
765
7932
38800
9779
97045
28574
55839
15221
75588
36151
56316
90373
15671
73466
68970
10283
81551
34371
62062
64808
78974
63929
27689
19248
80672
43449
95480
28106
10878
34319
86630
51288
95790
19533
25828
2219
24428
13591
26581
95302
24458
32272
33055
60643
15244
85936
43948
38050
30685
10395
13478
1451
17788
56282
48095
23254
62375
99605
22335
72352
16133
76891
73820
3361
51475
75490
85634
40739
88377
80053
55997
71176
3788
57841
24397
96713
69361
73390
75490
38971
20556
14148
98546
8807
41846
74185
70882
2933
72026
25396
2731
34093
56175
96060
90114
68105
95873
78780
3519
84160
19942
25085
59754
87658
46459
80579
23883
91176
44661
87284
1862
46072
17672
47649
74339
42060
39269
74764
92101
22241
68728
65820
60915
79015
37090
76020
42654
30545
84921
64685
69925
39235
71751
62655
75652
36599
43029
99984
13395
57213
94195
33213
89445
48526
11861
54793
50291
91015
85143
3626
40868
4270
86754
54791
11236
14952
64602
18419
43686
98202
20408
1533
35585
74878
60450
1013
29668
8787
90408
16940
13379
43478
47780
84432
73036
90555
90373
48727
7641
10840
7428
21607
1059
46895
99623
65452
5100
77183
44233
70401
55453
34967
7195
32680
22222
98327
67732
1508
77579
42810
41170
61737
42480
46247
10162
11140
23035
38193
5078
80261
36266
63374
90182
46966
64695
23488
71828
85612
47851
56673
51984
22854
4301
57531
33390
37744
67579
6356
84401
4253
76064
85399
50212
7121
82629
5330
11896
59717
54680
40555
14259
88586
80350
5929
91157
31249
5521
4804
39508
66166
16358
67362
62920
86943
66687
30684
80008
82469
12396
69649
93467
81283
19480
9659
70555
97832
32148
96149
94147
41806
64414
10486
4978
86677
76294
92679
86003
59511
29344
238
55026
76911
43757
98006
66922
91969
31901
37717
14339
82983
20621
76569
18274
3195
8055
91528
37292
91454
90582
96682
4794
4301
58451
99410
32242
40840
38492
32974
72615
14936
58705
1218
67577
65549
21591
82204
70283
20534
43151
18272
57272
88000
14733
66922
26247
49314
97022
25466
11006
64197
82235
25745
98350
60414
51394
63648
58501
2344
43942
60853
78527
85351
50838
64569
7474
78529
71393
78660
92737
80636
33496
3017
20051
34821
72906
50687
68518
78746
37886
50310
32552
49094
72046
23431
357
50620
8604
79466
79044
771
15227
22880
91553
98710
16781
6595
4243
45434
60194
69056
65279
35927
86270
72697
88055
82660
97241
26941
81522
7134
93961
48023
15882
93950
44328
26024
84783
27106
71833
22093
48780
28982
81652
27072
23590
91055
66580
82530
20437
30307
9889
52379
59353
11866
58010
7754
47932
5662
78299
79500
73103
31495
32523
54895
49585
48958
90853
271
16572
54210
87781
97985
51809
46847
77697
59006
25438
25536
59774
59417
3008
67434
41803
43843
24684
75191
91509
42139
49089
7148
19517
79503
2958
26111
29028
6399
47656
31389
73514
88621
11180
2413
19164
34218
7709
78639
17317
80632
39744
81569
78460
31602
43479
43624
97880
9877
38617
72944
43341
31736
45352
95057
16962
68134
3328
60703
2290
27284
86411
31883
65544
25891
28763
84852
64859
6862
76206
99193
18308
85410
18713
95983
7608
34955
40573
38879
90289
36725
32413
88762
13880
30702
52235
24457
8925
43211
57187
16581
26473
80973
2241
10
39483
77722
31117
36337
58855
17608
72119
76211
38629
99693
94869
97937
45624
16638
32354
40417
69773
6616
87650
76313
29567
64958
59098
57712
35772
44946
21537
35116
33827
51892
33422
41581
74116
81491
95558
77963
1366
73385
56651
27679
10826
23662
57451
46677
58979
88887
98478
48189
79728
17928
34919
79621
25652
50930
21419
29073
19012
52785
67945
22711
22955
5303
18489
24183
48798
59225
41609
25539
84029
85875
70549
46152
70485
4434
28361
42044
18899
48532
12359
11607
87203
5852
94501
85965
12408
37179
2290
40637
78885
96896
22165
33878
26356
44716
45923
67819
23810
12619
44517
71049
72991
62183
2270
17684
7852
14831
97543
57700
15870
28504
43616
80952
68221
8033
99708
74909
83293
60474
33303
34433
65928
38914
88999
65123
432
36735
22136
86282
2496
84684
1045
14873
22223
64777
37474
49600
3079
58742
2771
35442
64529
51488
74387
61976
59255
31023
63088
17
53370
61592
39116
82828
30920
54033
97778
86234
624
98507
93623
98259
9928
93078
17854
67752
7793
72706
98545
33440
58425
36337
31210
40812
69596
59890
1725
9015
79114
36373
60999
92646
36705
16698
29561
12941
76358
45649
74302
67166
74001
11710
61729
84321
89541
62844
24481
25130
24257
49126
24492
60833
37874
29190
91820
92611
74680
69554
15756
39279
40935
7329
35474
40731
92391
5867
10222
71709
38471
54631
40478
58877
31702
21025
42201
47279
83418
55664
65556
55723
34227
53955
20654
55995
89929
82550
33629
29036
59919
15241
4543
38483
76976
61076
65450
21447
13264
87143
67407
9501
79900
80373
44404
7861
78261
35177
7937
50725
78449
5469
15859
34930
43176
78531
8936
24222
40341
34271
41163
53711
43502
98181
89347
34402
39914
45768
70523
88974
76952
65000
22687
72633
27944
49182
81787
11951
24459
84682
95416
26674
13316
65910
20305
78991
38176
59160
58860
78721
56679
7220
92169
99503
41627
55038
46901
4595
6364
9444
83480
24088
46001
83937
28118
52589
84660
83447
66303
63974
94321
95920
37104
93141
68043
85201
11622
39695
20116
18842
37210
86778
2337
84013
23063
46910
18780
12298
96715
81142
88956
45431
76483
88854
20775
87995
87236
68295
84170
72904
69975
55681
83510
91905
87445
80314
94965
17166
42242
91642
25680
76923
42393
652
20298
20089
38166
96319
11401
14460
84719
26869
19978
51618
17275
27033
84049
74037
64128
85444
78041
19301
87240
14131
1450
86835
31636
21699
93148
544
12268
25353
23099
57647
48803
55486
87163
57986
73220
8805
45109
82736
32726
71083
22675
66028
12947
55491
83880
69122
53639
6836
14220
2107
84914
93797
77755
21316
13314
15030
37944
6819
61770
3528
8613
80576
99198
1366
29013
65291
63032
22226
87216
1964
11564
90765
62433
58550
56621
29368
16911
3016
38311
76621
70695
46120
83880
74392
71105
99339
96246
44551
45290
80287
86712
11953
84614
38493
77911
27622
89257
19394
34713
6094
70515
91055
4786
54566
26851
82860
37661
94523
92626
30578
58897
37972
93521
24260
9111
74059
71946
44361
74297
26733
50670
25466
76753
27121
11577
75031
57602
63719
48570
36025
41492
24370
61893
14103
49048
83478
28667
72600
27298
38344
99799
68253
32181
81528
34943
37878
4506
66687
48398
57299
85078
98007
7474
38097
54093
69818
5284
22037
5312
46353
1659
60007
93794
7481
42547
65931
37455
49530
75832
947
82264
23100
86325
60864
16650
79389
73742
21952
80026
94744
8610
71155
15448
22332
17345
5162
83735
80233
98862
29083
45178
12537
34240
14690
84469
88285
65393
57824
19131
73332
81876
4655
55146
85866
68431
45478
77538
43814
90152
32290
43672
86704
19032
45104
3965
45391
67340
88963
71218
74179
90867
7580
59198
13301
22292
65883
41345
6708
81937
45393
81391
37492
83864
36177
2432
19813
9128
5833
69050
53550
9249
2305
59899
60516
8815
2788
28084
7816
77780
87174
70656
65904
27488
76493
33526
58596
53806
8024
29710
95826
75084
88266
74806
3400
17165
76861
50015
89882
42638
97974
15629
16587
75649
79560
39073
54733
13551
74483
66289
87436
56688
44598
48687
87899
92495
42143
3202
80806
1671
9593
72204
88376
75202
37146
25818
33305
2196
45134
86781
75372
30734
70455
36485
21197
99119
46605
52071
33287
40179
54822
72680
27138
65701
31276
86754
45331
7025
82825
1724
36659
89907
95967
49010
90874
41221
91234
70199
33849
80888
95069
70223
34021
86417
75198
80148
5053
7918
34863
48190
22172
57843
41329
73446
54368
98792
68595
73143
82010
89383
11922
59305
76411
64663
68634
55364
17443
21092
38473
26090
91574
86910
6153
94352
41135
62294
18503
11517
76573
1123
77030
57663
42523
23290
41024
77273
91040
61587
28253
57888
72970
40198
60931
14235
33837
9932
79238
1439
14746
6888
25185
3722
79956
36171
48849
72476
11868
51323
59673
90701
79535
42709
71441
78872
64970
80137
45610
55197
39503
14863
92795
86400
55453
46669
30707
47866
78564
61673
95102
39036
6852
13431
42061
3926
38397
54524
41129
75059
65
76413
66798
29316
96438
66445
50028
33590
2734
99959
20106
46780
57478
83668
78721
96950
15151
78775
46333
62998
44199
88507
54662
2135
71219
27095
82764
52098
93611
66024
51203
80499
85905
81293
32092
64926
19713
21102
47034
46944
53021
41349
50448
87011
76107
5750
9751
24407
41773
6885
12642
83028
53082
51787
45918
80761
93629
71653
41976
20958
66484
86559
38366
4705
24935
6484
81725
30766
44556
77992
62315
34128
17981
65006
22315
82678
56669
80488
87303
11751
11165
2120
84256
28373
39057
99553
48586
83437
51533
37309
72620
74264
55487
71930
92819
2167
52728
25101
65797
14908
57195
5252
77628
69977
62117
41404
97570
26882
66079
34803
43698
74322
87439
86086
93001
61918
89529
46027
71592
31617
15326
29610
68212
43733
36943
90744
95185
93545
87444
79453
421
57747
51362
30209
66201
16843
82191
25991
1567
2622
65261
31075
54587
23992
89320
19084
79951
74522
24576
26501
36964
31793
65287
93559
47532
70146
74285
48216
52023
95304
38327
13027
67635
42830
39417
67139
76591
77140
55676
27490
59267
69437
39955
32759
67388
30608
39611
50073
88997
20367
52228
42349
78929
5051
48332
72905
43094
79776
57124
70329
42439
41181
25629
90237
96772
82480
22877
95265
39643
80471
60995
20856
29261
6618
57454
78469
89731
15425
78219
12564
58399
46038
42784
90837
63465
6304
91241
43357
30413
61652
46632
39133
32748
28532
26785
43966
82955
46425
60387
51959
17960
33593
14344
42414
94000
81527
25422
26526
78683
10930
27110
88152
24291
12942
29364
19187
85554
32975
92609
22970
10941
83131
37491
64707
96276
1440
63005
60241
95094
42473
97535
42034
99299
4927
99233
54252
558
97672
69775
44845
60001
61699
63021
3319
21647
61440
71855
18100
25059
41816
79877
62092
70852
64003
59109
46906
9110
50099
55975
85953
58734
49321
97596
1676
74289
35766
6557
65769
46819
46646
98857
99315
2035
33529
94554
79796
28886
35248
74273
61524
19119
94469
43774
59486
61852
68491
8116
53969
87687
45139
25979
67561
73975
26439
43203
28716
93025
56110
7856
1566
7150
3908
6092
33819
22508
99222
8120
16492
52376
5919
62846
61722
16694
38303
16412
94543
35050
78158
21799
93998
54464
27534
22485
32786
69200
32789
97962
26610
67659
59855
83257
33899
19374
60494
83649
73529
72561
86825
11664
41892
70194
17782
10957
38764
31285
78056
8200
24979
28030
9337
52461
65814
82730
6807
8155
53362
74960
54560
61392
96406
56007
19527
23177
44818
42122
73748
68896
30610
26796
33517
9790
28099
29483
57498
84671
26062
97190
42825
28853
78591
70768
57327
92333
69768
59317
13842
84421
92690
17677
77447
24362
8218
4804
68047
23597
59353
99344
29916
13269
5843
62896
18184
9147
54157
14434
89490
14570
95101
41354
12844
1139
46402
70227
85370
52504
88766
67121
5726
94167
4799
88238
31488
55824
13908
81325
49929
43886
70594
64082
76575
1584
39379
99868
21514
29937
34958
87500
91979
75028
42675
69272
77279
29046
98762
80923
91345
69905
27603
27065
5992
20148
91084
65136
40874
10048
64483
70204
5451
88727
40587
99956
76199
28431
28919
28252
96670
11857
29895
40777
17921
61580
98498
38253
39362
46109
10184
4787
64656
3060
24075
84299
85943
78391
95860
59566
10518
7577
6546
88242
72374
63001
36829
65304
34630
45855
6523
81211
967
81933
6714
92605
32860
33799
69010
74337
99050
90322
24672
75881
41298
27970
8353
99987
67622
16615
90609
61888
7970
40846
56240
38810
71023
53599
44851
58392
41400
37756
6263
96937
11225
92
19721
52777
70205
53429
93370
80385
17558
89943
7438
97643
27875
96670
24015
39120
83589
74342
4053
96571
94357
36218
24646
1568
42933
55056
2313
4437
87534
57951
48269
24079
35476
82145
38488
36130
39096
52164
34356
79841
16034
33043
15829
62196
83194
77108
53436
16768
72177
3545
30614
74650
4599
76156
66069
41370
83222
36326
8238
70077
85956
13192
71874
66423
80752
77177
33729
54553
16606
27709
4568
7019
79064
41249
64358
88369
30910
1583
40107
837
70124
32513
61836
84833
4168
74833
48141
794
12883
49657
7601
90789
49753
26438
43894
37612
38350
97479
66317
20035
62497
66270
21278
42769
76219
58027
78059
80391
24182
14492
78070
77779
11505
55599
15253
52471
6077
26765
56479
6814
21592
93799
57907
29172
79424
56634
2744
58877
89877
92363
55315
77664
26781
53538
10117
83871
59123
92932
60811
96780
77866
49349
80958
18602
30676
20195
33461
85748
24756
96302
53449
89141
49304
60239
63891
60494
27551
60649
17183
65852
59688
4580
71847
87080
39617
61476
83762
41295
27996
28994
84665
76135
64540
11338
44183
72891
31976
98874
39355
88369
2372
7971
90925
26089
30253
87863
17092
25875
83383
7817
15223
10898
83739
83646
60272
86635
76692
90854
43550
35350
36988
70248
91357
22339
38881
21722
26841
49056
16071
85893
55598
58152
76101
81518
45474
99509
35983
42717
66606
30651
62496
72230
67714
34034
22138
43012
22351
30944
38881
26092
79432
72478
27957
73750
94366
96303
90501
95265
14619
36599
18953
10731
84307
35675
6398
72401
5884
69922
14100
12741
96297
58648
80435
78620
81547
48317
9438
15219
71306
6023
20528
48291
34651
63676
16724
6508
90261
84849
41752
48491
3660
41255
93871
77095
24802
13860
74363
94093
97571
57147
33372
29788
29247
11593
29933
56460
21184
32664
22071
80028
73106
8471
19402
49846
84816
92950
33309
52094
2568
52430
99739
18360
75876
10402
89829
63546
83863
43360
55383
92369
51945
96870
52448
62925
33014
51904
80988
64766
74961
96604
61741
66339
54484
37281
9916
7327
47875
8268
60713
49314
27277
81117
77272
77948
46143
91950
39843
91796
39131
98991
81643
50781
44525
40625
5495
3678
37737
90286
88281
11153
93046
18162
50976
10844
52142
78149
58582
52444
45957
11624
67399
97520
98422
28756
15633
94230
88797
24060
98376
104
26202
93637
28499
41749
66051
22210
65982
29095
31080
1321
16180
54492
49011
57965
59273
91386
23320
9332
96719
30898
25502
91235
24119
89268
52964
70733
10364
65282
51367
67176
66941
2362
67761
43688
30572
66180
2014
13712
66709
45323
3878
40618
37049
86910
15256
77080
6711
67466
52761
67074
2841
75851
70756
79373
58739
32217
85523
58051
79733
30353
65895
37064
6164
7919
59773
54957
47544
51960
68490
34529
34751
83687
28089
85813
83877
26017
56414
43921
51130
7681
25027
22774
11849
42418
75982
29326
50576
71550
35442
8940
14077
85613
30221
41863
26002
80517
87177
26620
86989
49682
4916
16154
4290
3368
52165
12106
42142
10670
46791
19392
92919
56871
79988
92512
11614
89018
66109
24830
22884
73570
89560
43928
97638
81162
82833
38105
42029
93199
43339
57669
60218
63001
56033
96854
460
96697
95354
63375
55936
17199
15204
17986
91227
95539
70995
11580
88879
2277
36103
28618
42063
17373
60864
58406
16700
96165
9198
76165
38560
47091
6681
44069
39235
59913
89527
10558
64447
58243
33902
66959
4618
34822
97370
67119
66889
66063
9397
81103
96683
29703
55798
44295
96464
34285
99855
57700
55831
36249
45179
63848
94575
56071
45341
3315
92445
6312
37635
15024
13084
98582
80758
52424
8184
59768
53780
17764
25908
92194
52535
42414
67866
55092
4945
6320
15754
54986
93860
35838
91209
34331
24327
69332
34657
74763
47744
55177
46189
28012
62529
28465
74908
72847
13543
24429
50560
8985
25913
50403
50329
1436
55982
93801
45514
79865
55379
70366
26976
49476
65657
85736
67264
25556
35244
90388
78732
25429
70604
5725
89781
6476
31996
38612
98443
56764
46893
43362
82917
65435
60188
65647
90913
91666
25623
84072
99164
35571
57947
51316
46210
54915
80249
55458
12009
77242
50060
94686
4077
84804
30726
6600
68349
92573
78909
62483
19161
32893
87703
875
52322
3641
79992
53074
99655
70781
87453
57094
34636
70000
12250
88200
52395
33239
57362
81555
63881
35908
45981
35208
98717
16373
98757
50703
31175
28927
31338
46322
16692
74356
18724
76758
33958
24189
93885
31099
74975
69547
53111
27291
12400
24678
97657
27466
61477
63805
16248
45152
95601
35209
28473
58627
2645
22630
96931
77662
77580
85800
22252
82456
14427
76742
22124
570
15824
14729
20451
88971
64091
64767
24030
36911
41344
88295
4830
35718
69671
99294
54074
290
79204
89830
69505
23587
94121
35191
71909
85572
61854
29473
40286
51363
29856
99883
17347
61043
71534
42206
93888
41868
85625
12062
73549
10282
22951
11601
44276
14051
68840
61246
33709
54738
49808
40485
81797
97697
29949
51143
82670
19884
50420
27473
79266
18966
7904
75605
17540
9808
54961
97684
61259
93753
12082
35453
15330
70418
74304
69183
45130
9199
74576
85876
77397
9415
329
38849
9819
47805
30166
32873
92692
8414
90268
41995
26471
30604
20043
29381
66380
25506
23653
38499
84780
17186
57856
63403
90859
10750
9624
1173
73707
79394
85960
78388
84789
38829
35952
39538
93787
23799
53329
9347
79870
61366
98790
9074
34711
12311
948
37655
15284
60789
55409
56745
14913
9456
20791
97698
32821
24003
77526
66300
36552
53989
87759
27467
84571
85897
10220
49535
82558
73192
19362
23197
36703
66615
80529
14192
36054
20051
92809
93108
94910
60236
83078
4111
77565
66067
95883
27201
48107
25113
25232
9790
50366
9384
15224
94392
14489
44942
18419
7461
30670
65555
85361
65106
72665
33956
41702
57611
78893
47346
48385
46140
33358
83662
15884
75779
83503
92186
70384
98012
2706
72003
5272
76708
12195
47163
72198
34580
95523
93476
72379
41388
70825
48761
29622
3958
40759
7140
6972
56027
28667
56324
52899
50732
13544
11975
76194
29770
9361
44601
92121
471
68998
90930
18386
35525
46842
89516
81924
81075
41869
62613
40268
68493
12082
10692
816
77783
86083
97413
93362
39816
88987
12302
91942
93501
607
13108
22000
639
71852
15396
85562
72164
77700
93467
68370
32891
52780
66289
38679
37672
48640
86130
75455
31199
66107
30817
54386
70019
89638
24138
14753
10772
1429
49824
77171
99466
44331
44761
74813
15555
93290
24149
92504
80196
661
99598
22673
8320
38292
41695
47920
35562
48546
50704
20439
34843
62575
25279
44007
72566
29454
94412
1247
72524
31881
29811
70633
52680
55416
8784
42182
12710
16429
26002
3648
27458
19977
81358
66603
92511
33227
66646
68042
83097
16054
56525
62017
86858
78955
85064
53421
22258
8208
41677
45034
22248
52509
30516
82777
30628
83976
13813
18882
75472
99258
95295
6600
31551
64902
91360
56398
60694
4007
3397
52350
72018
55962
19208
5433
84502
31491
93464
91498
10770
129
82758
79518
66490
22613
2829
69373
18423
41464
8424
38484
20399
51513
77442
4679
11035
7297
34631
57439
7201
7298
81452
51252
43733
40246
3653
79554
95868
82666
22449
66847
90879
61180
48356
59212
50533
29892
81111
54712
70732
92016
79247
43504
3446
39208
93310
28569
44517
79330
25186
9424
2285
81409
49370
14907
64473
42642
32615
76068
46329
57424
71526
49827
20754
68872
15788
25782
64994
12554
85726
8354
49198
28639
66068
5011
248
85347
80563
44872
8451
49287
98226
75761
29963
11265
21811
60111
59329
81995
89956
12915
61517
79459
76905
64060
76624
33727
34748
71061
61318
88240
21182
70468
33978
81784
42202
38785
31490
54403
46666
98471
92976
4903
54231
3723
29590
98684
72146
25898
71001
23896
92830
74109
70392
34326
42566
7849
8725
67793
62693
20512
84902
62806
15819
74794
92752
83433
53714
8179
96200
50349
39726
48136
32755
60775
63711
33532
83721
96140
59920
94484
97281
83489
55340
9634
99193
64349
79648
9134
26553
77149
48525
55000
5475
39692
43892
59938
12108
48830
94142
86863
72622
59297
54119
53752
50375
87129
91673
87809
54983
58225
33404
35573
52871
26875
94144
30280
595
58627
54828
16450
71853
16319
59033
10542
28224
15100
98273
58511
57966
56773
89782
32922
9951
30605
27272
8130
15826
58435
21641
34308
30978
8810
28752
25167
57864
23087
44721
13869
6737
15313
93923
7082
37388
96532
2319
42573
57588
55409
69902
55979
43025
42900
66826
41891
75472
30842
74263
3461
29501
3
11709
91805
36366
13929
53475
29548
40951
66334
53331
72645
5454
60531
83516
264
57181
22023
85305
45314
91580
45361
64999
42194
42422
76415
27054
38635
40394
5148
92359
99130
74408
39260
37919
19517
62152
58916
19037
15110
25725
29606
48306
3174
57877
89510
93521
74872
82451
34764
60288
56540
4085
61355
87163
49256
51621
66460
43937
39783
68227
4201
54500
1203
51514
12200
80077
45484
59938
75872
44500
28423
23454
51287
61906
93304
81887
91675
45353
48158
8123
36027
87753
45814
3698
48899
812
41266
71851
68551
28010
51021
70621
66707
11599
13855
96607
6687
37617
86193
19014
14765
24291
9248
70538
54767
10698
23934
98161
76308
85906
70040
32976
57024
33713
79206
70634
96158
64330
71328
87247
80808
70594
80478
91166
89802
50120
34424
75734
75487
47962
10442
24860
18505
48171
16677
26498
81986
18902
95413
54617
81419
72119
45615
29128
99487
81281
30142
80373
35079
5658
1736
20321
95899
9631
83322
5636
52908
60652
3535
63189
38190
95426
41574
18090
33330
91053
61885
83621
45840
46741
50569
70666
81950
70608
74133
26885
50208
11929
64502
62178
99974
2956
76217
11650
9452
81414
11632
57470
24165
94898
33142
97232
2859
88982
1998
77661
78247
6857
35026
12997
5304
62010
33924
1966
83146
37045
99720
52526
97131
90601
83716
3050
18509
4217
13904
5288
37780
6895
31742
38846
11325
54398
99088
92646
95727
95514
82010
73256
91504
10451
35723
59233
81057
85136
34294
68566
34951
87316
54725
90089
71421
32091
48782
50309
25770
64359
37818
69764
19968
77753
45431
44179
42974
25972
23755
94442
79752
26894
20527
2362
46614
59393
10172
70016
15031
4553
97089
73412
73810
31300
89996
21704
10265
51933
50499
97506
9794
82002
97971
6717
76439
84250
22634
2571
40123
55942
8274
72365
95520
69302
64346
85616
43656
57757
13737
5002
47096
93108
6153
10403
49757
83105
15910
7249
2086
14627
6292
38776
43910
33093
32131
10745
11096
667
69118
52542
30514
41524
72958
30034
34889
81094
34211
63886
16413
1822
21386
99766
7656
42872
70826
74190
81003
18479
1490
47724
51844
90164
25840
17441
58553
84331
62258
62359
69809
55816
13661
34273
22921
86868
5861
59150
51778
73018
42841
75006
74775
70838
8783
53968
12198
73645
29859
92273
76642
74177
78257
18027
34091
55715
98176
41149
63531
6288
807
97387
1064
83356
72353
22594
69277
4755
21747
76092
78069
53745
58530
31495
28233
46426
87429
88665
58354
43416
26326
64430
9291
69317
36408
52905
43167
49132
55947
37724
15588
58123
66932
89126
66943
36852
51551
76959
66351
97978
85622
71740
93643
2355
82678
92691
22826
10884
60567
18331
39871
30871
30872
50527
21019
35781
88911
48796
97574
78131
30322
60158
50582
56826
28317
7251
59322
57947
2235
61132
68738
66312
30448
26777
92902
14450
95442
81340
41818
47602
61086
43859
27338
78368
34590
87586
39546
6215
8766
90029
26161
83414
11876
91840
47133
64277
32367
71834
73290
16118
98563
57942
97781
81201
20088
28913
13543
60595
27075
82287
50118
15452
18924
91711
77228
19857
77397
87477
47973
23986
41206
78298
2363
55980
89593
91759
34097
89919
62884
61839
57680
34705
39317
28082
94663
49278
32475
63561
51158
63594
33853
16608
61208
7410
35878
74398
91439
49550
64317
86903
37308
65351
25100
98293
14090
52813
20439
20396
14797
91900
68320
91270
69185
4831
67101
98170
55517
91707
79658
3609
23131
66198
20988
60222
78379
68999
57950
69086
85302
90378
3310
88627
42923
13640
40709
41180
53032
52368
30554
25508
30525
97836
42468
24645
63944
7229
79002
5397
39795
10642
24442
33451
67502
41429
97351
93954
21350
16733
15549
29278
3671
3960
62611
30911
5280
96628
85637
93165
50631
10647
30306
37781
34339
30627
89169
69242
20734
41724
33386
33340
75562
62330
11291
74417
7481
49361
57773
2572
53436
95223
15312
37432
55374
65199
24179
72336
90
19559
98796
51603
73232
77449
97368
84057
15811
10287
84099
20537
65039
94900
51338
43724
14360
59865
81829
32369
98396
73217
33484
20691
92220
83591
90865
19605
2896
86273
25827
98395
19172
48500
96289
40778
94247
86459
22871
72678
71135
60036
42348
23884
88145
86995
25981
59347
45508
87079
2889
23881
77052
57707
52924
29380
71558
36846
25345
32800
10389
37391
26373
69386
56046
47185
40485
20412
73772
8069
24259
36705
91344
64961
59682
29604
25140
13435
89860
54989
6463
56295
49551
20399
30810
74882
20544
37547
65264
71120
96141
77319
86600
93259
7754
69747
32962
7165
48433
99339
25679
1818
54420
61347
84487
70013
93582
1990
90622
77834
52662
25493
38767
63486
30130
21609
72990
22588
5940
46649
61631
22219
42261
21042
12193
61813
84444
31130
56179
83680
22124
37497
91152
74813
3300
8782
77035
7547
34559
1269
57775
95196
65104
80356
24867
16666
82401
74617
49238
93636
10597
58203
55741
23824
54026
55434
55259
62296
32025
43498
70257
50791
14221
10898
70981
38761
63957
69997
40424
548
66977
29569
58417
74439
14279
99082
89553
11771
43158
11244
68408
6223
43111
72342
59209
14904
61893
46888
47565
82636
82559
11580
62849
88414
42589
97605
57597
91531
75010
35575
44557
72985
28393
23955
72077
8782
92851
54102
48821
6630
69469
90941
95082
85364
51705
59640
59456
45390
89091
29716
44668
30518
79772
6356
88886
49689
77997
58232
42375
60793
61263
68201
46020
43776
32429
98341
92509
13987
29306
74380
31664
47973
1884
22758
2759
73342
82711
14238
62627
22137
88693
81377
98155
47521
44558
45745
58812
47242
85325
70599
40889
43029
80117
89463
85303
66175
17206
56072
20971
95533
26969
81893
64154
10467
51554
56670
68006
85132
23663
74375
92612
20033
49332
98554
60202
92964
27819
70603
46964
65573
74551
77618
56654
48080
52659
64302
33601
64864
51057
2229
16140
88436
89929
79371
39687
92665
46358
45789
81529
40529
84989
13408
62198
79816
14152
73405
86710
30332
61851
50463
78113
69647
56516
28036
95195
47509
59718
75218
43016
1209
17283
78339
83369
36928
37718
8017
19453
283
40182
43655
46587
26329
463
11499
54658
45040
15045
28822
62308
64164
29906
72801
52310
64911
784
41851
2800
70643
34129
10526
78407
72285
37037
16645
83007
33929
34114
11519
46367
93873
61229
26128
10221
80691
69768
31167
13496
39591
82795
70262
43783
12979
54057
15429
79676
80868
94104
82446
91250
51976
49441
92411
32646
40381
86649
74695
85324
92846
6074
22074
98685
60733
30074
86797
67894
57399
77291
35747
31785
26867
73713
21988
44399
50649
17173
30796
89836
27635
29510
89262
36
97294
28987
15144
9336
32333
42
27295
62824
91579
72183
76289
70596
4911
451
21661
18927
9132
63577
26134
16864
65534
1677
56521
76634
75925
63397
12332
16501
11425
24377
42150
45631
20216
70303
88752
53403
56305
73384
92367
57601
36472
99580
36706
76450
29903
59829
88343
18980
49538
50522
78538
37811
85373
50996
90831
8378
5021
66549
67034
30092
82550
94069
64003
12287
95157
19552
80885
10463
33842
56085
88952
28916
44999
95009
56749
63785
46172
1069
35661
4026
67816
23865
89295
57675
14500
30378
23191
97211
60147
42283
38568
80876
62448
94488
693
46246
12336
26379
72416
44213
46369
85980
77189
16009
65978
89770
79002
76083
72257
66052
45173
28393
85927
65512
67159
517
6409
33647
68990
1966
22764
24006
4634
66776
77623
73755
47740
65377
96554
46976
39476
50987
8970
9148
23107
69753
67891
41218
69197
57070
11904
92119
58827
40036
6467
60925
29621
14577
97953
94809
20630
14365
51340
85003
87854
76235
68376
45738
92993
62804
60806
44296
10083
59841
41474
7465
50115
76751
74152
46493
86705
40602
37114
80907
29057
70563
33174
13285
38932
67166
9876
31115
72084
8220
45235
6993
20653
90077
26488
13312
97875
7803
7955
58921
20859
56638
43955
90225
4751
43767
21958
59012
90230
7304
79966
52557
69702
19823
9314
8982
65035
64628
57903
86042
40181
30068
66124
13701
14524
42118
69067
59593
42651
7710
65225
24845
82141
73524
40535
40762
69893
39392
9390
96921
9199
29184
34792
16250
98241
39772
95656
89162
72992
14589
3810
28014
74153
14401
60297
97034
6880
3716
28491
62603
92642
1398
41540
55603
71964
43128
41947
86775
20382
7165
68161
45045
46510
61310
38578
82868
43072
95813
40938
94006
12526
19998
29458
94200
9674
9854
75666
47574
16354
81600
34600
46778
85217
20247
56055
21792
3234
22149
40936
37419
89438
84832
64318
97850
39286
53789
59962
79898
11137
78038
6810
59403
37306
28461
10878
48995
19041
40102
18801
89144
14968
28791
6628
84250
42830
74772
78285
77599
23223
58664
83192
19272
36403
55381
30419
2306
71393
67564
67903
72556
81800
10934
52148
34478
74427
38994
97982
46321
62503
45755
22659
88836
13404
22158
64583
55010
83896
40832
63439
23788
28227
45988
60761
95418
96487
77528
52651
3442
52847
25243
74006
23200
23825
48830
60905
22271
77468
50632
96108
8435
3384
3254
41574
36329
79054
10606
16371
67672
47476
62257
461
16629
55484
57814
54825
87911
92315
55022
14114
84460
96844
25207
35482
43206
66528
10281
84938
83264
21193
66926
74005
95482
52207
2527
44833
87258
53946
67396
70325
62558
98156
78378
67318
85336
96990
24463
17110
52208
79408
74566
3881
49790
93437
41809
55077
84883
19025
18894
4004
56458
21777
85055
49832
53717
32034
80948
21785
74073
91021
33861
92563
66877
97558
19528
56739
88802
69816
88673
23962
58512
66368
41422
19086
46113
23260
41637
85079
3605
65021
26650
78666
48599
88043
56081
66580
86195
19011
85062
14516
89023
54563
71720
48187
16468
15345
35670
75112
13208
2103
61950
43237
28777
20173
98468
67858
96558
60585
30051
53795
66549
15145
41226
41880
74935
38041
17683
32284
69569
69861
33210
2412
37562
99665
47752
71711
14621
86206
33725
38090
55246
87256
45335
52999
35945
62581
86177
35383
64133
64665
30054
29570
89260
44306
39890
11233
51882
97533
66969
41383
99157
10168
61026
79089
78475
87905
93521
83850
81793
46292
49192
95201
54083
38613
19618
11073
59154
97226
38572
77130
13893
61278
96033
98695
16304
72828
90028
145
14740
8647
76476
94014
53333
82169
94758
69545
53632
2095
98268
22144
97560
27131
93889
27647
44160
20089
48300
26238
34124
56996
43200
72705
76005
23798
91203
56222
40489
54901
4366
23670
63179
65853
77017
46747
95629
71604
83820
28508
87814
8617
70485
33708
53204
15859
87461
65217
48035
88331
88224
72960
43384
70913
74233
99119
49290
48428
16365
2796
92647
98345
14654
11840
99101
21194
81124
33113
27577
6992
12851
37938
22952
34436
8878
24196
79048
38029
28852
91393
49564
25234
41972
26744
37923
74913
39139
14384
25772
89175
24272
63331
3443
47476
83702
29274
72183
58513
19013
72039
87809
36697
98187
76610
21696
64236
23957
93962
43517
20472
2361
52445
57404
1563
46500
2182
73994
15945
55331
6307
72016
81119
77601
21727
61894
51321
12739
4372
32654
98995
70986
63546
59534
43911
77205
64807
32910
13171
93977
545
77558
35718
53043
27838
41578
51492
41028
78113
81441
39012
60204
67467
56631
71723
67069
519
56154
97049
69834
89433
97895
42007
34534
18505
98896
27733
95574
15825
13800
61827
76749
87280
83172
11865
8972
16197
53819
38740
50242
55888
51059
68260
45345
38088
58870
978
6952
48655
8246
89119
57702
55020
67578
66393
13748
9742
69000
3425
63308
29769
10130
75631
43726
24458
89884
35412
2083
22235
71608
46065
63225
7364
46294
50759
58622
14473
50357
86978
69315
72559
85961
49223
96247
86029
70325
54255
3006
74566
83422
44154
41085
16104
30384
94197
26292
425
67679
94155
83000
59502
10653
61933
28329
47549
34664
68669
4873
2107
64292
48810
90354
16881
11599
33078
7770
37144
52232
89686
18972
51108
55213
74193
76238
446
37735
80564
75459
39079
95597
88689
8839
63784
37570
45244
40492
57780
41316
3212
56682
98555
72557
16163
35418
61737
23682
29909
24014
74592
48783
45057
99548
38373
66820
45163
90461
44818
41761
28072
94057
36454
10886
44671
24177
58909
16262
88086
7530
79225
85824
69368
23476
44041
49279
85243
47113
49102
11226
21576
80923
98081
13748
56212
41702
20464
97860
62947
89115
84409
13957
44108
48452
10528
14969
44559
87477
69142
98587
75001
12096
39675
69107
10845
45956
76530
75478
3466
2014
89315
3229
67411
67882
82118
13349
30675
99791
50116
33640
86455
50531
90755
28493
91290
26309
63363
96863
84535
3297
50073
51914
64888
98806
58340
30250
57304
62249
4411
66976
50803
29189
49689
42155
46719
56237
93951
80830
21653
69046
24655
78148
41502
62006
74786
70612
31391
10366
31952
24973
35621
98414
49174
22620
18944
21324
87674
20329
55382
72243
57815
58804
63245
88104
95354
67071
47264
37222
50507
30760
81707
5302
45887
662
83208
63504
20781
43282
27837
946
48869
34111
35249
96299
94467
13601
85329
5220
44823
88585
16509
89892
66988
38436
80480
32594
58476
28520
11759
89203
11577
2012
93123
55813
56586
67278
85515
40925
58459
75324
721
49392
32899
88299
10751
98686
63322
97727
37288
14702
73143
98312
12915
5968
23829
82545
49239
73267
65510
97157
6569
78986
43195
81625
62716
60766
20257
33412
88847
8139
69
91441
42388
17906
14390
86282
8722
39725
87567
11928
93979
55257
10578
64802
11142
46436
26551
71601
76529
92292
28823
83645
43949
94225
70295
16877
2953
23660
16537
35136
97371
62966
41727
52374
3954
52926
78197
94771
26403
96821
78422
69396
62030
66030
52947
36341
11902
64285
18338
71298
43382
47220
43132
94273
87416
75515
23415
97443
64638
38753
41314
84972
41158
34036
64520
45574
48135
64947
39960
21729
46889
90922
16002
1091
24643
57157
59393
36000
15920
38534
62111
56079
97138
49892
92514
91302
33251
85610
95680
66387
27251
74481
50122
7576
95546
86935
9084
71862
65295
49907
73632
68498
94471
13275
48207
44174
71192
74118
26268
74596
8457
29200
20328
50226
78076
33211
75458
25423
53219
54271
26725
23331
4757
54858
5461
33236
21200
97961
93384
51521
31653
18395
37795
25549
25548
87735
5620
49963
40749
54052
38463
82956
27540
3760
54574
19218
90972
44714
11694
7927
99047
92787
47767
52259
8515
95119
59704
6095
59231
29310
61168
14462
72867
39768
76906
34563
86823
13111
78437
52234
14869
10813
36328
79362
39421
47986
81436
69593
54495
84911
23146
83239
62431
22661
38511
52404
40149
65575
9026
85137
18617
27906
88285
29266
56454
72017
56056
44574
34035
65342
48586
19167
58865
79532
56227
34813
52528
11595
98595
90939
13849
16623
7623
8979
42853
54281
11539
13820
40689
16595
568
31897
87217
5781
63163
93265
31976
63534
39645
97417
74254
69836
29588
68461
90324
40677
12520
24635
59815
80732
44526
57883
44190
80831
25859
15748
4591
87266
63175
99286
92647
47864
10162
36880
59825
46486
47667
40168
57801
13126
32281
97055
85412
78231
74392
87386
86416
91552
92067
17450
56276
8282
74345
24033
90748
43686
1683
49851
66522
92145
61941
54628
59961
49251
33040
18298
86059
92267
67749
14698
75671
72041
8088
89825
79505
95844
93095
99090
75174
80573
6966
58456
82075
43881
62503
40105
39467
58787
75764
30394
66891
28606
2914
35257
35459
44540
55376
78176
55311
82927
28631
45852
4750
34606
93194
48936
70996
72475
50276
44492
11571
88671
1898
4722
95199
90476
4377
27190
75926
74576
49346
86368
89584
32942
44118
8616
19646
35982
56768
63359
40643
71784
17358
69883
42988
46791
13074
77361
24518
66526
36503
37359
62030
66430
87325
46159
4834
93688
70796
62735
3881
50759
89276
3760
68730
67340
721
38318
63143
47328
53263
53379
91846
47847
53200
78637
86841
62651
85503
5366
57611
13121
15832
95499
88052
73903
20565
32721
88132
32822
79362
32810
19272
57885
54421
76495
76239
40060
24046
54662
60251
16922
25424
71792
72045
76550
75755
99614
52731
16924
84267
41787
81859
53072
60884
95985
84132
19829
56829
42530
34399
94923
25863
74066
95157
76885
48317
37666
71147
14690
13879
59747
16707
8300
59716
98056
88599
8318
22714
99743
73795
37997
67937
67439
62611
69359
38113
34699
52102
24619
23689
6494
5017
85090
31782
44346
8922
63037
35041
11958
908
43207
23885
96492
39041
54291
71378
78989
12661
72327
87990
65608
53243
61767
92529
9657
71276
71364
66505
94628
63282
86662
2465
53776
45169
70642
34049
91306
73460
828
84172
40044
99708
43762
7969
41271
29824
17624
29531
56803
1444
49778
78136
66034
22575
57622
77681
18393
65612
12145
24035
65113
63491
29021
28299
15200
21348
47381
56212
44129
18508
27954
25677
27838
87359
10556
49011
82757
15512
21893
62264
48987
33598
92413
362
35341
31048
91126
49677
7577
13148
6075
55648
13720
7697
25649
61315
1985
7002
68081
54320
75948
21086
94565
72215
17792
28403
5078
45512
33182
362
94983
95801
38267
31503
44323
74723
97752
63153
96659
58401
49714
4124
66829
355
98693
18887
44455
78009
28181
89887
72967
41543
10850
16239
59146
31407
85361
50405
55449
9620
83260
12676
17431
39643
11362
42889
86538
51090
5763
94837
66951
11614
16296
16431
72305
57037
71416
29731
19887
5452
21015
14217
80711
57225
93600
75679
13868
69930
94786
97476
99819
25226
16697
57528
50672
41533
90384
22153
72319
31514
39684
82986
33275
12826
22388
69594
4766
50292
57943
10823
3442
57533
12865
42608
26468
8165
49379
65150
89331
54229
32014
9351
52657
63278
86871
48019
18867
30272
19667
28826
77194
32176
65806
32826
9939
36923
10056
15310
43034
1677
63005
52470
34087
38989
48326
23898
31296
37308
2336
70082
17799
87869
22748
44040
44577
18441
92933
22479
50097
38785
49890
83455
56662
92992
98795
48315
65146
46235
42887
93483
84526
50272
91401
10495
88224
36125
38018
78292
5415
6806
11370
9864
25398
93965
672
3200
48335
93977
61254
74828
58455
99001
81928
9500
62690
94075
16315
18533
28747
79970
41539
1118
12184
90465
70431
73383
68629
18655
42198
74909
50260
21459
29360
67608
20880
42929
83195
16184
27038
40828
52645
41468
82538
94682
16107
11567
3006
6083
10062
94301
59528
76844
93291
42525
9436
70146
65242
46173
87908
40135
63742
83412
65423
49062
21182
19081
1167
43546
61307
1304
91324
42617
959
33186
89111
2180
51410
10373
92023
31424
14317
3113
76231
98101
14107
81490
47340
31287
69215
99900
47016
43960
26600
67184
94103
48274
95849
37653
91178
51367
64568
88403
49606
49690
50371
56834
58570
17445
28362
89443
82081
70068
70014
92743
43383
70639
46536
92999
88058
69383
80365
69472
37951
23412
59133
23945
51322
89506
57852
73825
67662
62687
30683
8827
66077
60829
21897
88361
94003
95034
84156
61476
37758
71557
57659
23624
13449
97345
65508
60795
31700
66461
63283
72210
39922
47153
28903
60213
8283
33890
90305
81817
23327
81437
50781
77135
50615
10055
4512
89449
87129
53936
58859
79122
30075
25186
17518
1548
46166
42053
97412
82020
99847
69549
44667
34162
87285
4403
82040
89413
76404
33520
87270
93927
51561
92622
57602
39462
66799
6863
47253
52445
89526
36003
25229
88026
37029
44677
19787
71199
34611
24410
57488
9463
5116
41567
57991
57285
10842
41611
35450
31759
8200
84722
53211
8060
39254
2009
2664
88875
82936
33805
56925
60726
97391
14757
12335
5055
52754
66080
55408
85539
47794
48298
96124
8953
25309
30005
3935
74485
85016
61456
82078
92333
6310
86767
4440
21441
70470
52802
17164
7114
94593
39579
3188
54668
17968
65165
55890
97365
5009
52486
8869
9507
5363
67918
34084
77796
90198
52427
29777
68174
70550
46328
13869
12579
84577
78686
23413
11559
10271
90559
21936
71392
525
44623
39582
6131
13543
87379
48502
59697
71898
77311
97803
69350
80670
91074
98144
96844
94663
43669
83072
58477
36265
11721
85475
85843
1959
3038
36735
98626
68119
12436
10748
28945
54239
77398
76498
67703
77729
93927
90197
77951
15243
8518
48679
34169
48940
91467
55607
29922
52992
69147
13647
76982
63844
57696
30179
31927
8308
38013
15141
6283
26355
64572
39786
68843
68239
42447
68602
93770
23298
67325
95446
93794
59480
25002
35168
74105
10168
74983
21939
19865
1584
57636
20913
33116
60193
142
21568
4474
89446
6438
53864
85382
52398
38374
20529
38592
50586
12573
8754
91970
57011
59983
63215
42654
59722
16952
39861
52001
6465
29695
48126
30580
84562
97746
95559
25382
37936
29616
96851
47043
82696
49166
14901
94025
32405
12393
37475
88866
90261
93905
42417
51883
14389
71347
69736
93189
43283
54438
89108
89052
90589
58371
37430
73777
86346
77987
25694
94161
38681
84395
92150
68754
65425
63620
12475
40111
73991
64919
93844
44772
8374
92137
49909
28488
58390
40258
52889
98664
66275
35063
7392
31075
62145
87523
30467
75838
77847
10406
6686
54894
5447
31814
18018
47227
10452
63164
29664
13928
433
25683
23320
59218
57613
5082
1858
57429
92824
68422
15233
68514
78556
78900
27059
59747
5902
57980
10101
54498
238
40253
76692
61966
47442
42251
45983
10839
26631
48869
57485
73497
79331
6706
23026
79785
44702
71249
74195
46565
50465
34254
80825
53531
4842
76365
2733
60246
68919
99003
60278
5145
77927
95160
50066
4596
82981
97901
51942
6807
66918
15207
95162
37628
69584
13399
99536
21841
4651
60828
35325
36556
60820
29691
6652
46660
32933
98369
5335
71167
63592
59990
65039
74373
2751
72055
93348
66208
27851
98099
92167
79008
94520
88495
25699
36689
48911
15966
9515
59153
12412
52733
98769
24781
95038
78578
13527
50636
62806
98593
15933
71201
58105
26655
69374
19001
43001
20102
3377
14940
21564
24959
61674
76147
44020
95079
47492
16321
48190
86559
90065
53381
46645
2121
26135
4274
26038
98900
26778
89683
86790
23308
32412
2816
77871
62432
74470
18844
82543
23764
12811
27630
2478
14112
13460
11425
97395
10522
35959
82172
49931
95563
2016
31891
80113
53072
80953
9197
72556
20518
10033
76289
60672
90419
78685
21994
94014
77439
49685
81536
16445
24593
84693
13169
14716
47095
69021
5632
32195
86819
87411
69425
96707
74955
76788
85209
40444
76560
46671
24081
37768
44512
14842
37767
62338
47536
90147
39947
57284
7771
85616
37696
54482
49730
86118
72448
4111
76085
98069
53355
37834
72087
76423
52037
89063
97299
5322
32359
73537
9771
463
4096
10057
9564
63635
56397
7885
91173
77637
25735
11818
96545
65958
63470
22722
67700
66900
19991
88679
99722
81386
9959
85389
84043
36069
684
59806
93210
12188
78358
47342
69064
8782
82931
83044
19088
57947
5686
97674
92205
10204
75661
25083
54330
89247
73384
50601
55693
27431
42147
21131
39606
85927
99307
23582
57652
33577
72261
50246
65147
77001
27855
94613
97661
59006
56374
72357
57688
74598
70431
6022
2271
12059
35360
69975
785
19897
24921
94798
93063
70067
75865
37434
48224
92682
49041
65769
27809
57631
15182
27529
74664
52509
67256
12866
50436
25167
32622
86094
23369
78855
11063
11612
15030
22345
8044
43224
83624
16622
38493
80990
31650
19579
55035
36351
64641
46120
42071
1097
73846
60929
10681
44208
33041
60127
6924
55797
60570
15423
26683
66942
73182
41191
91921
47959
14316
15657
96823
26964
99180
85288
19770
66619
63252
34556
14212
19819
15543
50274
72510
16739
49925
54722
1116
93241
13676
92261
87409
28822
78353
74512
23556
51114
82582
33631
44224
22752
89783
83839
92374
11199
39788
17108
81300
4345
18493
61297
6480
90672
77901
6680
16371
83307
86436
8755
74344
66872
49923
47996
8847
26485
86572
42773
28165
19189
86959
73974
41841
94299
64097
52955
52286
46468
50315
58386
42909
3247
99605
92822
19024
4908
64724
544
21052
87136
582
6427
18828
57365
75337
63588
32260
75838
92139
40054
31773
67387
98658
97532
88577
79541
29281
70367
70727
30632
5996
70202
16675
20340
34963
4377
10086
1928
30936
84951
41441
41384
71283
33125
45816
62587
31355
75304
21814
3208
49080
82049
25793
73589
45805
45101
31792
13444
98061
24556
69651
69014
18748
1731
44319
97193
80673
41829
18956
10800
57100
82371
6573
41135
50400
36459
14015
13057
45665
67834
15480
6278
98665
28127
11421
98934
43088
85053
70463
76652
84554
72220
6298
29973
66872
11222
41785
1389
25419
45635
63426
46169
61156
77988
12276
95973
40180
48010
98254
21035
58596
97733
25127
89923
90194
95160
62625
55900
93285
69574
25038
28473
20106
74518
29442
17465
26520
14470
20208
81297
17037
82539
72921
3700
49833
85672
27857
26690
1540
97713
6129
81794
1894
95207
53049
12703
22241
57492
66578
18419
61473
815
98435
72777
42637
38819
69094
3029
90142
4435
83175
39233
7156
31306
71201
19753
21843
71065
92724
14812
25374
19744
71049
87103
2200
68239
97527
80335
83752
59357
95532
27999
40126
44008
12941
89717
687
37813
37423
37428
83102
63527
71194
53101
7840
27406
94321
93881
38804
32816
33476
2241
52422
74869
20959
68344
89735
59336
49265
3102
37549
32783
11948
37217
35200
92815
81528
70780
21552
80608
74107
13057
25723
43116
82370
39645
86305
52055
52156
55964
82678
43618
40112
99550
35499
12288
67374
90053
48939
80037
99639
8293
33661
43853
45542
76766
15459
53624
45539
58626
6318
18936
52446
51458
89079
19
63931
89545
86400
93882
97444
94570
34604
50225
48723
36098
32367
37181
51216
83046
65116
90679
69086
11402
57868
70553
86562
75727
45570
91303
529
30877
19010
37308
71726
38848
40426
24183
35878
91095
80494
37627
38794
71603
47728
90340
46957
90969
12151
88936
24711
42464
12003
86005
88568
64529
68693
85700
44391
78488
55476
24019
94453
25194
21081
44972
87520
22243
98334
78010
1744
80207
90800
10994
19828
35212
5872
7078
63615
69877
67205
15954
7865
7264
49203
13180
69502
25135
20269
59777
36053
65084
88607
83133
53260
64066
49995
94028
12142
58269
30291
67297
3615
3491
81931
85039
70685
8398
33693
30551
83001
88620
75744
8610
54830
88872
58627
74328
21123
63922
55951
13599
79024
42916
20020
19152
79640
79219
45588
18619
225
11534
10262
32613
46094
80780
35070
65196
39329
59672
55889
61324
23624
80956
10300
46680
2927
19447
6476
93808
93836
84505
60432
78326
26550
77980
76825
62422
30592
74742
83596
85486
20538
47925
29175
9798
16607
77397
33934
36904
95516
30025
46086
65093
76071
57329
95139
98571
20604
87252
92977
62186
50641
43346
1040
34080
8614
32749
54503
62370
76157
60106
89373
66636
50393
32863
19782
57975
31952
83607
86700
3032
99679
96382
5756
2818
67959
71435
82901
92162
6644
319
86159
99905
47365
20162
92945
21616
47550
64793
51798
13122
17546
3740
81989
25664
4376
39524
46271
76319
33161
15961
52271
80699
2929
76928
78145
24051
26995
2193
60944
77528
59184
81421
3361
7624
45438
806
30928
15220
69970
75735
41518
77685
26857
36411
72495
47611
93079
94500
30278
64606
13771
15485
67650
11592
38239
2425
30337
83961
84148
12606
73972
43290
82980
40461
67738
76189
49265
24322
32515
75958
64187
40981
6965
19817
83737
39393
61249
73984
95495
85705
24307
54478
71198
41303
2659
64469
31430
6164
70958
37144
27463
45285
69852
54604
25083
47216
61747
30282
58594
81892
37848
67858
90550
63220
46490
16395
77326
24708
67928
80145
84494
56557
72139
78832
78201
95633
57785
59551
87151
19857
46871
75701
15696
35277
79564
27082
17905
78941
9725
87030
91550
17415
18927
55303
957
51033
89332
35028
14579
12799
82043
78036
70029
54003
51465
45461
87646
28848
16647
58167
3714
22991
81742
92593
9258
17408
97323
23919
36058
33073
73628
7499
18347
16902
69156
86251
1258
28177
1670
86983
22337
9823
46537
77076
27716
50370
48030
88143
61397
47816
95901
40862
7867
35863
95946
37357
86929
38604
9525
81525
81718
62385
38059
12630
49171
94797
66491
50698
6021
74858
4299
75379
15609
47633
76127
35772
73268
48498
36784
253
51783
64244
90200
72852
57976
84295
38094
62760
7840
8809
19332
1062
92708
41663
43609
52683
70234
68951
74371
86353
3318
25649
98964
56535
25860
62041
95334
78212
44568
11719
15347
68439
9146
38288
59424
40503
3623
99085
99566
73377
51165
32950
97062
92757
997
95394
45064
38712
42815
14414
28078
67920
47599
38232
28162
57565
98593
24282
6931
8234
22534
65799
73740
52478
18760
62427
70492
12035
38717
25596
56256
75419
99822
59968
5246
30488
47029
46661
31849
40250
23098
63786
76638
38426
42102
88619
51113
74311
50868
30833
99669
23121
55438
9401
18100
29104
43190
83345
19901
62243
82799
81039
16487
47770
97898
53800
4925
45672
52285
70016
33072
95559
85537
37130
68300
39907
85617
85129
29888
27616
19621
84874
18574
97486
45101
32169
53412
63124
19384
43243
95971
55508
46104
49005
78706
94422
63500
4770
48706
3230
55206
5798
86222
10343
10972
30150
39966
66880
77668
44956
43397
94560
94154
39895
96544
92481
86978
13613
59828
98433
87762
6675
47344
15736
99081
62005
59110
19506
80534
40917
19557
59369
26896
18185
20724
75014
18781
73429
28596
24566
28487
32070
85619
61680
45656
85855
95694
67243
52243
50965
42344
59857
8810
87728
75347
49205
33850
61268
62525
17418
1636
90127
37079
16886
92950
32682
68431
34786
70405
28225
80435
19149
17585
77851
46488
63166
28231
64678
44815
21305
55948
39970
5709
58272
70358
36896
51333
58106
63421
83609
92692
16331
44083
41753
80379
34393
29096
99534
49944
97080
86200
90252
68956
32626
59968
60959
59500
84766
17703
3545
33038
57051
34871
92017
75987
74420
72625
42157
3766
36467
74599
49396
37979
32403
11731
6707
40662
33766
26480
13988
33143
174
46487
1288
89267
73468
91453
56818
32592
84521
32471
46954
60013
63033
1078
24059
56212
71681
41843
80485
66468
7085
87357
35663
73745
35780
41728
29536
91397
47503
72303
77695
18589
5205
69818
24550
45352
50249
94392
85623
89265
32487
69950
63081
82618
37834
61242
41978
21772
7852
30553
7714
99459
92429
67401
562
22024
57468
77847
69653
57322
7547
30340
52488
79632
93154
44995
83641
15550
35530
15530
99077
3695
90832
30913
33003
19361
61800
98473
5179
63641
58994
89812
53992
75503
13324
15282
33130
68742
5648
65368
88340
62018
50848
52761
75147
57117
65794
18724
93523
25161
92431
55721
30480
47311
68369
15762
37860
63878
64748
56311
45704
95185
67648
28652
85021
73530
88273
34730
36645
82529
56646
76356
95685
86486
46062
13896
48226
78673
42249
75981
34952
44770
84711
38149
24053
78355
81349
86209
40495
13528
67097
18321
15610
11640
33486
93056
33586
65454
21139
11160
64010
49823
94175
92027
80850
51451
10929
84622
77337
64494
88646
17039
51025
5740
75167
11806
3977
50157
58277
89368
37653
6345
32379
85526
84357
47964
42691
43299
10067
24234
80638
71371
36263
66493
80439
48687
51963
50183
15813
82327
21671
16527
10586
71880
23549
66740
59981
29610
9710
64829
93912
59567
27326
19949
95570
7356
336
83473
4894
19961
10748
80415
46765
64216
1483
67375
51214
30225
45310
58249
43610
95294
96264
42857
68594
49521
69447
96349
38821
99948
59537
12720
79171
56608
98540
36790
94482
25844
25927
4233
44479
40142
53891
46392
79748
54135
39157
20663
86180
27816
23751
36109
69356
30749
39614
56228
37484
74819
27074
98463
75839
80157
56833
73235
16625
61103
28655
70283
96648
52037
55737
84177
45826
40641
61353
6734
19805
9147
93965
17018
24266
49506
42080
84298
9320
75374
19645
86994
41271
67529
69872
76389
60699
77707
16592
10173
88595
44594
50812
36658
37867
61480
1128
8815
21438
22792
42804
64491
71356
35156
92676
99370
52863
10680
84172
71200
43901
87938
8684
16304
1497
85959
81783
63953
72581
43377
65810
48414
99980
47497
40586
44099
14201
94276
2768
33116
79697
28020
41176
21778
18746
35105
86428
768
91857
51425
17468
53834
83411
16005
89171
37140
47726
38498
55647
78128
60935
32766
87607
84123
54499
64003
2262
31144
5981
14308
67591
40234
83668
82712
26884
80935
44244
33414
94131
85199
23395
54843
57727
16212
96304
99482
4741
20848
23915
15035
13711
2904
10474
14374
42347
58858
40770
81189
41415
93442
8891
4008
78911
83025
57008
56355
56352
65461
76152
99775
75707
72238
90872
5723
26489
89856
31630
81808
50910
80497
68967
5541
43994
75376
60495
75343
80026
81102
79377
38312
40546
83877
11090
73395
18670
84047
2232
62913
99868
75076
45871
29357
46799
32261
97753
85528
37491
7635
51539
15715
26144
5610
31235
63955
42265
878
41304
17419
13193
49990
10455
92347
67122
12565
84794
83077
97980
41222
45166
95147
49682
98076
72815
35467
3811
11643
52712
19705
60658
18831
74253
13560
28536
20683
6722
65868
41797
29370
74801
12065
23771
81681
68466
80143
78977
68149
37284
73574
72443
34860
11824
41711
87138
55313
94952
65395
11456
87715
72447
52863
1022
42877
25808
69838
94631
95680
46128
43702
3671
43828
91370
28855
10707
72302
4382
77202
53117
24603
44595
31029
58847
58391
34545
82709
53280
42995
45344
70300
74642
66910
20564
62180
981
569
98010
87202
61125
96847
78943
51028
4961
70038
59578
66957
84189
27165
1322
97433
58152
1176
72812
10405
97580
88123
26895
1978
72273
49609
12691
9551
75899
61853
28063
5702
91827
28060
93965
28413
13226
30779
1500
26141
21285
63027
61203
34707
17172
38385
23887
59771
10318
29945
67748
9659
18274
24609
8387
16121
61488
81365
67270
90929
66007
4772
40986
39434
68252
4538
78696
51121
51013
43347
9013
52068
32780
48622
6813
36892
86770
55637
82292
28646
91452
37704
49193
64972
2664
58559
89093
95118
29961
50893
3143
10372
53104
61067
69128
93454
20286
15939
89599
67406
90413
63922
16307
30572
78688
79654
92951
54643
88502
5449
49871
87
45902
35622
2809
22861
9448
96944
67491
44997
38889
26463
79067
73799
466
36386
86536
59939
17864
47375
3621
50358
42400
51259
12391
1934
13294
70219
89127
74234
37460
43208
81773
44290
8251
58481
51120
93389
94428
1429
21218
30352
1420
98487
35265
98251
72925
37495
12329
9974
17590
93917
21074
91193
22551
18300
38167
86430
72992
66843
5794
86638
21885
91211
59281
89669
30518
18755
30799
93435
77749
50243
6197
40907
5193
49579
49950
72885
8042
50245
10966
54239
37967
48081
19540
58679
97033
58291
82600
9979
17101
60248
14886
1600
70402
68512
65762
55971
333
4696
21981
27056
43335
71572
5375
30916
22858
23688
63413
28401
94130
39997
74219
89731
98907
99777
42494
91841
86215
54860
85685
7083
93629
56956
21797
19058
95135
88589
60915
16611
30638
7465
58359
24518
61307
34919
87419
24078
62706
51954
75669
36720
95348
71935
17336
50598
56071
61346
73402
63768
38429
91580
18177
76184
7408
4049
9578
56522
12700
80161
77368
31747
83536
29851
42787
1153
21367
26703
77020
76990
9063
81775
98263
77909
96524
5889
27925
93135
47148
92259
39485
86204
61240
94517
94647
79831
8498
7045
99239
94033
72847
63169
43025
14475
22371
21361
59246
64832
7405
14430
63772
81636
17112
83668
72301
84635
41400
37637
10465
64521
74789
25329
69213
99402
35976
33829
32973
63652
39032
85240
67878
35463
39796
32807
93180
20942
59264
40775
28021
17983
91717
4472
55188
73888
77588
78260
44169
79103
31240
90769
88013
22715
2332
32498
70686
70020
60946
38956
30929
8630
5372
60168
3766
15844
21900
18489
72587
75170
81291
65915
85654
43068
20502
58774
71945
20070
31345
65256
44653
19061
23021
32087
67805
26995
49195
91990
51751
55495
4551
62952
58992
27710
85004
50097
95150
68765
3754
77122
46226
82069
99664
92614
51445
33966
69830
66765
3139
51237
84553
64691
93385
3558
46096
86792
36243
69641
5593
40060
20462
71785
84721
84485
35043
72713
24812
72994
33987
4871
74044
85765
56794
51227
76493
55904
87676
21000
832
26274
90402
32515
86668
21811
95194
38314
69144
66668
29216
50929
2318
8635
12680
69439
31972
18297
59420
85017
51793
61134
81248
43013
35015
26320
77932
23901
64677
74085
87206
85442
2113
97025
89561
15045
92195
62515
40144
97246
33630
54302
73755
92950
65540
19668
8378
59468
28506
57421
54681
87123
61918
4857
99284
26901
89457
1451
77651
2266
74168
65607
58952
77704
76228
62960
22856
27796
15310
70431
41898
51179
88856
20980
45816
75569
47349
77822
73820
81762
60505
62110
80419
10890
23451
78258
43900
95726
71369
64203
37806
80360
60051
39001
52836
89703
635
5967
72323
62141
97776
18632
29344
60946
40495
37531
374
99411
63713
89176
64684
45774
54304
42930
23979
31033
1111
75496
82908
40928
8403
70637
81131
23242
19405
97139
60584
65938
59677
40748
26745
19005
74484
80477
16310
59522
739
33121
61498
90181
92222
12141
9928
36262
42169
14995
55180
48633
82996
55352
63310
99719
27990
58215
4708
94912
97209
86452
78056
3258
15644
96310
5797
43574
57335
63680
28713
1926
26932
61300
44269
88247
20457
34805
34559
37526
38195
38380
20289
81154
9022
26671
22181
59456
10988
46346
89690
64364
33833
61994
82289
71576
40037
29916
23340
70474
61606
63604
94839
36411
90192
18563
85350
67661
97930
1503
65599
69896
73955
97
36332
19385
61874
16882
96748
79993
56454
95562
81104
80158
75652
12630
726
91194
89801
17172
55758
30951
87360
54680
62202
86137
33144
64563
6622
38089
89392
80605
73457
95268
48555
98060
13858
80223
61571
49128
46302
58231
99973
77845
41942
88162
29624
85824
74706
90763
51623
75904
26645
78987
34598
78727
80014
39980
19557
1952
37266
26521
8261
31761
69937
79487
93629
32494
63033
19180
49046
66867
38339
4993
99263
65320
1403
86919
38789
51229
12450
82982
96286
11539
12815
82131
9966
57312
1213
91017
61766
6460
22276
53849
4707
35441
37057
90706
22013
71716
10340
9593
23523
77569
41156
9873
47392
53848
21718
50520
59483
86075
5975
88374
33762
33018
74232
60775
54439
78346
25243
17615
88726
15435
93857
80184
65689
36199
55395
6730
92950
21065
84871
15380
28039
59522
63844
38133
18910
23433
58857
63752
88322
69720
41614
40501
38332
3184
7958
29660
66335
96524
36978
58639
39522
86839
55101
7790
70892
10236
61071
63603
32489
55460
84967
22368
11407
6092
97597
34191
27252
23655
84230
26682
88583
22952
10585
36251
60536
94818
10213
74483
25294
98177
49744
13758
69131
2413
63825
96087
69514
73989
21343
72240
59851
34980
50311
2728
3502
62086
75751
72609
3437
88600
5361
19841
65679
1452
97176
18338
28
13980
90352
34582
80369
74435
30562
49032
56692
87354
12337
64918
12894
14181
12598
16459
86575
93921
94155
34333
88252
42969
99499
6120
63898
19414
68053
96610
23366
91872
23155
82378
14016
42893
1745
61817
5275
27659
71387
80834
84405
36865
82378
35429
14416
34411
1560
61097
88098
68767
81877
77183
95751
20792
77841
32852
1593
42004
3320
18680
78512
58465
77359
87311
37132
12873
7676
95766
33038
10893
24150
93607
16020
92692
74195
1995
79047
26410
76018
15350
59711
44761
96397
10374
23510
42541
9675
43688
42437
54966
22716
28938
6634
58270
29656
47267
4390
82827
9075
94243
27902
48344
4933
41681
73440
10579
89091
98643
39369
9034
53084
61665
14899
79708
14827
79425
38304
3117
14092
96962
61584
38075
66437
39845
82626
99879
77765
42080
40742
89567
45459
74504
30795
73523
75459
17980
10873
4700
28202
64835
54603
90566
22647
86900
59857
51656
43117
78027
88274
92806
34573
52102
36262
42145
42615
22219
79955
76179
47927
10366
42027
76982
67760
29482
4857
72304
4712
3311
89286
81351
51308
22239
90940
89184
7052
74378
20856
78154
92090
8540
90966
1884
33667
12602
43285
6137
4799
75036
20105
7740
19819
66760
55653
61480
67338
46958
7895
85818
55386
81475
50548
62592
91811
50878
15357
53009
45933
58808
51524
24638
50890
87085
30680
27716
60860
86538
11166
48450
77841
81665
2261
87002
83152
82889
12740
72273
1416
58571
90211
86948
42084
12146
62159
14302
89101
94290
48969
27819
19801
15625
58349
15303
34383
92104
66918
75454
50692
73095
94398
9089
2343
7688
37601
21928
52545
12821
20908
3187
16372
4091
68880
20130
64650
14145
68145
61531
65036
32161
66862
17207
28191
84047
79911
58936
15512
95289
91797
84064
55217
34588
31015
23113
38761
51631
75146
81936
15584
90885
87365
50873
33732
26568
31967
93072
86831
740
883
81380
66020
10427
30813
18366
58477
34119
3913
39548
8694
94362
29211
20648
91697
55994
66952
38498
57066
36501
97068
49332
40645
12213
13484
80603
73982
67877
29359
4612
93506
72498
22635
94380
18260
59985
89645
35388
22590
42316
19701
62994
14822
88693
94420
27212
34081
59294
36418
40634
48901
78625
1251
56621
84051
13849
60400
67434
22909
46365
67063
10952
42955
90274
34832
37308
86695
71404
35637
9554
59917
30104
76586
22069
7079
54868
31849
78758
96585
30137
31632
54069
43337
91013
72616
17101
56753
28796
34674
49288
92051
35482
33847
87519
39720
19913
95374
52044
28169
1175
93229
36249
12611
76941
80093
11695
98191
26108
46280
47843
5441
63776
24571
95185
89651
79455
9275
25617
68061
63286
22744
84995
38277
14901
10803
4808
94954
17780
46468
58950
50685
30684
23979
39446
17154
51309
90033
63150
62546
54831
84649
36303
26412
27220
99526
87895
83543
40953
54752
74532
62276
28672
44610
11010
37203
27993
17589
64633
3683
44392
22728
6380
9726
59318
39400
51768
7772
72134
67318
49336
37639
37571
45922
15145
48368
51123
39542
88429
52710
87859
44528
67363
17018
86049
5960
72019
24207
28402
2057
87020
4725
44001
56785
47528
92332
41318
34287
18246
57585
61384
81804
39400
63687
37534
83870
90288
40523
79042
21712
39406
54670
41052
92438
7493
4682
16626
67668
33294
71522
80350
81596
62025
98448
59832
67976
1943
76437
80431
73541
37210
33054
57014
14101
49566
68268
73904
28013
74084
48722
41141
15489
8705
81750
47101
17484
5096
41969
28802
68430
95168
24089
53726
81908
13830
9550
67033
90040
62427
77963
51600
27926
99618
13908
50893
32936
9998
83197
83628
50650
91212
43295
4652
5222
92381
28148
89156
19371
6009
88810
52167
25944
11579
65906
50972
91148
79560
10904
62396
10003
90284
99569
3458
87038
24203
28793
80661
56980
53004
35654
74578
32454
88902
28258
51836
6655
81040
48105
22902
14682
30209
80686
10288
33872
55498
63923
97055
78188
30674
45808
41161
89855
31826
14772
54258
57034
97921
87338
98708
21126
98051
1981
3175
93491
38400
63536
29225
87400
18799
55757
82706
10326
73343
87735
21715
126
70122
67986
83427
45915
87836
15810
69327
46434
88939
52038
48444
10851
75252
77577
86990
63883
76177
65468
583
58880
98582
91105
73909
44087
56480
33014
14190
18697
17393
3388
55749
40908
50468
47692
52727
65071
87269
60786
7464
83427
99297
26418
15534
20888
40975
80051
38746
19345
267
48969
14343
73152
62819
56870
66422
63159
31004
41582
22470
98700
44157
56791
63312
5994
41423
48027
16073
26031
77060
64324
97396
91660
17551
69800
66901
54255
25278
58003
65098
31668
80282
31426
7403
52653
28537
34217
11633
70714
83383
52855
42422
71460
25411
1988
18839
30458
76873
70476
96655
52141
52926
467
74343
19432
72800
92118
2227
66367
28958
56445
54334
98972
36886
48746
89716
49717
43242
39445
53231
12830
16567
29803
34108
34799
65210
87120
52330
98025
35436
40842
71241
23952
10514
28365
65644
43030
94953
65043
9089
40353
67200
46937
74540
84331
89021
73882
65560
98947
68627
61804
10392
91676
73447
35005
29065
19665
98315
57790
84124
45158
89923
94831
93800
28932
67749
23141
73253
34048
42544
62564
58924
89000
47232
85447
1297
42204
78606
69275
5021
13005
18623
80776
6789
81138
49746
47019
41649
27484
34588
53374
30200
40082
73344
94099
38
73802
82287
5252
5800
51356
65248
82391
9602
30869
43857
77997
18907
5215
7635
99010
58341
75920
47976
5177
32049
13869
47281
43329
87466
65692
6734
36917
64988
79959
94156
47915
26046
42763
35564
75852
70683
49157
22063
75687
59971
28755
12831
10491
39441
97656
60207
10725
60085
69526
77885
15630
67668
98389
15146
1927
16421
37726
80246
57889
16928
68678
43016
21194
97906
24793
12021
67643
50736
19743
11412
57855
58056
3517
25080
34826
56107
85915
59972
73354
44928
69263
8549
92769
53203
12062
90612
66856
13795
44894
78110
56540
64162
64405
88599
448
93166
72090
37299
12386
37521
55550
38767
45121
85045
47272
42143
94371
87935
94690
8949
69832
95917
46235
38168
45218
67659
36667
55081
29320
81947
80224
59973
86259
9082
77137
2245
40814
38364
68544
17450
35428
69611
70349
93773
51892
29292
59695
91558
48277
40312
57421
18355
22512
16194
33908
22367
73801
80531
66179
78419
66194
67652
38085
94159
40403
38122
41888
65818
97210
4615
48931
61566
33811
9625
27418
82880
69185
55851
9048
27761
49777
90042
57381
31438
27775
44847
42857
99254
70100
54411
91098
84529
87199
46530
59859
81077
7255
82491
35077
98454
16680
58156
11098
39334
69411
32597
50761
94190
11551
89596
24636
39280
69842
58183
86271
1615
40661
74485
41934
33460
99338
18823
24539
88989
1091
5389
95024
51061
23059
58294
9830
85518
13662
28685
78325
42798
57963
25694
14824
41071
32701
69959
3287
42132
23885
86163
61265
19417
26871
83259
40346
56253
20449
81719
21034
99975
59554
35204
61968
74488
58821
69837
93813
92472
93130
94887
82002
70136
25909
74541
34300
64682
94710
73350
15315
26344
83604
85749
66364
76367
83776
88040
48219
7838
50851
59364
44506
75644
21208
82044
76274
94560
43610
41742
99525
90334
94153
38989
20638
50287
22959
73484
25010
18956
96395
28275
24064
71848
87062
36326
5879
63964
88029
39863
7909
71235
30586
50009
20348
88274
23040
27247
31920
61123
2056
38253
40182
30335
33904
32034
36138
60180
29552
9376
12294
61153
57612
24095
4827
63699
35599
84043
45140
37870
98159
61157
70092
31421
32619
30255
54401
6342
32229
8573
95829
91380
7525
78468
39274
57097
33547
24133
21860
43722
94366
40501
18351
16182
88179
27894
17819
90602
33335
5438
99282
77836
27715
28345
96663
49329
84428
11408
36360
11204
60110
16278
39997
6913
9157
91409
17483
91045
65450
38302
94383
26795
87129
33782
67426
4165
55661
44423
69204
64841
2321
568
83368
22703
64953
64319
67444
94368
39236
91192
65018
94434
93471
74349
48003
19983
73940
93841
35721
71676
59424
85042
74065
48364
18238
85041
27186
36723
19955
34183
32607
65730
55793
78105
20390
36076
13643
8951
51130
69076
7265
33994
30022
68089
64747
95655
2656
17014
27760
97647
45348
54376
45593
49939
98558
89826
65475
98345
42754
10651
26717
14932
79823
19272
2756
75887
15693
30323
75356
75676
77648
35631
88888
79588
3408
36020
48773
11505
1860
14418
74749
78238
642
25754
36892
71293
40748
19734
90811
380
84440
53137
85156
44467
54766
22306
63997
97375
26898
8478
30693
23153
1143
91507
7027
45974
82842
68887
68975
63426
4252
58162
43101
8703
15066
17823
19164
89091
41399
51699
80206
23045
48244
5582
78074
6142
87494
55044
18951
89920
48697
99465
21058
63947
4788
26222
19337
42001
77837
55748
7229
1417
81731
20395
90214
29293
78633
30260
42245
77298
65845
65050
58980
68378
15041
3897
18474
36138
89430
78611
83161
73080
76091
61218
54149
65682
44745
32026
69420
77332
94568
45797
87829
3330
88548
53790
73408
88534
27800
37253
85056
29268
5285
23603
54375
11050
15976
27916
51368
21218
83751
65554
80392
37718
89250
55361
24077
83347
20952
33936
21824
42556
50800
69190
92434
66106
81314
75422
49586
30301
21426
13628
52043
37378
23501
13380
55844
30024
24677
86289
23917
22116
11039
48615
81526
22644
34212
10209
17545
17816
40412
3153
16155
55522
22239
85705
2234
94559
53735
23025
54638
64938
58848
24938
84877
29089
35791
12148
17170
8958
86879
17300
10251
77318
56449
43560
8523
91863
82552
51867
5888
13358
42529
98719
87203
67954
22803
32871
7889
30662
47650
42046
65556
88966
46347
74484
81040
90117
69020
96074
26398
84429
19567
45524
92179
43775
12617
60414
97122
12925
29119
60269
49569
85447
27140
9931
51478
92675
50717
83904
92458
73144
29718
62671
36919
53921
42210
99994
27752
51584
68393
1570
88431
39347
2920
74374
67630
69951
92673
50671
42133
9219
67973
1591
59597
26306
80757
49707
96384
23790
30834
82804
25415
69654
82526
37832
25586
32352
52671
99187
12252
13258
4307
3907
10194
75615
42315
36204
61440
98701
45057
22670
17069
78999
86226
83062
13249
4108
19916
54628
15275
28971
80436
67796
24384
62229
43404
11176
2825
91894
1392
27525
98928
83012
37752
35024
81607
41956
44761
35107
38148
80637
50944
70414
96165
55326
50356
48315
89085
6981
74271
80594
57399
85873
50318
27772
41861
98747
90526
81273
15297
64798
49721
19023
10277
66926
11591
76680
97538
59740
25913
2715
56359
27099
79849
56941
53207
61328
94928
64106
62956
92870
82319
96268
73437
15905
32963
52551
41095
89129
75503
65184
87987
25164
31100
87549
91416
54801
50285
502
75307
87742
35780
49284
97204
14924
24949
82388
48301
32614
37879
95249
82099
84098
27942
97130
17159
30050
10918
13545
4378
47333
56607
40323
18615
52888
30277
16434
8848
27821
14314
14137
27340
973
22020
84337
16082
79612
737
28392
61183
37396
19844
96812
91360
12592
54306
19558
42071
74300
58414
91605
9694
11578
355
10117
218
42684
1484
79125
76853
85969
23507
77699
40902
23150
52609
82718
69021
67774
36704
52244
83960
28023
52329
22048
42910
58980
75850
62295
98632
70395
93673
72779
34739
2441
85820
88660
45043
91785
78705
16989
59150
27636
17225
23467
26422
43945
41774
86286
16255
92324
30075
62877
41761
84660
97022
95344
42409
47049
63222
62021
8907
14330
78596
21673
26221
95739
24880
54290
15256
89239
56010
23762
5468
57386
49306
87542
83803
42083
2422
34168
21533
99897
54637
94274
54244
81358
86040
84591
78694
75934
73142
74804
34295
39924
25749
51019
21373
53160
95869
32949
77063
96388
52262
60525
66384
35148
81235
64096
58622
52899
43774
95782
60273
74370
64276
45107
93655
87639
52794
4507
43701
87345
92134
34899
92028
31722
65058
84418
90643
14490
70979
29133
78677
81946
38729
62734
61696
83462
67906
95139
92571
31560
81259
2011
68415
57881
67871
24655
15436
33845
53333
71027
69671
73146
51157
45792
46509
62994
29191
98665
79218
84878
62168
81205
45607
27168
75076
83647
56217
92057
34362
12223
40249
95483
57479
77841
90824
75857
48751
56937
98299
16117
65003
39409
88263
65379
89231
46408
52176
65649
41009
48614
80835
57300
70788
81609
3666
85865
47189
46118
70997
18721
84955
36101
5255
33692
33112
52565
44602
19751
29614
97874
42574
24121
42010
91253
12777
39567
45835
89367
22715
33131
12209
51523
72904
79665
52153
89707
18765
22298
51680
18453
6591
95472
96940
47915
86543
60572
44385
27562
38354
39990
98652
86169
40855
77384
17770
6653
39267
76192
83797
42470
46276
70050
56235
48315
56435
46806
62838
70322
47501
1994
66792
26429
11448
30421
59597
11854
18549
89398
57459
45370
20762
43402
23574
83662
15544
84732
24215
37420
24730
49741
15275
58769
22598
92006
13069
4366
81144
3776
50551
4415
49987
99845
6385
15194
272
67175
46673
84772
66699
51899
93198
45213
59604
43495
92155
84361
3496
39320
62474
25219
9105
27088
14935
32829
36542
4859
42921
26882
89685
84458
69352
74530
66369
30913
22450
39595
52635
227
63863
39098
96681
4045
80087
36340
62635
14813
28411
7511
3587
54650
87872
24758
50998
9838
99806
88638
26475
63347
22094
80427
21987
44697
64820
66876
57217
55435
31072
59358
11243
91020
82974
74831
22985
53943
33781
87433
27481
76882
90861
90182
22366
75816
44580
16059
12681
54918
61433
88555
98175
41120
37452
9317
75980
50986
24597
16547
57992
88020
50160
81922
39475
49139
68796
48837
18413
8368
88575
28106
47192
78415
87544
46780
51896
13576
10585
27741
77997
27614
69820
44225
36849
9069
68779
93053
44203
25585
50188
3409
41972
81990
53378
94990
14569
18108
49860
66651
32462
73880
85826
98371
30079
86860
93470
23597
69853
47108
41205
55354
84186
69258
55976
74774
86505
63963
21176
13611
57607
72153
34488
96891
32230
73548
12918
37738
77717
92803
13569
86728
22598
95800
33411
89700
86880
98609
15286
13538
61900
39296
82552
59340
82211
43220
72022
20001
43618
41043
52882
98357
56177
94476
66433
21087
74315
38651
61077
21401
50050
89430
2691
31774
45825
24364
57814
15207
35421
54154
58423
45927
93019
35420
41102
93709
15924
