1
59 181 54 14
12 1 4532
4 2 1188
12 3 4989
4 11 9524
5 33 9299
6 2 743
7 11 6986
8 7 3953
5 9 792
10 13 8501
3 11 4210
9 12 9155
11 13 6186
14 3 5144
17 15 6573
17 16 5066
17 23 9128
18 20 9077
19 33 2173
23 20 4339
21 20 7841
21 22 8851
23 19 3128
24 20 419
25 24 323
26 23 1098
27 28 1314
34 28 7057
29 33 3452
39 30 9565
31 27 1978
44 32 9737
0 33 5608
30 34 9932
35 37 6749
36 37 3393
37 34 1273
38 36 9647
39 43 2016
40 41 6500
43 41 8407
42 43 2322
32 43 954
44 46 4689
51 45 68
46 29 3177
45 47 4517
49 48 6485
49 51 7961
50 46 7088
51 50 2098
52 46 6495
53 52 502
57 54 1209
55 0 575
58 56 1914
57 56 2330
55 58 4907
5 18 3425
28 14 1114
42 41 7789
56 54 3797
54 2 8631
47 27 4656
28 20 7207
28 38 9826
23 4 200
27 29 6658
46 39 4340
4 14 7194
0 41 6040
30 50 54
42 57 9708
31 48 3930
19 42 5210
12 54 6631
53 40 3633
39 41 4803
50 33 5269
45 55 9430
16 56 453
34 4 2495
45 39 8246
9 13 4053
12 10 9179
19 13 2192
55 36 5724
35 50 9991
0 45 7596
17 38 435
46 22 6574
29 40 3768
42 37 7709
54 38 7011
13 57 3689
36 46 5348
3 7 728
20 30 677
45 17 273
29 8 5824
52 54 8310
34 31 9027
20 14 2331
29 9 1082
55 41 3446
55 49 9986
38 56 3362
25 48 8157
21 57 3663
6 3 1611
31 56 5265
13 5 7805
57 51 3482
7 27 7693
20 15 4818
42 28 495
36 8 1432
20 22 4879
27 24 3145
6 17 8318
54 17 9607
56 29 3725
24 36 2204
3 36 5255
44 27 6081
38 0 5710
25 58 6649
12 41 7954
21 34 6960
43 55 4470
3 31 2028
19 48 7163
53 6 611
37 28 9831
10 3 604
53 58 6323
45 27 7076
48 44 9747
50 56 2618
39 11 9121
20 36 536
47 41 8307
35 47 9003
14 50 2840
13 32 4495
27 53 4867
50 42 6075
7 32 5342
23 54 3320
20 34 4942
48 36 8413
33 32 2882
44 31 1514
51 53 9571
37 12 2193
48 18 2374
7 10 9134
42 36 7553
13 56 3933
17 46 2211
8 43 4043
21 4 346
12 27 7252
32 16 9992
12 2 3852
58 11 6049
9 52 9089
51 14 9980
30 5 9142
56 53 5883
47 21 9139
44 0 3844
33 11 9045
49 20 2953
32 0 8776
24 46 8335
39 10 1774
7 41 4520
2 44 412
24 34 2490
15 26 8203
