1
45 142 38 34
1 6 6149
0 2 432
1 3 6584
3 4 5911
5 4 472
6 2 5871
7 8 53
8 3 6693
8 9 3314
10 11 4723
11 14 4855
10 12 6816
13 10 3820
14 15 9885
0 15 8608
16 17 1143
17 19 660
18 17 3140
19 15 4346
19 20 7931
20 21 7356
22 19 7795
23 24 8739
27 24 9087
25 23 7861
32 26 4352
36 27 4801
26 28 9625
29 31 3149
30 31 5942
31 32 7380
32 24 9524
37 33 1250
34 37 5787
34 35 2170
36 15 9433
27 37 2642
38 39 702
39 40 7047
44 40 1861
44 41 1683
42 44 2992
43 42 8341
0 44 5477
16 10 6823
25 36 6502
44 32 6755
0 11 6398
9 26 2535
14 32 8830
9 37 5993
14 1 806
40 43 3483
35 41 9451
29 9 7268
2 37 2686
18 28 1569
1 29 1774
26 1 8724
24 14 4936
20 27 516
41 33 5009
8 12 9482
43 1 1750
37 18 426
10 21 3491
39 26 5108
6 41 6160
9 15 4826
30 10 8001
7 34 6979
35 32 9588
28 32 7437
16 33 860
14 8 5510
33 13 3314
36 17 7931
38 24 7373
14 5 4288
10 5 1734
43 13 746
30 15 3132
27 19 7369
21 24 2716
36 22 8425
35 38 7284
21 40 6651
32 0 7553
8 43 5517
40 17 8766
8 28 7001
31 33 1360
2 29 4231
5 30 5423
33 27 114
8 31 8779
30 32 9256
37 35 6579
15 21 8581
14 34 6761
12 42 5122
5 20 6647
9 18 8879
7 10 3850
25 17 5867
34 23 224
26 4 6671
42 19 507
37 22 9501
25 26 4090
37 23 8400
37 4 6197
15 11 5668
18 12 4329
28 16 670
29 35 4232
1 7 8586
32 6 3164
38 40 8469
6 27 3922
22 18 3997
33 14 2000
2 43 526
23 41 8949
13 21 689
36 41 1733
19 16 8268
28 2 9784
28 37 7708
36 38 9004
23 0 8738
38 44 3039
39 4 4577
6 35 4375
39 24 4152
25 28 52
5 34 3607
37 26 1858
9 20 2059
10 17 7958
8 20 2743
36 19 3007
