1
51 181 15 32
5 1 155
1 2 7661
3 2 5026
2 4 1011
5 17 3385
6 4 3308
2 7 7740
8 9 7537
9 1 8411
13 10 4425
11 17 3841
12 13 1812
11 13 9148
18 14 555
16 15 7586
14 16 5098
17 30 9894
18 13 4648
26 19 4711
20 23 5775
21 20 9942
21 22 2684
23 26 174
27 24 8369
25 26 7698
11 26 1672
25 27 7276
27 28 8961
29 11 6682
30 0 9889
31 29 7632
29 32 8331
30 33 6625
33 34 8009
35 37 2061
36 33 3781
36 37 378
38 40 4370
39 40 5132
40 49 9346
39 41 4428
46 42 7065
40 43 6381
50 44 4788
45 47 1506
30 46 299
50 47 4092
48 50 905
42 49 8475
49 50 1765
13 43 9031
34 9 5503
42 47 7775
19 11 584
7 9 6891
41 8 4903
30 47 7744
12 16 6870
16 38 2467
21 39 2717
30 43 2951
0 27 1694
2 22 1378
40 50 4833
29 33 7217
28 33 9803
41 43 6150
3 28 7830
25 2 172
8 37 1991
35 44 5850
24 32 5609
32 27 8462
13 47 6517
19 27 6372
18 23 5972
39 36 2780
8 48 10
7 29 859
41 5 7083
10 46 2618
17 20 3900
26 37 1166
45 33 2260
1 44 4971
40 26 7451
40 21 4169
34 29 3425
36 22 63
45 5 9262
7 18 1763
43 42 7346
12 33 3493
29 22 564
3 27 6976
6 30 5922
43 24 2548
46 39 5068
36 17 1758
19 6 599
49 44 3547
3 49 731
14 39 1982
41 4 7040
36 5 1203
36 35 2415
34 46 9832
45 28 5821
12 26 1788
4 1 6759
0 19 9994
7 50 8417
18 2 9125
15 41 90
36 49 5103
40 27 6748
7 14 5057
28 31 591
29 45 2152
14 49 7077
3 31 8313
3 42 1024
35 3 3640
47 40 7662
4 26 9649
34 21 8087
40 29 9174
25 39 4517
31 45 1068
24 44 9566
3 0 4297
12 8 8002
30 25 4355
33 13 8034
44 12 8720
31 47 4903
34 8 3282
3 34 6028
47 12 5875
30 34 2191
36 48 9524
33 1 9806
41 27 1395
16 11 2964
10 48 3225
17 50 9148
5 40 114
23 14 3428
0 23 79
19 50 1088
44 36 1501
13 22 5880
17 48 6800
18 30 4575
46 2 9516
1 19 6324
7 21 6669
7 45 9931
50 26 2049
20 36 5893
9 24 3571
19 38 1198
8 36 4606
23 32 9206
50 8 5072
1 3 7017
8 43 8742
48 47 7416
6 21 5835
44 4 2683
28 5 9330
37 34 2860
39 3 6862
7 0 2647
5 7 1214
26 39 9145
22 34 6059
27 44 1396
38 22 9872
31 36 1254
41 38 7057
