1
48 170 16 1
8 1 3046
1 2 8374
3 2 9775
4 5 5567
5 8 8847
9 6 2537
7 8 1461
8 6 8708
9 13 2345
10 18 9650
10 11 8134
12 14 5019
13 34 6711
13 14 8167
15 10 8470
16 17 6031
17 18 400
18 12 2467
18 19 9107
20 21 9264
14 21 7805
22 13 8328
22 23 5254
24 26 5796
30 25 87
27 26 9351
32 27 6948
28 31 6620
33 29 9728
34 30 447
29 31 3158
25 32 9987
27 33 469
0 34 5826
35 32 6143
35 36 3899
38 37 4145
32 38 474
39 25 447
39 40 5170
41 42 4125
44 42 6159
43 42 8850
44 46 1812
43 45 965
46 40 7086
30 47 7160
38 10 4432
3 30 9022
22 7 9403
15 31 5843
44 35 6994
47 34 5897
43 33 2226
39 23 2228
14 47 4194
47 7 6841
20 0 1617
16 40 8154
4 27 1830
19 3 5045
17 46 8729
28 46 1706
22 17 6051
10 30 4835
3 39 580
29 23 9533
27 31 4145
14 15 9964
34 39 8988
47 3 3633
32 21 5146
27 2 2036
6 14 2330
47 21 3848
46 9 3869
32 33 7740
22 39 311
38 22 8241
30 4 441
4 6 8949
30 27 5
1 23 2352
47 45 7830
27 39 4042
36 45 5960
26 18 7482
34 31 6028
11 6 433
44 41 2737
12 7 5751
3 14 4868
10 36 4425
30 45 1436
31 33 3188
32 5 2377
1 14 7716
26 2 9886
15 17 7287
32 29 2965
24 46 4736
25 24 2557
35 18 3128
15 13 6564
39 15 5946
10 31 444
25 27 5246
11 42 3792
25 20 5128
19 5 3648
2 44 3718
0 18 3142
25 12 1581
25 34 1783
3 36 5726
21 30 8119
3 5 2659
42 32 7257
14 43 6086
39 20 5531
47 25 720
8 11 1124
5 39 3
44 19 9970
0 16 6196
45 26 3574
1 47 177
22 45 1892
31 45 8540
11 26 696
29 39 410
40 2 3197
12 26 3618
20 13 2157
28 43 2382
34 14 5932
36 6 2554
1 13 824
14 36 8370
46 1 2077
41 37 4842
23 16 9481
16 31 1871
41 12 4348
6 3 5393
38 41 4130
22 25 6841
14 24 289
20 43 9345
3 13 9342
5 37 7174
18 36 7617
31 2 6763
0 27 453
34 18 9782
20 46 6069
19 2 1106
13 43 435
23 9 7356
18 21 1816
35 5 8677
2 4 6170
9 37 5332
26 4 9618
11 9 2496
31 43 3587
8 34 1396
37 30 6140
21 31 4405
1 7 4998
