10
12 14 4 10
4 1 3
2 1 7
3 1 10
4 5 7
0 5 3
8 6 10
8 7 2
0 8 2
9 0 8
9 10 3
9 11 7
9 8 7
10 1 4
5 8 4
12 13 10 4
2 1 10
2 5 2
1 3 10
1 4 4
5 0 1
6 8 8
7 8 5
5 8 1
7 9 1
0 10 2
11 10 1
5 11 10
8 0 8
12 15 5 6
1 3 7
2 0 4
3 7 9
5 4 9
2 5 3
6 7 5
4 7 7
10 8 6
9 10 5
4 10 5
11 9 7
5 0 2
4 11 10
4 6 10
2 10 6
12 15 11 1
1 3 7
1 2 7
10 3 3
4 5 4
5 2 10
11 6 7
8 7 7
8 11 8
9 10 5
0 10 6
9 11 9
8 1 8
6 1 10
9 5 3
9 2 3
12 17 1 6
4 1 3
2 1 2
0 3 6
4 3 7
5 3 9
7 6 1
7 0 6
11 8 7
0 9 9
10 8 6
9 11 8
10 2 6
1 6 10
9 3 7
9 8 8
3 1 4
8 2 6
12 16 11 8
1 0 8
1 2 4
2 3 10
6 4 6
5 4 4
6 1 9
7 1 5
7 8 6
9 10 10
10 0 2
11 10 8
11 4 3
6 11 8
5 8 3
9 8 8
11 9 2
12 19 7 4
1 2 8
8 2 7
3 8 9
4 5 10
6 5 2
6 3 10
7 6 10
0 8 3
9 8 7
9 10 5
11 10 10
8 5 5
11 2 3
11 1 4
3 7 4
3 1 5
9 11 4
8 11 1
11 7 4
12 18 2 1
1 3 5
2 7 4
3 6 10
4 2 8
3 5 9
6 0 7
5 7 8
3 8 9
6 9 10
11 10 9
9 11 1
7 9 10
2 5 5
9 3 4
4 7 2
8 0 3
0 5 5
6 11 7
12 20 1 9
0 1 2
4 2 6
3 7 9
3 4 3
6 5 8
3 6 3
1 7 3
8 7 10
8 9 3
8 10 8
7 11 8
6 0 1
5 11 3
2 3 5
3 11 6
10 7 5
1 8 9
0 9 2
2 1 2
8 3 8
12 19 11 10
0 1 3
2 4 5
1 3 5
3 4 1
0 5 6
10 6 1
9 7 3
9 8 3
6 9 8
10 0 7
11 9 3
0 9 1
11 6 8
5 7 5
2 8 2
3 9 10
8 5 7
9 4 1
8 0 9
