1
60 176 1 20
1 8 3763
6 2 999
3 8 6942
0 4 5368
5 6 8223
3 6 736
7 8 3778
4 8 8129
9 7 9979
10 17 9999
11 18 607
13 12 4753
13 18 7327
4 14 3916
15 13 2422
16 17 1022
17 14 3777
19 18 9515
23 19 4637
20 22 789
21 16 2853
18 22 913
23 21 3955
22 24 2693
25 27 4632
26 27 9799
27 28 4602
19 28 6422
29 30 4202
23 30 5407
31 40 3671
36 32 3673
33 36 2937
4 34 7340
33 35 9112
36 40 8189
38 37 6089
38 39 9273
45 39 3328
43 40 3070
39 41 7095
41 42 2132
43 47 2346
41 44 9965
45 40 3895
46 39 2512
47 34 359
0 48 4436
55 49 9275
49 50 956
51 49 7407
55 52 9716
54 53 3134
55 54 3307
48 55 3616
56 54 8650
57 48 4872
58 0 9088
59 58 7556
30 8 825
44 3 677
10 26 2736
26 58 1536
1 51 7686
38 21 310
25 55 5146
59 9 6166
41 45 2081
58 54 5288
54 37 3473
52 18 6728
57 32 5381
25 1 7937
35 40 995
18 26 3472
27 41 4536
26 33 4638
18 23 8780
47 26 2584
43 24 1681
2 26 5004
22 2 4187
1 3 6685
42 1 6373
1 21 9915
30 24 8507
24 26 5772
22 9 4335
5 2 8306
43 5 7782
44 14 9518
13 57 934
16 36 9324
34 59 9768
18 47 1227
59 48 2969
47 36 6487
21 53 3355
58 34 1037
46 49 3494
52 46 2317
48 12 9143
39 28 7812
56 8 2570
39 31 3124
35 48 5705
42 45 6540
3 25 2417
45 14 9834
22 33 8766
15 35 17
30 22 34
4 29 2496
59 57 4545
54 16 4414
27 17 4059
37 57 966
29 47 4378
34 50 2825
39 22 8339
20 50 8893
3 55 5036
58 33 4496
7 4 4636
4 21 1456
40 14 8376
3 4 5228
55 45 4103
36 51 1373
10 43 493
24 45 7871
26 11 8622
20 24 7206
30 19 7545
48 28 8693
18 50 7693
8 45 7366
26 14 4081
58 3 1010
40 5 8036
45 51 9770
37 16 4052
3 24 7538
54 43 5426
17 37 1634
36 9 5271
49 54 9440
55 31 3694
50 37 816
28 13 4706
24 49 3135
50 19 8100
33 48 1583
32 7 9107
39 47 2820
1 10 9086
12 8 8411
44 6 1690
56 11 5367
1 23 2880
17 38 1660
4 59 9500
52 9 5187
27 52 9263
36 26 8333
59 14 1140
20 14 9633
5 13 3834
52 24 8369
20 48 2052
30 2 9109
31 33 4264
39 10 7371
19 16 7235
14 30 9173
34 25 6868
