10
13 13 8 4
2 1 9
0 2 1
0 3 9
4 3 9
5 7 1
6 12 10
8 7 10
6 8 4
9 7 8
9 10 6
6 11 9
0 12 3
5 0 6
13 16 12 2
8 1 10
8 2 8
3 9 3
4 3 4
7 5 8
9 6 10
7 6 4
8 0 4
8 9 1
10 6 5
10 11 7
9 12 2
3 10 3
4 12 7
6 4 6
6 11 6
13 17 7 9
2 1 4
3 2 10
0 3 5
4 3 4
6 5 3
6 8 7
5 7 2
0 8 7
9 0 8
10 9 9
10 11 3
12 11 6
4 7 5
10 3 7
4 2 1
12 10 7
3 7 7
13 15 4 7
1 2 2
2 0 8
7 3 3
4 3 9
5 8 8
6 8 8
7 1 1
7 8 2
2 9 8
10 2 1
11 10 4
10 12 5
11 3 1
1 8 9
10 1 1
13 18 0 9
1 0 3
2 7 9
6 3 7
4 3 7
3 5 8
6 10 4
7 1 8
6 8 8
7 9 4
10 9 8
1 11 2
12 1 9
0 11 10
3 10 6
12 4 1
8 0 9
0 9 2
5 1 8
13 17 12 5
1 4 6
3 2 1
4 3 8
0 4 6
2 5 4
6 2 7
7 2 9
8 9 2
0 9 2
9 10 4
10 11 4
12 9 4
11 8 2
6 11 5
5 9 1
8 0 1
0 6 9
13 19 0 11
1 2 7
10 2 2
10 3 7
4 9 3
8 5 10
6 9 2
7 11 1
0 8 6
9 10 10
10 5 7
11 9 3
0 12 4
6 3 10
5 3 6
1 8 6
11 1 9
7 12 10
3 1 5
3 2 6
13 18 11 10
1 2 4
2 0 1
2 3 1
3 4 10
0 5 10
8 6 9
5 7 4
11 8 4
11 9 1
10 9 5
7 11 6
5 12 6
6 5 2
11 2 7
8 0 8
0 3 2
1 9 5
4 5 7
13 21 3 6
5 1 3
2 3 7
3 4 9
5 4 1
5 0 7
6 5 9
7 10 9
8 7 9
9 12 7
10 0 2
9 11 4
12 10 3
5 9 6
9 3 5
3 5 8
7 4 2
8 2 10
3 10 8
11 0 7
0 7 3
9 1 2
13 21 8 7
1 2 8
0 2 3
2 3 8
3 4 1
10 5 3
6 0 8
5 7 4
6 8 7
9 7 4
10 8 3
11 0 4
11 12 3
1 9 7
2 6 8
8 5 5
12 0 5
5 6 1
10 2 2
4 2 4
10 0 2
7 12 3
