1
56 147 35 7
1 4 2186
4 2 9809
0 3 9177
4 3 3516
6 5 3085
6 9 4687
50 7 1963
8 10 5645
9 7 8283
6 10 5104
11 6 8868
12 9 4056
13 14 5444
26 14 3745
16 15 9315
16 14 422
18 17 2416
29 18 1400
20 19 3420
18 20 2329
21 22 3784
31 22 1805
33 23 1355
25 24 895
25 27 4541
7 26 532
27 32 2588
28 29 5663
29 26 6548
27 30 1826
31 28 6192
32 34 3788
31 33 5851
34 33 7739
35 29 4713
35 36 7079
35 37 2412
40 38 3199
39 50 2818
39 40 3088
41 44 6346
44 42 3424
39 43 7873
43 44 1245
45 44 3536
46 45 9334
47 43 7632
48 43 7759
39 49 4339
0 50 5259
51 53 6829
51 52 9933
53 50 8157
54 53 3978
54 55 2915
20 35 1362
10 51 1841
54 12 7306
46 22 1306
8 36 9830
50 23 8249
26 21 9644
41 35 2108
6 39 6443
15 1 7424
17 16 5621
19 39 5219
32 54 8506
11 5 8133
19 35 2015
52 44 2765
48 15 3803
37 52 1278
20 12 2394
34 25 5916
21 18 7296
34 37 2771
44 34 1193
24 37 2647
30 26 1724
0 52 4068
42 34 475
12 7 9772
0 53 7369
28 46 6070
18 24 4719
49 6 4989
51 49 9386
12 5 6514
55 48 1661
53 41 2544
10 33 5938
54 48 6879
8 4 461
39 46 1299
46 10 9622
53 34 7909
17 54 8095
21 32 2301
36 41 2778
13 6 4035
15 45 9052
9 4 1597
16 18 7831
32 23 4507
33 6 3656
41 3 6157
15 11 1373
16 8 8955
6 27 29
27 34 9035
20 1 3940
20 38 5559
38 54 841
53 23 9276
49 34 6485
16 49 4144
18 19 7477
29 32 1533
51 0 6214
42 6 5104
47 1 6499
36 34 8626
5 7 112
2 25 357
17 21 7096
34 21 5217
24 47 5067
6 38 3653
10 39 7307
13 0 7415
50 52 1015
4 48 7
17 53 7596
19 6 5267
3 33 2019
51 45 2125
9 21 3674
30 9 4264
6 48 6577
16 37 3654
31 47 966
10 16 8138
50 34 3896
48 10 4548
55 51 5687
49 54 9091
