1
41 144 39 21
2 1 2922
20 2 9407
3 4 7085
4 20 275
5 20 323
8 6 1587
9 7 8079
7 8 551
9 5 1251
11 10 6790
11 9 781
13 12 6360
11 13 6589
14 11 8900
39 15 9260
18 16 9859
21 17 9671
9 18 6391
21 19 715
15 20 1919
18 21 7532
22 21 5728
18 23 644
39 24 9652
24 25 3175
26 30 3907
27 32 4681
28 33 7726
35 29 1789
30 31 4022
31 29 8802
39 32 9218
26 33 3952
34 30 220
36 35 9961
38 36 9480
37 31 8180
27 38 5173
39 0 7991
40 36 405
28 36 7854
5 22 1434
39 6 6319
5 27 8497
16 10 9483
27 33 1401
10 40 3192
40 5 8713
1 7 3792
29 9 9872
25 37 8497
29 6 2801
12 30 9853
34 37 1077
25 26 8311
2 31 5339
31 24 6273
23 13 2952
39 35 8260
20 26 1357
6 17 9266
35 31 7010
9 24 5448
11 29 9171
34 38 1121
30 40 4658
6 5 8958
36 30 5158
18 34 9346
37 36 1611
37 23 7382
15 1 6772
19 17 1455
11 12 4451
27 19 3529
19 31 7249
2 17 4026
21 3 5713
2 7 7682
30 27 6898
1 16 6939
22 6 4904
3 11 9132
20 34 6878
35 9 7616
0 21 9124
38 35 5800
3 15 766
12 8 9001
31 20 844
6 4 2621
32 16 373
30 15 7259
13 2 5411
10 15 6405
18 6 460
39 1 7239
5 0 9020
29 38 1842
23 4 6823
29 2 6136
22 30 5587
14 29 4452
22 16 8540
22 17 2935
33 0 5681
23 39 4614
14 34 4874
21 5 7195
18 40 1980
20 35 5369
8 25 8976
39 40 368
7 23 5952
32 19 931
18 31 7939
12 33 736
25 16 2052
17 34 528
16 14 258
30 1 8948
37 7 5267
36 7 9174
31 36 3933
39 36 7293
12 28 1182
27 11 1196
20 17 1634
30 0 8144
2 34 676
15 19 4739
33 29 2151
2 4 5922
4 34 2402
37 14 8837
15 4 9386
10 13 7928
26 18 6904
29 30 2853
19 18 892
34 10 6905
26 38 4416
39 26 2805
7 38 6342
