1
58 167 9 3
2 1 8740
4 2 3392
6 3 2293
4 10 5223
5 2 8818
0 6 8656
7 5 4271
8 10 2268
9 12 3845
3 10 299
10 11 7413
12 13 7042
13 11 6944
15 14 7914
15 32 8365
17 16 3876
17 19 2270
16 18 4206
32 19 1954
16 20 8917
19 21 3939
21 22 6841
30 23 5489
26 24 5282
23 25 3392
25 26 1542
23 27 1487
29 28 7271
23 29 4913
32 30 9330
36 31 2920
0 32 4792
33 38 1680
34 39 9084
39 35 8763
36 37 302
37 41 214
36 38 5733
38 39 3932
38 40 6778
41 30 9515
43 42 9660
43 30 9796
43 44 5291
45 52 3765
45 46 762
47 52 5941
48 49 4934
49 50 2219
50 52 2880
49 51 3250
0 52 8682
55 53 2817
54 53 2629
55 50 381
56 55 3001
55 57 7255
50 31 4411
36 11 669
40 22 6117
45 22 716
25 15 8013
44 26 883
16 23 4425
40 33 3640
33 36 7780
22 0 8373
2 54 5770
5 43 9521
49 5 3704
22 36 4038
42 17 6361
0 12 5961
17 15 5663
36 8 7560
3 16 806
45 41 5775
41 19 7049
39 40 9303
56 38 1250
22 41 3069
30 46 448
0 37 9496
54 42 655
26 4 2314
27 8 6850
37 34 7531
45 15 812
46 55 8150
42 38 1767
6 10 6794
50 30 1048
43 51 65
9 38 2052
5 42 8747
17 53 7621
6 42 4658
29 39 2290
38 55 5737
31 28 7209
20 19 5125
19 31 3014
23 9 7350
0 56 9427
25 29 9858
55 45 9869
51 42 9239
15 8 7018
18 11 9221
32 41 5254
1 50 3202
34 23 9837
38 49 2461
35 31 7288
39 21 5429
20 26 7219
14 55 2472
8 33 7900
47 51 914
25 55 9693
45 25 1540
52 37 6373
47 14 5110
29 32 237
52 42 605
31 27 6060
29 12 4852
12 19 4420
44 32 5342
29 15 3892
29 40 152
22 12 3563
4 50 9494
21 4 5583
12 55 109
3 20 1641
4 11 5532
15 13 4802
15 12 4132
1 57 4208
2 11 6667
13 3 9258
30 0 5023
49 47 1017
5 17 6348
21 36 2726
13 7 9788
13 40 2295
43 22 6066
6 17 2241
48 44 1701
28 18 2798
38 34 5749
38 24 2299
52 8 5797
1 30 5369
24 9 4293
9 6 3414
20 34 7163
10 50 3229
45 50 6972
2 53 2357
30 22 2913
37 46 3798
23 51 726
35 24 7123
29 10 2396
