10
7 9 3 2
1 0 3
0 2 2
3 0 10
3 4 4
5 6 7
3 6 7
0 5 6
5 2 3
4 6 10
5 8 2 3
1 0 5
1 2 3
0 3 4
3 4 1
1 4 4
0 2 1
0 4 3
2 3 8
5 7 4 0
1 3 3
3 2 9
3 0 9
4 2 4
0 4 3
1 0 5
2 1 1
5 9 1 2
0 1 4
2 0 9
3 4 1
4 0 4
3 0 4
2 3 1
1 4 8
3 1 5
2 4 5
6 10 0 1
1 0 7
1 2 9
3 1 4
3 4 1
1 5 3
4 2 5
2 3 6
5 2 5
2 0 10
4 5 5
5 8 4 0
1 3 1
3 2 10
0 3 4
0 4 10
2 0 1
1 0 10
1 4 5
3 4 10
7 9 2 4
5 1 6
2 1 5
3 1 10
5 4 7
5 0 1
5 6 2
3 0 10
5 2 6
3 4 1
7 13 6 1
0 1 7
2 3 10
3 4 3
4 0 10
6 5 6
4 6 5
2 1 7
1 4 2
6 3 6
1 3 4
1 5 1
3 0 5
5 2 7
4 6 0 2
2 1 5
0 2 5
3 2 3
1 0 1
1 3 1
3 0 1
7 7 5 2
1 0 4
2 1 4
3 1 2
0 4 9
5 4 9
4 6 6
6 0 6
