1
49 152 23 5
1 16 9757
4 2 6562
0 3 5684
4 11 5977
8 5 8302
16 6 9875
7 11 3201
8 7 2814
11 9 8884
6 10 9802
10 11 5338
9 12 9363
14 13 756
14 6 2591
15 13 8647
3 16 4039
17 18 5035
15 18 6472
19 0 9859
20 22 7011
21 22 9403
19 22 4333
23 24 4496
24 19 5844
19 25 2993
25 26 4984
27 28 7420
26 28 653
29 39 2584
39 30 1801
30 31 7886
36 32 7931
33 37 8970
34 37 2569
35 37 2932
36 43 5229
37 32 5813
45 38 8596
0 39 8512
40 38 3125
41 45 1566
42 41 3053
43 39 7961
44 41 2839
32 45 2328
45 46 7286
47 48 6178
32 48 8872
11 42 8203
8 30 1664
21 6 6247
17 5 2660
20 44 8281
0 6 7465
27 31 8866
31 48 3158
40 9 279
4 15 7392
4 43 5935
46 43 5921
25 5 464
18 10 644
21 13 6299
45 7 7556
37 6 7725
21 47 4383
18 11 2955
36 31 102
8 46 2635
28 35 8709
7 15 4018
10 2 6831
16 42 3864
22 33 8054
26 47 1149
27 41 1260
41 26 6758
42 25 9726
2 26 4076
0 46 2003
5 26 7162
45 31 4731
46 28 3590
45 8 8759
44 6 2613
31 2 7720
36 40 8634
19 6 9465
4 34 7340
43 42 9119
39 17 8161
2 40 5498
11 6 9643
31 24 1835
31 1 4109
27 23 716
12 24 8717
12 25 1577
9 39 1166
30 7 6581
2 29 2079
28 24 2324
46 15 1687
1 28 5465
2 33 9145
2 27 627
40 32 1195
46 6 7064
12 44 751
25 3 2502
40 6 675
40 1 1353
7 48 3199
30 6 5839
41 13 4101
24 37 9857
47 13 6413
26 38 9267
4 19 4797
26 34 4130
0 36 6033
0 38 9677
32 25 9423
12 1 2167
24 1 1903
1 45 6812
47 8 9097
44 11 5285
25 14 1457
22 35 2243
6 47 9504
16 38 1453
20 35 8136
46 27 9496
14 37 6654
16 44 9126
42 27 8845
33 3 2468
31 8 7240
4 36 8462
16 17 5881
7 16 5706
25 29 7859
30 1 6490
14 35 6923
5 48 1801
32 21 949
46 38 7684
0 26 5020
40 39 7040
5 39 9783
3 30 2117
