10
15 16 10 6
3 1 8
2 0 2
2 3 5
4 5 10
5 2 1
4 6 4
8 7 7
11 8 4
9 8 6
9 10 10
11 0 8
12 13 10
0 13 6
14 13 4
14 10 1
8 13 4
15 18 8 10
1 0 5
1 2 5
6 3 1
4 6 5
1 5 6
6 7 6
7 5 10
1 8 8
12 9 9
9 10 4
14 11 8
0 12 8
13 11 9
14 12 7
3 0 9
11 10 7
9 14 4
4 2 10
15 17 11 0
4 1 2
2 4 1
3 4 7
0 4 7
10 5 8
6 8 10
7 9 7
5 8 6
8 9 5
10 0 6
11 13 4
12 14 1
13 0 6
11 14 2
6 1 4
8 14 6
9 10 1
15 18 6 3
2 1 8
2 0 8
1 3 5
5 4 10
5 2 2
5 6 4
8 7 8
8 13 5
9 13 9
11 10 2
9 11 6
0 12 3
12 13 8
14 10 3
11 3 5
6 7 1
1 8 1
7 4 10
15 18 14 11
0 1 8
4 2 9
1 3 4
4 3 9
4 5 5
6 4 4
7 11 5
11 8 10
9 8 8
8 10 7
1 11 2
8 12 6
13 0 5
13 14 6
5 7 4
5 8 7
10 5 6
12 7 1
15 21 12 9
2 1 2
3 2 7
0 3 2
4 3 6
4 5 3
6 8 7
7 10 1
8 3 3
9 11 7
8 10 2
11 10 8
12 11 9
13 14 8
8 14 3
1 0 3
3 13 2
9 0 10
11 0 3
10 5 6
4 9 6
12 9 3
15 20 5 1
1 3 5
0 2 7
4 3 1
4 9 6
5 3 1
6 4 1
6 7 6
8 4 6
2 9 5
10 8 1
11 2 7
12 13 2
14 13 6
0 14 7
8 5 10
13 10 6
8 9 5
9 13 5
12 5 4
11 10 3
15 23 14 12
3 1 7
2 3 9
3 0 4
4 13 8
5 4 8
8 6 1
0 7 1
8 13 5
9 8 3
12 10 10
11 12 1
13 12 8
13 7 5
12 14 3
4 6 3
3 12 7
8 0 1
11 14 1
13 10 10
9 1 1
0 5 8
4 7 5
9 14 8
15 20 6 14
1 5 7
6 2 10
1 3 6
5 4 7
5 2 8
7 6 4
7 0 10
8 5 7
0 9 6
10 9 6
9 11 5
9 12 10
0 13 7
14 13 10
0 11 9
2 11 5
8 0 7
0 12 8
6 0 5
12 3 6
15 24 12 14
1 13 10
2 3 5
4 3 1
1 4 7
6 5 10
2 6 5
6 7 5
8 6 1
13 9 1
10 11 2
13 11 6
11 12 8
13 0 1
14 12 9
3 8 6
2 7 2
4 9 8
7 12 2
7 4 8
8 0 8
2 9 10
6 10 7
1 2 6
14 1 8
