10
11 13 5 10
1 6 9
1 2 7
3 6 5
4 3 5
5 9 3
0 6 5
7 9 3
9 8 9
3 9 3
6 10 6
9 6 1
4 0 3
10 0 2
11 13 10 9
1 8 7
2 3 7
8 3 4
4 3 6
5 3 3
7 6 2
8 7 7
0 8 10
7 9 8
0 10 10
2 8 6
6 5 3
1 9 10
11 12 1 5
0 1 7
8 2 10
4 3 3
4 8 1
5 7 7
5 6 4
7 4 8
0 8 1
7 9 6
10 4 2
2 4 10
6 8 3
11 11 10 6
0 1 3
2 1 2
4 3 8
4 0 2
4 5 10
6 4 10
9 7 7
8 9 3
9 0 9
9 10 2
5 9 8
11 15 0 3
2 1 8
4 2 8
3 6 5
4 0 2
6 5 1
6 1 4
7 2 8
0 8 4
10 9 10
0 10 4
1 0 10
1 8 6
6 8 10
10 8 2
7 8 8
11 17 3 5
1 0 2
2 0 6
3 0 6
4 3 8
5 4 8
6 4 4
7 10 1
9 8 8
10 9 6
3 10 2
10 2 5
2 4 7
7 4 8
7 3 2
1 7 5
8 0 2
2 6 3
11 19 10 3
1 6 8
2 1 5
1 3 6
4 5 1
6 5 6
0 6 4
7 5 1
8 10 4
5 9 6
10 9 5
5 8 2
8 4 9
9 8 1
1 9 8
10 7 6
2 0 9
0 4 10
3 8 5
2 7 3
11 18 3 6
2 1 4
0 2 8
3 4 9
4 0 7
8 5 9
6 8 7
7 8 7
4 8 7
4 9 6
10 0 2
7 0 9
3 5 3
2 4 4
4 10 5
8 2 7
1 3 8
3 10 3
6 1 10
11 18 4 10
2 1 2
4 2 4
2 3 4
4 10 2
6 5 5
4 6 6
9 7 7
8 9 6
5 9 1
10 0 6
10 2 7
6 8 4
7 8 7
1 0 9
10 8 2
5 3 2
9 10 7
2 7 7
11 19 3 5
1 6 4
5 2 5
6 3 10
3 4 10
5 4 3
0 6 6
4 7 4
4 8 6
6 9 5
10 9 6
9 4 2
10 1 7
5 3 7
3 10 7
8 0 3
3 9 9
7 3 2
2 1 8
9 5 5
