10
7 12 6 5
3 1 3
2 0 4
3 2 7
2 4 10
5 2 1
6 0 3
1 4 3
5 6 9
3 5 5
0 5 9
6 4 7
4 0 9
6 8 4 3
0 1 3
1 2 4
3 1 2
1 4 5
0 5 1
2 0 4
3 5 10
4 5 2
4 6 1 2
1 0 10
3 2 10
0 3 5
0 2 4
2 1 10
3 1 9
5 6 4 3
0 1 9
2 0 3
3 4 1
4 0 1
4 2 8
3 1 6
6 8 2 3
0 1 4
0 2 3
3 0 2
4 3 3
3 5 6
2 4 6
0 4 6
5 0 3
5 8 1 2
0 1 10
3 2 9
3 1 1
4 0 7
3 0 5
1 2 9
3 4 3
1 4 4
5 8 2 1
1 2 8
2 0 9
0 3 8
4 0 3
2 3 6
1 0 1
4 2 3
3 1 2
6 9 3 5
0 1 5
0 2 3
0 3 1
3 4 5
5 3 6
0 4 10
1 5 2
2 5 5
2 4 3
5 7 3 2
1 0 3
0 2 9
4 3 1
4 0 4
4 2 6
3 0 1
1 3 1
7 8 2 3
4 1 10
3 2 1
0 3 9
2 4 5
4 5 4
0 6 6
5 0 1
1 6 10
