1
41 286 6 33
26 33 8344
22 0 1595
18 7 537
30 11 5939
2 35 4992
13 10 6429
30 7 4634
22 3 2046
3 20 1734
33 22 8614
40 18 7228
28 0 5485
2 26 4050
27 7 2648
2 20 8274
29 5 9091
30 14 6973
8 12 7371
29 24 4947
36 29 3551
9 14 7064
9 36 7175
14 36 3649
2 20 7385
40 19 2302
19 9 7826
40 36 3161
36 38 9017
20 3 9902
15 13 3238
25 38 3002
28 17 6390
23 22 8536
39 1 2570
15 6 27
36 20 3855
38 33 7396
18 6 8028
38 8 4453
35 10 4332
29 14 3727
8 26 1947
26 17 4280
34 26 4025
38 27 2385
23 2 3008
16 5 3688
16 40 198
10 21 5068
37 7 1207
0 39 4758
38 4 6198
3 7 9779
32 37 5554
36 21 8336
5 40 2770
27 16 8592
14 38 888
18 27 662
8 35 2224
18 3 3943
9 27 2381
11 15 7333
12 15 9291
24 30 678
29 27 8839
18 32 5023
7 30 7833
12 3 74
26 33 1314
12 3 3076
17 9 5510
20 21 624
30 25 1744
35 40 2583
5 17 6007
19 31 678
14 9 340
7 33 4453
23 4 1304
24 8 5035
35 13 2046
31 6 2475
2 7 7405
2 25 7556
40 24 8274
36 21 1100
16 24 7328
8 9 3741
2 20 2164
7 1 9296
36 37 662
7 28 1027
31 35 5338
23 24 8948
25 9 5435
35 29 6894
11 1 6557
40 25 7562
34 22 9462
30 22 8630
11 2 5718
33 9 7316
3 32 4616
13 40 5547
36 11 5061
37 33 7954
28 20 3869
36 2 6478
19 13 9053
39 17 6722
39 23 8109
26 24 1310
22 2 1884
32 11 7480
31 12 2248
29 8 7065
19 25 8918
18 38 8370
12 27 3217
9 0 869
4 10 8832
23 30 9048
33 18 8706
4 5 1718
12 7 7868
34 23 3757
23 6 7637
16 33 5546
37 28 4542
4 29 2799
28 16 5961
25 11 422
11 36 7085
1 6 8079
2 4 6790
3 24 6589
34 36 9859
37 24 715
7 40 7532
22 2 9652
12 15 4681
30 6 4022
34 36 3952
0 38 9480
31 20 7991
1 30 1434
24 33 9483
5 12 8713
14 38 8497
10 38 1077
32 20 6273
11 32 1357
36 27 5448
35 4 4658
34 20 9346
6 28 6772
5 17 3529
28 15 5713
30 26 6939
19 35 6878
29 35 5800
2 35 844
10 1 7259
21 25 460
28 35 1842
26 23 5587
39 17 8540
11 22 4614
19 28 1980
20 35 368
23 3 7939
2 8 528
1 34 5267
35 15 7293
4 40 1634
31 2 4739
8 23 2402
34 36 7928
26 11 892
26 17 2805
24 40 345
20 3 4001
7 28 6679
18 33 699
31 10 559
40 21 2564
14 20 2044
9 11 3564
30 0 1260
9 7 4299
14 20 4271
19 20 6714
13 31 8873
17 7 6878
2 23 7169
5 34 3872
22 25 8902
25 5 4520
24 26 4539
31 38 6472
8 6 6649
7 20 9100
31 7 8404
20 21 8562
29 18 808
10 33 7795
28 35 9168
12 0 3982
25 18 5071
0 11 2851
17 11 7363
10 1 7499
24 1 8656
28 29 6812
20 25 1793
35 2 7827
17 21 3877
21 30 5177
22 5 1224
10 2 5953
1 39 6536
4 26 3472
22 16 7429
0 26 2182
21 35 9243
2 11 8752
26 11 5108
21 30 6200
24 37 908
20 28 9529
6 23 3753
17 5 4118
9 16 9576
17 40 3868
14 39 1064
0 9 3719
38 10 7523
39 37 1071
15 0 2113
28 16 990
3 39 3284
9 32 5300
7 39 3188
12 26 3613
27 10 8433
9 21 6798
3 11 7367
27 9 8538
1 33 5749
39 27 4717
31 10 8071
6 32 1477
40 20 8791
27 6 412
38 4 4673
15 5 9825
21 19 6514
28 25 7432
19 39 7338
35 13 5005
18 25 2924
28 31 6562
16 3 6317
28 38 6134
2 1 2906
3 9 533
34 1 5741
32 26 549
39 6 1903
28 24 7631
10 25 7287
3 24 2588
10 30 1458
29 2 9702
13 25 3654
20 31 1560
34 26 4023
27 13 4486
31 38 7715
16 36 5563
20 12 7584
13 39 6400
23 30 367
22 37 7793
31 38 7706
