1
58 152 25 37
2 1 7318
2 10 9154
3 0 3031
4 10 4695
3 5 6789
6 7 8040
4 7 6915
7 8 2562
4 9 7813
10 16 3048
9 11 5564
13 12 7857
4 13 8659
15 14 6484
15 16 5632
16 5 6584
17 20 7851
18 20 4229
19 5 2396
21 20 8562
19 21 5816
21 22 4819
24 23 845
24 21 8742
24 25 5673
35 26 5860
27 26 1587
28 27 5654
29 37 180
30 35 2860
34 31 4692
5 32 1853
34 33 5411
35 34 2331
29 35 893
40 36 6446
37 32 2546
38 39 4045
39 41 8125
40 37 1214
40 41 2617
43 42 1061
40 43 3017
46 44 4833
45 46 9960
37 46 1260
47 48 7378
51 48 1401
49 51 7373
51 50 8365
51 32 7591
52 3 5790
3 53 3466
54 53 5401
55 0 6892
56 55 7093
55 57 2476
50 54 5224
36 57 1734
27 2 300
2 20 305
8 15 1180
24 56 4084
50 23 7100
39 30 7484
33 46 9252
30 44 7040
51 30 4023
12 54 7371
49 19 7882
40 54 9336
24 22 1603
6 54 7299
25 53 2984
1 23 2879
53 16 7369
45 14 3557
40 49 3328
47 38 5717
15 54 5683
41 51 9263
0 54 9249
50 29 18
9 15 8106
12 36 7411
33 31 6571
44 24 3681
40 32 5012
26 45 2315
55 27 5508
18 54 4086
41 52 6224
0 52 2596
3 20 8162
25 21 4655
29 54 1374
51 54 9043
21 27 9146
57 49 6387
56 25 1486
51 18 5835
30 7 2052
13 40 782
30 13 9881
22 15 5069
17 40 5988
52 5 4683
12 57 5380
35 22 4576
16 32 6609
2 28 9314
2 46 838
17 52 7367
31 21 2893
47 53 6619
38 8 9474
22 42 1024
49 42 2342
26 48 7510
24 37 8849
48 25 2724
54 21 1627
31 10 8622
9 21 1639
47 31 758
30 45 399
49 35 3218
21 49 6358
32 44 687
12 8 5843
14 47 8879
13 41 517
53 4 3706
8 20 81
30 27 2001
18 22 4067
53 10 6303
7 28 3057
9 20 1824
22 39 6107
41 49 5705
9 8 9955
34 54 6913
45 20 8057
24 39 8017
44 7 4623
56 40 5105
17 24 749
39 53 6917
28 24 8845
53 32 1608
5 1 4047
