10
6 14 5 1
1 3 8
0 1 6
1 3 5
5 0 7
2 5 8
5 0 8
0 2 5
0 1 9
3 2 10
2 5 6
0 4 5
4 2 1
1 3 1
3 2 3
4 15 1 2
0 3 4
2 3 3
1 0 10
3 1 2
1 0 8
0 2 10
3 1 6
1 3 3
2 0 8
0 2 5
2 1 6
0 2 9
3 2 1
0 1 2
3 0 6
5 14 3 2
3 0 2
4 2 1
4 0 6
2 1 3
0 4 5
2 3 1
3 0 5
2 4 8
3 2 5
1 0 2
1 2 8
2 1 1
3 1 6
4 2 10
5 13 4 1
4 2 8
0 4 5
4 3 8
2 0 8
4 1 2
3 2 3
1 4 2
0 2 2
4 0 9
2 3 9
2 4 8
0 3 9
3 1 4
5 11 2 4
0 1 4
1 4 5
2 0 1
1 0 9
2 1 8
2 4 4
0 2 6
4 1 2
3 1 2
4 3 8
4 2 2
6 11 0 5
3 0 3
3 0 4
4 1 4
3 4 2
5 4 3
1 2 6
0 1 4
1 4 10
4 2 1
5 4 1
4 3 10
7 12 4 1
3 0 7
3 4 2
1 0 5
2 6 1
2 5 8
4 1 5
0 6 8
0 5 8
0 5 7
4 3 5
3 5 6
5 4 9
7 13 1 3
1 0 2
4 0 4
3 0 3
5 4 10
3 0 6
6 5 6
6 5 2
6 0 7
2 3 10
6 4 2
4 6 3
6 1 9
6 2 2
5 14 3 1
4 2 8
3 1 3
2 1 6
0 2 3
3 1 5
3 4 8
3 1 1
0 3 8
1 2 3
3 0 3
3 2 2
1 3 10
2 3 4
4 1 1
7 14 1 0
3 5 8
1 4 1
6 0 3
6 3 8
3 1 1
2 0 3
5 2 2
2 4 8
0 1 5
0 4 1
5 3 9
3 1 3
2 1 1
2 3 9
