1
51 150 48 16
44 1 447
20 39 4125
24 34 1812
3 27 7160
17 42 9022
36 48 5843
27 23 2226
8 16 6841
6 31 1830
19 34 1706
45 23 4835
2 37 4145
40 38 8988
14 20 2036
39 9 3848
15 30 311
42 32 441
34 0 2352
30 15 5960
29 48 6028
1 10 5751
19 17 1436
12 9 7716
38 28 2965
18 9 3128
25 23 444
20 14 5128
47 14 3718
12 6 1783
22 31 2659
28 23 5531
2 4 3
38 24 3574
0 7 8540
44 43 696
1 12 3618
8 9 5932
9 3 8370
8 18 9481
7 16 5393
16 26 289
36 28 7617
26 1 9782
23 4 435
28 7 8677
24 20 9618
47 9 3587
48 5 6140
17 19 9602
30 9 909
15 43 3142
21 1 6155
9 11 4900
31 47 3866
48 21 9663
40 19 4554
9 11 9610
7 6 2503
1 9 4434
1 41 227
5 19 9688
46 3 4450
36 20 7778
30 38 7724
11 5 206
1 43 3190
9 36 4327
5 14 4055
9 33 3464
4 50 994
29 22 8044
3 23 7253
41 23 9409
19 38 5940
8 24 4361
36 32 212
25 28 1184
0 13 9567
2 44 5992
13 40 9885
17 25 9531
23 9 7675
30 43 1735
9 24 7380
50 11 1897
3 47 8606
11 8 8499
34 18 7367
28 43 2328
30 23 7682
25 35 2705
45 24 756
32 17 8690
46 5 2774
45 15 6609
10 43 77
12 7 4261
15 36 2813
39 46 5471
46 42 5928
6 48 2260
44 6 6098
36 29 8600
43 38 653
48 41 5375
37 34 6902
43 17 7393
23 17 5704
38 39 7882
9 18 2632
36 6 9128
49 11 6397
14 46 3595
15 38 5945
4 31 6199
10 26 3547
20 36 8709
39 12 1138
5 0 5068
7 37 4960
34 23 3212
44 12 6341
49 24 7337
17 37 8815
29 20 4722
0 25 9059
0 34 2280
44 33 9599
36 32 1157
24 49 43
2 5 1290
5 33 8137
29 5 125
24 45 6129
46 1 4896
30 0 3519
26 19 4848
5 17 998
40 9 2529
33 3 968
18 1 9104
50 33 224
45 25 5624
36 43 6253
44 21 1869
42 18 6335
45 18 8617
22 50 4174
0 31 6906
46 27 7598
