1
46 290 42 15
29 39 2224
41 42 8638
40 11 4849
35 37 433
14 45 3251
41 3 6917
39 15 6002
24 14 9145
45 16 9768
32 43 6259
5 4 8147
44 21 6144
17 4 7460
19 23 8002
3 35 9500
1 41 7234
23 32 5561
17 6 892
15 19 3207
35 7 7641
5 22 3916
10 4 2314
4 29 6114
33 39 2805
37 40 6621
45 2 7247
7 12 8487
21 22 6567
2 32 5403
42 19 7724
38 20 5827
9 41 4258
28 4 4063
36 29 1004
42 5 2648
40 4 4584
32 3 7243
25 42 8114
40 32 5272
19 11 3309
38 45 2578
41 8 772
25 34 1268
18 40 7672
30 28 3719
26 20 28
20 11 9128
34 8 2168
6 42 688
23 1 9508
11 13 2195
35 45 5362
16 28 1787
1 13 2323
5 12 291
9 25 2379
18 36 1181
15 45 2496
21 29 2372
21 38 7108
35 26 3827
4 21 3973
5 14 9203
41 25 5533
24 32 740
9 33 9022
28 42 2798
21 10 4409
35 15 8400
36 38 6917
28 39 3763
3 27 5368
43 32 736
14 31 9979
39 2 4753
28 15 2422
3 14 9515
18 3 2853
3 41 3955
10 18 9799
17 25 4202
21 45 3671
14 11 7340
35 31 6089
36 45 3328
11 27 2132
9 38 3895
9 1 4436
36 3 7407
37 12 3307
14 40 8650
19 35 7556
3 43 677
10 5 7686
1 20 6166
8 20 3473
26 21 7937
43 3 3472
17 18 8780
10 6 5004
16 26 6373
44 38 8507
22 16 8306
30 37 934
36 38 1227
41 11 6487
13 4 3494
9 35 7812
45 10 3124
22 43 6540
9 38 8766
0 9 4545
17 15 966
17 39 2825
32 34 5036
43 17 4636
5 32 5228
16 5 493
30 45 8622
28 41 7545
33 30 7366
15 3 8036
38 15 7538
39 21 1634
42 39 5271
36 14 816
18 12 8100
6 35 2820
35 32 1690
20 11 1660
37 20 9263
32 4 9633
14 32 2052
35 16 7371
28 42 9173
26 45 9887
14 41 4336
32 15 6534
13 19 4769
14 30 68
37 34 591
37 23 1184
21 45 7772
24 4 4239
35 24 1656
19 44 3819
4 33 8714
24 19 4542
10 3 7573
45 36 3005
11 38 5546
30 29 922
13 23 6015
11 43 1085
8 12 4157
4 9 8734
23 31 7700
7 5 4534
17 1 9731
36 39 9836
13 8 2862
18 0 8507
14 33 5880
21 16 2735
42 21 6206
15 37 4083
39 34 1511
7 34 7488
19 34 1808
17 37 9315
29 33 2247
40 30 1053
12 18 622
26 14 9526
19 6 5843
24 38 1082
35 4 8658
31 6 2126
30 32 2050
25 21 1827
23 44 9700
41 35 2131
26 31 1991
21 31 4839
30 1 2491
21 10 8514
36 1 101
28 5 324
8 31 5502
16 40 6505
30 44 7549
13 26 2180
41 2 3470
16 13 2279
18 0 2696
8 45 5894
10 45 2139
35 41 5848
38 9 5360
6 4 966
6 40 6755
0 12 4205
32 31 2800
26 39 7709
34 36 38
6 5 5038
31 15 7776
45 12 9719
17 8 621
43 8 7565
12 31 278
22 31 2654
41 45 6441
2 5 3107
29 32 4800
4 15 84
7 44 8439
42 36 7515
44 33 5990
20 31 1000
14 13 4319
43 21 3302
36 29 4185
6 44 4695
36 5 2978
42 37 2598
36 14 1028
13 11 5419
14 26 6140
39 24 9869
18 31 131
14 32 4879
41 37 6256
31 4 5548
45 40 5937
33 41 1713
14 11 3213
39 15 3591
4 7 7568
21 33 8080
27 18 4863
31 14 2289
43 39 9686
2 33 6416
22 15 8305
21 10 5227
14 44 4353
15 10 9580
28 36 6062
37 27 1885
13 4 8622
26 34 6074
24 14 6730
6 44 971
7 3 7587
6 22 4440
45 43 8017
45 3 8478
8 22 6202
36 29 8258
26 7 5394
18 12 4760
33 32 8292
10 27 164
39 11 950
39 29 241
30 23 7036
39 31 3564
22 45 6606
23 40 9690
12 25 998
34 20 1880
18 40 7988
40 11 1007
1 15 750
6 29 5164
14 21 5862
12 16 5792
27 39 772
29 45 9896
40 14 4127
32 33 3615
34 13 7690
35 4 2114
44 8 9042
25 9 5707
36 19 7757
39 28 1048
24 36 7445
35 30 8711
