1
45 106 40 17
43 7 8627
9 36 2328
0 26 6712
15 12 7305
35 17 9322
4 20 9083
26 29 4400
5 14 3554
6 34 3752
17 41 7359
18 30 2377
37 23 5418
27 42 901
4 27 1938
32 17 2710
19 35 9098
22 13 5169
15 31 9873
35 39 3121
8 35 2811
28 8 4807
23 40 4766
33 3 3181
30 41 575
21 38 4738
24 16 6421
28 31 2417
18 7 5585
32 33 9326
15 8 9520
43 8 2958
21 12 7094
19 3 1200
5 8 9674
40 9 6145
3 26 2023
42 5 2319
35 31 4022
5 40 3233
33 19 9626
22 11 3969
42 9 7630
18 35 1828
22 31 9046
3 23 2974
40 29 3085
3 9 3521
29 25 2553
41 16 1555
26 14 7826
6 24 2591
40 39 1773
18 2 6791
4 37 6034
17 33 356
39 20 922
19 22 9622
4 9 3315
43 5 4961
22 43 7156
17 20 4833
23 18 3513
44 39 377
29 24 5405
39 13 6844
27 42 8856
40 30 8532
0 21 1696
30 39 3628
8 34 79
31 37 8432
12 21 7218
27 24 1947
6 7 3625
7 6 4253
10 18 3188
5 38 2144
0 9 2050
5 33 9935
39 11 4559
13 39 5121
15 13 6176
20 37 9886
41 2 7927
4 3 3943
21 7 4672
27 39 2668
17 5 4935
19 21 5518
35 37 392
27 5 9880
3 7 6597
4 17 3480
20 18 2623
9 7 8056
31 38 9285
43 31 8374
39 16 6069
6 1 5902
23 14 3646
15 30 6779
12 24 4084
19 27 9766
21 39 5832
33 1 9539
44 1 148
