10
4 15 3 0
3 2 9
1 0 9
3 0 2
0 2 10
1 3 9
2 3 7
1 2 5
3 0 10
2 0 4
1 2 1
2 3 8
3 0 7
3 0 5
1 0 7
3 2 2
5 11 0 3
4 3 2
4 1 10
0 2 5
4 0 1
2 3 7
3 4 2
1 2 6
1 3 6
4 0 5
0 1 10
4 2 3
7 15 6 3
6 5 10
3 2 10
0 2 3
5 4 8
2 4 4
3 2 2
5 6 1
4 1 5
2 0 8
1 6 6
0 6 3
5 4 6
2 5 6
0 3 4
2 1 9
5 13 0 4
2 0 1
0 1 3
2 3 4
4 1 7
3 2 3
2 0 10
1 4 1
3 0 2
3 2 6
1 0 5
2 1 10
4 1 10
3 4 4
6 14 1 0
2 0 6
0 4 2
2 1 6
5 3 9
3 1 3
5 3 5
3 5 6
2 4 2
1 0 7
3 0 4
1 3 2
1 0 8
2 1 2
4 0 10
6 12 1 4
4 5 4
0 2 6
4 3 3
4 1 9
0 5 4
2 3 4
1 2 9
4 5 1
1 0 10
1 5 5
5 4 2
3 2 7
7 12 1 0
3 1 6
5 3 1
4 5 10
1 3 1
3 5 4
4 1 7
0 5 3
3 0 10
2 5 1
2 0 3
4 6 1
4 0 8
4 15 2 3
1 3 10
0 1 2
1 3 7
2 1 10
1 2 7
0 3 3
0 1 9
1 0 6
1 0 8
3 0 4
0 1 5
0 3 7
3 1 2
3 1 1
3 0 9
4 13 0 1
1 2 3
1 0 4
0 1 8
1 3 9
2 3 4
2 1 7
3 1 3
2 1 5
3 0 2
3 0 1
3 0 3
3 2 8
0 1 9
6 10 2 0
2 3 4
0 1 1
1 5 10
2 0 4
1 4 4
5 2 9
5 4 6
1 3 9
3 0 4
4 0 4
