1
56 180 37 14
51 15 6361
23 42 5663
29 3 5775
27 42 9303
52 4 3069
1 37 655
9 26 7531
3 31 1767
26 55 1048
39 0 2052
34 53 7621
18 8 5737
51 49 7209
20 11 7350
36 38 9869
36 27 9221
20 49 3202
38 50 2461
45 49 7288
44 21 7219
9 45 7900
3 37 1540
49 48 6373
19 0 605
44 23 4852
54 52 4420
20 50 3892
0 13 9494
21 0 1641
21 18 4132
55 52 4208
47 26 9258
47 19 1017
50 24 2726
38 45 2295
48 23 2241
6 55 2798
22 8 5797
20 16 3414
39 53 7163
12 27 2357
11 50 3798
2 41 7123
43 9 2968
0 38 8871
44 5 2053
36 6 1259
1 44 5063
18 29 1743
19 5 7130
53 9 9991
36 6 5582
22 37 391
40 14 4467
11 8 5954
32 2 3109
54 41 2308
16 3 1613
51 29 1018
38 39 1578
45 46 7068
31 45 7644
20 53 4610
23 29 7597
22 47 4082
32 52 1629
10 53 3021
43 17 7541
24 32 1387
36 14 2399
50 38 2179
43 33 1856
55 13 785
36 10 8852
18 15 5685
28 41 6446
3 18 793
52 39 7839
16 44 336
14 16 8694
14 54 3924
5 12 3409
52 3 4488
25 4 3164
13 55 853
41 43 5831
4 28 6499
49 16 4765
20 50 1487
5 12 4040
0 12 1502
2 47 2108
49 26 3553
15 55 9240
54 39 3620
53 21 3547
27 15 2179
51 54 4676
26 35 947
44 55 4035
25 45 6295
55 41 4833
8 6 4656
23 55 6157
34 15 5427
36 35 9477
10 46 6806
0 36 4215
13 2 9552
11 20 7863
46 23 3357
53 19 5147
49 2 4541
17 49 9886
11 41 4347
13 28 1071
29 53 6829
3 40 8969
1 11 4742
37 42 406
1 34 9295
20 4 7562
40 39 1256
47 3 3163
37 17 410
45 53 3084
25 29 3664
38 30 9710
50 8 4413
14 13 5691
43 18 3900
25 11 7173
48 54 1768
13 36 7489
46 14 3589
23 53 5372
42 11 6329
47 43 4810
18 14 5467
48 52 6955
25 6 8902
35 7 4773
38 47 4612
19 7 637
26 16 6200
50 14 2130
53 18 9588
43 18 5589
47 39 7228
41 30 8813
49 52 6155
32 51 6590
54 29 260
46 40 10
25 11 2405
31 24 3111
53 41 7332
47 27 844
9 42 6644
7 43 3480
48 38 9971
4 11 7801
12 15 9795
43 24 9434
46 34 8701
51 11 9771
29 13 4915
22 55 7933
37 20 2777
17 54 2037
7 28 3386
26 14 2794
39 15 9199
46 25 6202
49 33 2764
37 51 1471
30 35 6982
27 52 8013
35 27 9615
27 53 6508
