1
44 108 35 30
14 9 9887
28 17 1877
9 42 7240
7 11 6738
33 36 180
40 12 6367
10 11 4226
6 22 4966
36 31 1962
9 29 8345
13 42 382
24 10 8828
31 41 5681
9 21 5404
24 34 6647
10 31 147
28 22 1410
40 17 6325
28 26 8272
0 38 9245
3 35 4490
9 34 5244
3 13 7017
35 13 9153
26 9 362
11 2 1138
20 38 7712
26 34 3495
38 25 9007
7 43 6189
43 22 6412
28 15 4002
25 30 2481
37 21 9490
25 27 5169
28 40 1854
9 40 2147
16 37 9685
33 35 6131
36 34 7381
30 32 8398
36 13 8751
13 5 5505
21 10 2414
14 30 9258
8 32 708
17 15 8349
24 29 6401
13 29 1351
3 30 8020
9 35 6037
20 4 2993
13 10 1015
29 23 2178
5 3 3278
23 17 872
14 17 6440
14 0 302
29 42 687
29 13 3676
20 3 1392
33 3 98
21 14 1486
18 23 3902
26 8 2839
15 28 598
25 7 4812
30 31 1352
20 28 9635
42 34 6912
26 30 2309
0 5 5331
1 28 8662
36 27 2744
7 10 7167
7 22 6728
38 11 2930
32 10 611
41 26 8524
36 24 9949
41 40 6545
19 39 6844
14 32 2908
30 8 8740
13 42 2293
20 41 8818
33 43 4271
8 39 3845
1 28 7042
27 30 8365
15 8 4206
7 34 3939
43 26 5489
20 13 1542
5 28 4913
36 11 4792
43 6 9084
34 1 214
22 15 6778
37 38 5291
14 2 5941
19 8 2880
12 39 8682
11 10 381
11 28 4411
2 23 716
40 31 883
17 14 7780
