1
44 205 15 38
17 0 159
11 2 7979
23 39 9010
1 23 2055
18 12 2568
41 4 2244
20 22 2159
9 38 2683
18 38 3015
39 2 3951
23 30 338
18 43 1451
1 14 1000
39 3 1733
30 21 8747
32 36 5970
15 3 9389
3 20 6552
36 5 6344
41 0 3552
17 2 6611
22 21 3215
6 35 1569
8 17 8879
0 26 4473
33 10 3797
15 23 3682
25 31 5285
40 0 8716
0 30 5277
17 23 6064
10 27 121
33 26 8554
23 37 3088
12 33 5902
8 29 9262
27 33 7617
40 4 983
27 28 2556
41 35 3027
13 37 2280
13 5 1091
20 30 8393
41 31 2067
20 1 2453
7 40 4816
5 25 6266
2 29 1269
18 7 9433
1 41 1261
31 21 9737
33 39 3963
33 0 3079
22 1 4479
13 24 1805
26 37 6593
42 17 2486
1 17 5993
38 5 4342
11 15 4992
24 22 9899
3 31 7695
16 21 3663
23 16 8940
12 8 4237
32 25 1534
29 34 8179
14 29 334
37 2 886
27 19 344
20 17 4961
31 12 440
8 32 319
41 14 6061
2 36 8133
0 17 6648
33 10 9619
23 1 2970
9 10 7560
36 23 6077
13 33 965
14 6 490
29 36 783
31 37 6221
10 9 7707
43 34 6616
11 38 544
35 19 3971
20 43 17
39 23 4081
32 5 7534
30 35 8666
31 9 4533
19 20 8581
3 21 4115
34 6 8608
13 1 7788
6 17 7958
2 3 8294
43 12 4259
14 3 4685
3 31 1828
22 15 1681
43 38 8021
28 16 405
39 20 6817
4 23 239
12 28 3008
14 16 4934
40 27 3664
9 42 7518
3 33 8395
31 24 2032
3 30 2023
21 20 2156
24 25 8494
9 18 4446
28 36 8601
40 16 4772
37 43 577
39 23 1574
37 5 8682
15 41 3359
42 25 8601
35 42 5466
13 18 4403
24 13 9640
35 19 2748
27 37 9432
18 27 3905
11 35 4586
16 0 1760
34 30 5409
35 4 4620
0 7 442
21 29 4110
29 38 777
13 42 9220
37 2 3172
27 4 8765
20 34 9115
41 5 2189
5 11 8268
16 8 5742
14 22 4285
39 37 4415
23 14 910
7 40 4118
42 15 4342
43 5 3019
25 38 6292
14 30 2338
0 11 9376
0 10 9646
23 15 8324
15 33 5260
34 21 7052
41 37 4231
15 1 5964
34 2 717
25 28 2997
17 37 7444
35 43 1476
25 2 9841
28 13 1011
0 36 4017
6 32 4802
32 24 8233
15 3 9620
10 0 4057
27 8 7878
16 41 671
35 17 3869
24 35 5784
15 30 4393
10 4 2500
37 23 1905
36 13 8411
22 42 6687
33 37 2004
41 31 611
5 3 412
32 25 6986
42 36 437
20 28 6414
7 26 2322
16 23 4889
15 35 3787
15 37 1740
28 4 9689
34 8 7451
38 29 6619
31 6 2663
23 31 5592
16 24 1939
24 42 1133
13 18 7699
18 3 3478
21 5 1852
17 6 6453
28 41 3001
31 23 9022
4 15 1401
32 14 1562
2 0 271
