1
51 283 50 7
0 1 9721
41 39 4576
5 41 2230
6 3 3896
28 23 1890
13 6 5038
19 8 6340
46 39 4587
25 16 7279
48 32 1945
28 44 3048
4 44 3820
16 0 7634
19 4 8013
20 49 5610
7 4 2617
38 0 5692
15 10 5334
24 22 8889
11 36 1953
13 7 4775
11 42 9303
27 20 8428
39 11 3121
18 6 3711
39 20 3586
12 11 8557
39 8 9809
35 13 3085
18 7 5645
32 19 8868
41 15 5444
14 36 422
49 9 1400
43 13 2329
44 14 1805
5 50 895
17 39 532
10 22 6548
41 7 6192
46 44 3788
22 30 4713
27 9 3199
50 11 3088
43 24 3424
47 30 1245
39 13 9334
47 48 7632
30 16 5259
26 44 9933
31 15 2915
5 7 7306
5 38 8249
37 8 6443
28 21 5219
33 31 2015
10 14 1278
9 23 7296
50 43 2771
4 10 1724
15 1 9772
28 23 4719
44 19 9386
41 40 6514
6 49 2544
23 26 461
5 40 9622
30 31 2301
10 15 9052
49 43 1597
49 50 7831
17 14 6157
5 34 29
35 15 5559
3 36 6485
47 16 7477
5 24 5104
46 45 6499
49 43 8626
0 1 7096
44 20 5067
14 44 7307
28 46 1015
50 46 7
29 20 2019
8 14 4264
25 41 3654
3 31 3896
17 22 9091
16 34 4267
1 7 8566
30 32 5868
25 6 9771
16 32 1775
23 22 1984
3 10 9431
49 39 9864
23 2 3469
5 28 4529
12 35 4855
30 9 3879
30 42 2606
17 20 2743
29 16 170
1 4 5512
47 7 5575
35 39 2267
12 27 6001
41 45 984
35 17 5831
24 20 6521
35 17 7334
29 12 7291
27 7 652
31 6 8169
15 21 952
10 6 309
18 47 3716
19 49 6324
3 2 2687
30 47 2987
6 1 3804
50 15 8589
40 30 4026
1 24 1939
44 31 6002
21 9 6635
30 3 8164
1 42 3295
16 22 3636
47 24 5895
8 15 1245
38 9 8495
5 34 7767
50 22 6708
38 48 8700
6 3 9939
38 13 1249
31 34 613
7 45 8131
18 21 8053
11 36 6335
15 13 1351
49 41 7579
49 9 5157
42 14 877
47 9 1586
31 12 643
4 10 7688
19 36 2382
18 10 2142
26 16 104
27 22 1189
39 5 9362
49 26 9271
5 40 5957
4 37 8915
29 16 5916
14 46 1217
0 38 7021
31 46 9541
41 17 5093
18 20 8351
45 4 2449
35 4 7335
5 36 3333
3 4 2213
12 19 2608
38 28 9297
12 36 9916
44 35 7653
22 20 7649
22 40 1655
6 8 2120
44 40 2459
36 25 530
31 33 6041
37 32 9496
7 40 2804
37 34 9820
24 46 5954
14 9 2257
27 29 4243
21 17 4154
10 3 1289
50 19 6562
13 21 3862
40 25 3619
44 22 1908
4 1 4197
19 33 9193
20 3 6727
20 23 1891
42 17 9481
32 9 8756
5 32 9129
24 27 5407
44 17 5387
49 21 2086
14 18 6108
41 7 9263
25 34 599
36 14 5112
44 14 4061
30 6 8560
4 26 8723
25 7 962
18 41 282
0 24 8546
16 35 8677
12 46 1040
12 48 7242
40 4 7655
7 31 4875
38 7 6994
5 29 8823
42 11 304
15 2 1850
19 31 9902
26 1 5525
41 35 437
25 39 7623
15 20 4314
0 14 8867
35 9 9910
28 3 7019
8 22 3901
26 16 3093
35 15 3374
8 7 1538
32 37 1887
26 41 4591
36 37 4920
34 48 2184
14 1 4629
19 31 6088
1 20 8465
1 0 1616
24 11 2400
31 45 5568
45 22 4964
41 36 4313
44 8 1061
12 50 9427
29 34 4963
41 32 6264
27 3 1145
7 18 1986
47 50 6260
48 39 3443
3 21 53
36 21 6320
38 27 687
24 18 1191
46 30 6777
2 42 4478
24 19 8137
17 12 866
24 41 7468
27 46 1838
3 6 3500
12 23 8947
5 1 3952
21 13 1683
7 26 5039
10 25 4806
40 30 7207
6 41 537
27 31 9738
2 33 2717
1 11 8374
38 21 8847
9 5 8708
9 37 8134
19 26 8167
50 33 6031
1 9 9107
36 49 7805
50 32 5254
22 0 9351
27 25 9728
48 1 3158
39 1 5826
