10
5 9 1 2
0 1 4
1 2 8
3 1 4
3 4 1
4 2 9
2 0 1
2 3 9
3 0 2
1 4 10
4 6 2 3
1 0 5
2 0 7
0 3 5
1 2 5
1 3 6
2 3 2
4 6 0 1
1 0 4
2 1 3
2 3 3
0 2 5
3 1 10
0 3 3
5 6 3 1
0 1 10
0 2 7
3 0 4
3 4 6
4 2 1
0 4 10
4 6 1 0
1 0 2
0 2 2
2 3 10
2 1 8
0 3 7
1 3 10
5 9 4 2
1 4 2
2 1 2
1 3 4
0 4 1
2 4 10
3 4 8
0 3 1
1 0 8
2 3 9
7 9 4 5
2 1 8
2 0 6
3 2 2
2 4 10
5 6 3
0 6 4
3 5 10
0 4 3
6 3 5
4 6 0 3
1 0 5
2 0 5
3 0 5
3 1 8
3 2 1
2 1 10
4 6 2 0
1 0 5
0 2 9
3 2 6
1 2 6
3 1 1
0 3 4
5 7 3 4
0 1 4
2 4 7
3 4 5
4 0 6
1 4 9
1 3 5
2 3 5
