1
50 190 20 9
6 46 5000
47 35 9680
39 4 2093
7 44 3758
35 45 547
1 23 7344
12 49 3164
3 49 2756
8 13 761
25 15 8829
48 20 8335
12 40 7155
46 26 9377
23 0 5134
43 35 82
19 4 8314
13 47 5820
7 0 7411
45 46 7681
20 15 9705
28 14 9816
32 10 8196
40 27 2299
18 22 3310
7 12 6746
10 7 69
36 8 9060
10 40 1525
40 43 4132
12 39 1511
44 20 1535
16 48 7868
17 33 8002
6 23 3499
28 29 4402
23 11 2370
3 49 8845
8 2 7053
0 24 1882
14 49 5815
40 11 7259
17 11 7978
37 26 9914
10 20 3547
3 7 5371
13 29 8117
44 16 8949
11 25 9106
9 29 8985
20 45 8593
9 3 676
35 26 329
4 29 1872
6 35 4479
15 40 8829
46 37 9963
11 40 2063
20 41 5911
2 20 6622
11 7 3019
6 48 3404
17 20 4907
23 3 3864
10 14 2060
8 41 1946
31 15 8213
1 22 9309
46 30 7147
15 35 8324
16 29 8581
12 45 8336
39 10 968
33 38 4914
36 45 8247
7 20 6
1 8 505
1 37 2602
3 43 3455
2 46 803
46 36 2836
24 42 8122
19 8 261
16 15 8480
33 35 1218
42 14 2232
34 3 556
9 7 7391
40 29 2104
14 16 4531
32 38 3854
9 17 1799
33 36 4333
34 26 1634
9 25 2740
34 19 5886
0 34 1804
0 33 741
32 37 4241
47 2 3218
31 4 397
26 2 2828
36 14 3533
26 8 8451
49 18 1665
29 30 2038
4 21 6866
49 16 6824
7 46 7333
35 22 4883
2 48 5628
29 37 9113
34 44 1695
4 40 2237
11 6 5701
21 22 5933
10 17 5358
33 34 9612
39 5 437
24 18 4637
6 8 3017
3 1 1342
42 32 7098
3 48 499
0 42 8945
8 6 7816
19 3 8894
38 49 6562
46 22 5977
32 38 3201
10 43 8884
39 49 9802
20 42 9363
2 10 8647
15 19 6472
38 42 7011
36 39 4333
17 22 2993
19 28 653
10 7 7886
30 35 2569
11 20 5813
48 42 8596
33 12 1566
11 43 7961
49 11 2328
28 24 8872
32 6 6247
10 32 7465
34 12 279
28 23 5921
1 40 644
24 29 7725
17 48 2955
0 10 8709
15 26 3864
31 4 1260
39 26 9726
15 7 7162
47 41 4731
14 34 2613
30 33 9465
28 35 8161
21 37 1835
16 2 8717
6 4 6581
8 44 2324
41 6 5465
35 48 627
4 41 7064
2 9 675
5 12 5839
16 38 6413
36 39 4797
40 16 6033
37 36 2167
7 26 9097
20 46 1457
8 37 1453
31 43 9496
25 35 8845
9 28 8462
22 30 6490
27 7 949
30 19 7040
38 8 894
7 39 5587
4 27 9779
46 16 6194
22 29 443
2 36 9425
