10
6 9 2 4
0 1 7
1 2 5
3 5 3
3 4 8
0 5 5
4 0 8
3 2 5
5 1 4
4 2 9
4 6 2 1
1 2 8
2 0 5
2 3 2
1 3 7
1 0 2
3 0 3
4 6 3 2
0 1 4
0 2 3
0 3 10
3 1 8
2 1 2
3 2 4
4 6 0 3
1 2 10
3 2 9
0 3 6
1 0 8
3 1 9
0 2 4
4 4 1 2
0 1 3
2 0 7
3 0 3
3 1 4
7 9 2 0
1 0 10
1 2 2
3 0 8
4 5 5
5 0 4
6 5 9
4 0 2
3 4 5
6 2 3
6 8 1 0
2 1 1
0 2 9
1 3 7
2 4 3
5 2 6
5 0 5
3 4 7
1 5 10
6 8 4 1
2 1 8
2 5 10
3 1 2
2 4 9
5 0 8
1 4 8
2 3 1
5 3 1
4 6 0 2
0 1 3
0 2 1
0 3 2
2 1 3
3 2 9
1 3 3
7 8 1 3
1 2 7
0 2 9
4 3 9
0 4 10
5 3 3
0 6 9
1 5 3
6 2 1
