1
30 30
80 96 10 26 41 21 75 21 74 87 88 71 71 26 78 29 90 13 38 91 30 11 10 23 51 96 100 77 57 78
36 18 70 73 40 7 51 7 68 50 83 16 50 35 58 86 45 56 83 53 7 78 88 66 21 78 73 22 86 98
97 22 16 47 44 5 51 81 98 30 13 17 19 90 80 1 58 69 17 2 10 30 61 97 37 0 61 100 48 2
6 7 52 92 24 97 55 46 71 34 24 44 89 91 14 77 66 91 97 67 25 39 22 59 23 23 16 18 60 40
43 63 85 37 8 32 2 23 91 57 3 93 72 100 100 75 10 20 60 75 37 54 34 35 70 23 87 71 51 100
29 87 84 12 73 98 90 60 51 72 94 54 1 37 99 31 88 48 40 41 11 66 37 83 7 58 94 6 69 51
70 72 80 60 85 75 85 17 41 16 68 28 32 97 25 94 100 58 81 41 80 55 85 49 95 56 29 43 43 9
88 3 10 11 99 37 90 91 27 40 36 80 99 71 60 59 18 0 58 12 44 0 35 69 17 61 65 83 92 96
96 19 88 2 13 31 73 84 21 5 18 27 79 4 20 30 38 9 87 59 46 25 85 36 100 19 94 71 48 96
6 80 81 28 90 3 62 34 75 40 81 80 63 54 60 38 86 0 99 18 19 66 27 46 22 91 39 7 1 2
81 29 19 98 40 95 7 28 30 61 71 35 13 69 48 97 84 39 41 55 96 87 41 45 86 23 10 33 1 1
0 30 33 24 26 24 26 51 10 28 88 58 41 12 7 91 69 7 56 3 85 87 82 94 29 8 13 77 97 74
94 95 54 77 97 13 86 69 59 28 64 58 46 68 93 44 40 38 11 66 31 46 40 9 56 30 64 37 27 39
98 100 97 42 79 26 27 34 30 51 78 82 54 19 55 93 94 98 78 89 64 70 54 13 90 6 11 68 60 19
9 94 1 50 50 29 26 79 85 76 39 34 17 11 18 31 28 90 96 89 76 27 66 52 87 62 42 44 81 41
8 84 52 71 33 3 54 30 84 4 12 40 61 29 66 4 95 88 27 12 7 17 99 45 4 51 78 40 24 7
67 66 88 13 20 43 82 30 70 9 13 57 76 79 38 60 5 61 6 26 95 79 94 12 29 99 48 23 9 37
30 7 37 86 81 34 57 30 56 100 88 15 66 25 70 78 61 30 8 31 45 16 38 56 22 39 43 45 91 94
76 42 15 90 99 56 29 34 98 48 62 32 87 42 25 82 5 55 22 35 42 30 85 27 61 7 22 16 7 46
82 23 10 2 77 86 98 60 10 35 26 47 58 73 7 36 47 63 58 45 52 68 55 51 51 33 8 67 42 4
25 82 7 39 31 30 91 28 67 63 17 64 14 71 11 0 93 83 33 99 75 80 99 76 94 50 58 79 46 81
66 67 43 72 44 92 16 29 81 14 93 93 88 44 59 45 65 62 77 99 69 58 16 38 62 34 53 16 92 95
55 9 45 74 3 68 46 20 55 24 86 46 65 89 99 11 63 73 37 43 76 41 51 23 42 2 10 91 55 80
99 43 92 87 53 44 64 4 67 79 78 91 98 57 16 82 78 96 48 70 39 46 78 33 80 100 29 54 81 63
41 50 84 88 8 15 38 49 16 78 5 39 42 59 40 46 50 11 32 5 67 0 18 72 37 86 96 63 8 6
2 80 83 73 82 61 52 79 26 4 69 28 39 87 84 40 66 17 46 46 24 60 32 41 27 72 78 31 25 62
15 86 50 7 93 13 69 44 99 1 5 78 71 57 83 10 16 88 9 6 43 59 32 39 27 51 24 20 23 46
65 76 53 36 70 11 83 53 100 60 61 76 38 3 73 67 64 78 69 41 87 36 22 92 77 15 13 26 25 29
24 1 35 72 51 84 34 59 49 5 84 60 62 24 12 29 22 83 95 81 67 10 10 77 10 29 70 60 60 47
5 5 91 81 97 37 94 18 73 33 55 8 32 77 36 17 35 82 72 76 61 100 79 73 46 81 52 40 84 40
