100
3 3
23 61 43
49 39 40
98 8 65
3 3
20 99 38
80 2 63
11 33 57
3 3
66 33 32
7 35 63
5 57 57
3 3
4 1 20
73 6 69
93 48 100
3 3
9 27 49
92 68 30
79 26 77
3 3
73 76 62
54 56 80
87 49 100
3 3
71 60 46
99 28 48
68 1 64
3 3
68 36 4
88 85 91
95 14 66
3 3
60 12 75
50 38 59
20 67 14
3 3
92 1 92
18 31 26
100 39 69
3 3
57 18 17
49 20 15
82 6 68
3 3
18 42 50
43 29 21
24 50 81
3 3
97 99 33
74 34 60
40 34 50
3 3
57 56 49
54 54 65
19 69 90
3 3
42 71 47
6 44 5
85 84 77
3 3
98 79 84
21 90 99
8 62 79
3 3
73 66 85
57 89 48
19 37 70
3 3
46 16 21
21 44 11
97 82 56
3 3
75 80 25
8 58 83
65 97 78
3 3
8 37 51
6 6 20
46 19 53
3 3
84 73 82
16 28 56
89 71 37
3 3
41 20 96
48 60 42
93 69 32
3 3
17 51 95
2 75 10
43 41 0
3 3
1 56 52
13 52 8
97 69 71
3 3
31 25 50
97 79 73
71 81 19
3 3
14 57 8
82 66 26
43 58 50
3 3
100 56 91
69 90 30
70 62 83
3 3
25 58 33
30 74 50
48 6 47
3 3
74 91 27
32 77 19
48 47 57
3 3
10 55 2
34 81 54
12 37 24
3 3
26 69 18
92 64 57
99 7 47
3 3
93 42 67
69 16 6
3 41 100
3 3
71 42 69
7 69 0
34 29 36
3 3
60 90 89
79 67 83
80 26 69
3 3
52 37 89
88 15 21
27 38 58
3 3
66 36 19
66 7 3
52 92 74
3 3
39 63 5
84 0 15
56 61 99
3 3
30 53 38
5 91 69
67 9 75
3 3
99 72 14
4 95 72
16 3 47
3 3
76 82 66
80 93 24
34 23 73
3 3
58 54 8
39 14 52
30 83 92
3 3
44 91 92
27 40 68
70 19 18
3 3
73 37 98
64 36 38
77 70 83
3 3
97 74 95
9 85 70
48 35 88
3 3
85 31 27
82 9 45
92 16 55
3 3
29 76 34
11 96 52
88 34 24
3 3
91 3 76
50 51 82
79 70 94
3 3
68 29 51
90 35 48
11 16 75
3 3
80 86 55
49 8 84
7 89 48
3 3
63 99 2
32 28 57
56 53 9
3 3
82 52 65
12 91 15
59 20 45
3 3
44 70 59
11 51 17
79 54 61
3 3
93 96 93
91 12 77
71 57 40
3 3
88 29 63
14 86 31
76 23 73
3 3
83 9 17
18 97 8
45 81 38
3 3
11 21 62
91 23 59
63 84 71
3 3
50 47 67
66 87 59
12 68 58
3 3
19 93 2
35 42 12
37 50 27
3 3
100 85 12
32 74 56
7 99 50
3 3
56 96 86
26 6 7
22 80 88
3 3
67 76 93
27 74 21
42 76 42
3 3
25 64 34
68 20 38
14 94 82
3 3
45 68 18
40 57 5
96 49 16
3 3
54 23 42
28 17 85
25 28 99
3 3
68 63 28
15 90 81
22 67 58
3 3
51 98 16
9 79 81
87 60 3
3 3
59 89 87
44 30 28
3 86 50
3 3
40 83 54
6 16 79
37 21 80
3 3
49 34 31
26 13 59
29 37 78
3 3
0 74 64
39 8 38
58 16 73
3 3
11 66 87
83 74 4
48 24 29
3 3
44 70 64
33 47 60
9 54 55
3 3
8 41 93
23 11 3
42 67 37
3 3
88 89 20
3 31 8
5 78 7
3 3
82 48 96
82 58 37
69 14 51
3 3
40 98 61
90 53 18
31 99 5
3 3
61 79 1
44 45 33
99 56 65
3 3
82 24 44
57 42 21
74 19 76
3 3
33 86 43
91 41 38
34 93 14
3 3
22 33 51
70 29 71
10 81 61
3 3
34 59 10
44 77 99
53 81 45
3 3
40 30 70
80 80 16
56 98 38
3 3
39 15 9
35 31 69
12 11 55
3 3
23 81 59
24 97 62
93 11 61
3 3
49 90 51
45 36 60
88 23 34
3 3
4 46 72
8 24 35
68 96 32
3 3
70 24 25
24 82 33
41 8 83
3 3
6 66 83
99 52 75
58 18 76
3 3
80 73 22
20 66 85
94 56 84
3 3
7 57 81
69 92 49
94 55 53
3 3
74 91 74
46 53 43
14 53 17
3 3
35 91 88
85 45 20
76 29 71
3 3
11 100 12
31 18 33
23 51 61
3 3
21 36 1
98 39 82
0 95 88
3 3
63 72 94
69 31 99
43 25 20
3 3
17 32 16
97 70 28
14 19 20
3 3
62 14 91
95 25 69
18 36 97
3 3
95 14 8
11 14 83
18 73 63
3 3
86 78 25
84 96 64
58 92 19
3 3
32 5 24
65 71 82
26 34 96
