100
3 3
37 18 94
99 99 46
85 81 73
1 9
51 98 72 100 4 27 43 74 100
3 3
29 64 14
82 86 79
78 63 67
4 2
60 14
84 35
62 6
28 75
1 9
51 63 5 96 25 38 99 52 8
3 3
52 57 44
5 65 61
28 36 38
3 3
80 92 54
11 93 98
47 84 3
3 3
29 74 78
24 48 86
91 62 83
3 3
70 94 26
42 70 41
44 100 64
3 3
99 91 20
89 48 86
10 59 2
1 9
66 70 90 68 0 46 66 45 80
2 4
87 70 5 95
84 90 2 31
9 1
85
97
26
88
57
74
45
87
98
2 4
47 58 44 100
53 0 59 31
3 3
31 85 86
40 69 4
26 80 63
1 9
31 62 72 57 24 37 30 69 54
9 1
66
60
65
14
96
58
41
57
73
2 4
87 11 86 15
15 20 66 56
2 4
17 57 39 14
79 25 39 33
2 4
100 36 49 2
45 81 96 63
3 3
19 16 22
9 21 34
13 33 99
2 4
47 49 19 99
100 51 35 18
1 9
14 99 98 23 65 68 20 70 69
9 1
72
62
38
72
7
19
69
27
43
9 1
14
9
9
21
61
94
96
26
30
1 9
75 66 97 54 11 29 95 26 46
4 2
60 32
69 44
32 100
23 98
4 2
10 52
3 86
64 70
35 75
1 9
94 95 1 65 55 13 2 27 51
9 1
68
25
23
66
70
15
89
100
48
3 3
99 78 46
49 100 6
62 14 2
3 3
74 55 55
87 0 79
39 19 0
4 2
19 2
9 12
57 21
35 66
3 3
43 85 40
74 10 98
79 97 60
3 3
23 93 86
95 96 37
34 36 43
1 9
53 9 6 15 52 87 81 88 12
3 3
22 72 72
69 44 31
28 26 40
4 2
24 97
12 83
75 19
37 2
3 3
59 8 11
46 19 44
43 74 50
3 3
56 17 72
11 0 16
33 87 93
9 1
32
35
62
25
65
50
39
72
42
2 4
67 92 61 65
62 74 75 70
3 3
63 94 45
77 92 66
85 8 31
3 3
66 97 69
82 92 44
76 37 65
3 3
28 9 14
51 61 2
100 58 79
2 4
85 89 63 59
95 77 67 90
9 1
100
83
48
83
14
29
8
65
11
3 3
52 99 28
84 45 82
52 13 89
3 3
9 9 59
81 61 52
1 96 43
3 3
45 22 91
62 70 30
20 97 12
2 4
22 3 21 51
8 10 90 6
2 4
97 24 53 62
21 74 23 97
4 2
23 24
73 58
39 100
29 60
2 4
21 72 61 75
66 27 25 86
3 3
67 60 3
81 26 14
14 6 11
1 9
34 80 81 97 14 55 47 7 54
3 3
35 73 9
72 29 71
98 52 38
1 9
58 48 20 55 82 28 57 84 70
9 1
24
49
86
89
67
3
52
25
68
3 3
68 33 35
90 60 36
51 5 19
2 4
75 91 40 10
1 69 50 20
4 2
2 20
32 50
86 58
32 64
3 3
38 59 67
11 72 67
36 39 1
3 3
94 44 51
23 6 17
77 80 97
4 2
64 32
63 67
92 40
34 25
2 4
90 79 38 42
31 67 15 7
2 4
78 34 65 76
40 47 1 33
1 9
57 7 35 34 43 45 1 37 37
1 9
17 89 81 67 49 31 15 44 41
4 2
30 38
52 42
72 65
70 84
2 4
56 94 81 69
57 17 61 57
3 3
75 7 37
51 41 75
67 22 71
9 1
46
67
51
33
73
71
40
88
90
1 9
18 48 67 19 65 85 46 40 65
3 3
86 71 69
69 43 69
21 23 21
9 1
72
33
94
39
1
24
21
2
70
2 4
67 65 86 55
78 100 85 44
4 2
86 41
42 86
46 68
31 55
1 9
78 14 56 74 85 47 40 57 90
4 2
96 61
78 12
60 5
1 100
2 4
75 6 32 57
75 31 42 88
9 1
81
65
40
47
97
60
3
33
5
3 3
13 27 2
44 33 28
86 97 59
4 2
50 54
85 30
50 44
40 71
9 1
19
37
92
83
58
11
45
80
44
1 9
40 40 95 47 60 85 92 15 78
2 4
80 37 11 26
2 5 53 75
4 2
84 86
50 79
70 61
34 1
3 3
76 92 3
18 70 1
26 32 82
4 2
53 41
21 96
40 88
68 93
2 4
59 70 3 78
30 18 18 27
2 4
12 0 41 89
55 75 29 11
4 2
37 16
59 50
82 59
16 21
9 1
41
37
94
99
15
13
81
19
80
1 9
15 18 71 14 52 21 8 40 39
3 3
100 44 51
17 52 55
92 55 65
9 1
2
89
90
32
95
42
65
95
4
1 9
100 19 75 51 93 64 11 67 12
2 4
53 34 33 37
0 22 29 42
3 3
52 87 88
80 88 51
52 73 89
