100
9 1
21
30
26
90
1
75
2
88
46
1 9
48 51 21 38 69 42 22 70 37
1 9
71 49 13 48 28 71 46 21 98
3 3
10 72 25
37 39 68
26 38 32
4 2
91 38
93 27
87 80
38 50
3 3
8 58 58
73 2 69
27 14 3
4 2
91 16
63 57
75 35
23 14
2 4
27 58 49 91
49 63 63 62
3 3
81 80 86
13 90 59
5 3 35
3 3
29 23 78
51 74 2
95 82 64
2 4
21 28 99 20
95 60 19 63
9 1
14
34
29
25
54
82
45
77
10
3 3
37 46 99
35 82 68
16 58 51
3 3
27 47 85
13 88 48
96 69 47
1 9
58 83 23 12 48 14 66 83 50
1 9
18 60 42 27 77 60 19 82 1
4 2
25 21
15 26
33 57
77 54
1 9
94 48 64 55 40 73 19 34 32
9 1
64
66
8
26
76
8
95
19
44
9 1
61
72
93
89
59
9
51
91
79
9 1
6
34
96
17
48
10
11
89
94
3 3
10 40 82
79 46 46
98 43 54
4 2
22 61
2 2
37 45
63 62
1 9
29 15 37 100 16 56 25 36 21
1 9
27 63 44 6 75 74 71 43 58
1 9
14 14 35 82 16 32 98 72 33
3 3
40 46 72
12 81 9
19 89 87
4 2
37 28
9 47
39 80
97 37
4 2
20 50
100 59
71 72
83 90
1 9
84 59 99 22 73 73 72 11 35
2 4
42 27 0 71
36 28 78 19
9 1
78
9
97
50
55
72
75
32
35
1 9
83 83 80 85 11 77 3 11 45
3 3
94 57 94
18 63 86
90 66 52
9 1
28
51
35
7
19
28
1
89
0
3 3
82 40 50
30 78 88
98 88 69
3 3
37 59 97
33 0 99
40 46 63
3 3
99 32 90
83 79 70
99 74 88
3 3
88 97 3
1 95 94
88 43 14
3 3
19 57 68
12 84 62
86 1 73
2 4
42 87 45 46
16 53 33 2
2 4
22 74 34 56
6 41 99 1
1 9
80 40 64 59 20 12 58 97 100
2 4
11 87 39 100
95 2 15 33
2 4
56 18 97 41
46 74 80 77
3 3
18 53 79
74 8 11
43 92 39
3 3
2 4 78
32 85 26
29 17 0
1 9
61 34 94 39 58 99 47 3 15
9 1
8
77
3
15
45
32
4
58
21
1 9
53 12 60 97 90 6 86 6 32
3 3
47 62 77
93 4 1
66 46 97
9 1
28
16
11
94
90
88
17
71
23
1 9
39 1 61 23 77 95 81 73 68
2 4
53 57 68 86
73 77 98 52
2 4
79 61 38 83
94 61 38 64
9 1
82
50
38
18
81
74
44
95
20
3 3
43 77 53
53 76 19
61 100 12
1 9
64 13 44 66 54 36 82 43 74
3 3
74 19 55
19 3 33
56 89 44
4 2
18 9
52 90
46 96
32 79
3 3
81 91 71
19 40 53
30 36 96
1 9
16 44 59 88 8 3 28 0 6
4 2
62 34
44 16
15 24
14 100
3 3
0 49 28
6 34 30
79 86 39
1 9
44 0 88 20 91 23 29 20 14
4 2
79 45
30 64
46 35
24 99
3 3
57 73 54
49 9 17
85 5 48
4 2
93 20
88 36
93 80
76 17
3 3
64 6 16
96 70 51
60 25 71
3 3
97 14 1
53 25 67
96 87 96
3 3
12 18 76
66 42 68
67 94 88
4 2
72 35
76 67
5 31
29 38
2 4
60 46 55 36
69 37 28 7
1 9
94 70 28 73 68 5 24 57 84
3 3
42 83 31
68 99 37
98 65 55
1 9
88 3 42 50 64 75 2 86 23
2 4
1 75 0 71
67 28 59 25
2 4
30 36 25 82
68 72 32 85
3 3
80 95 12
74 50 63
48 89 29
1 9
75 60 37 51 51 63 94 29 21
3 3
97 64 19
31 29 45
54 48 12
1 9
70 16 10 74 48 50 93 96 7
3 3
23 41 92
88 24 96
98 79 42
3 3
75 64 81
42 96 74
72 65 89
4 2
62 54
36 88
82 45
95 98
2 4
5 32 62 28
17 34 37 78
4 2
54 50
14 97
83 1
25 37
4 2
95 64
94 1
97 88
26 67
2 4
31 27 100 55
92 57 18 44
4 2
31 24
93 44
48 97
30 9
3 3
50 20 56
90 87 5
31 74 39
1 9
54 59 91 90 11 43 34 23 28
4 2
100 97
7 60
23 18
64 22
3 3
25 72 36
95 97 2
40 74 43
9 1
90
62
34
59
49
64
54
96
93
3 3
47 36 13
83 82 99
76 18 14
3 3
39 83 41
48 72 5
56 34 32
1 9
29 55 11 40 60 89 6 46 4
9 1
66
7
41
60
53
1
100
45
79
2 4
92 20 4 8
100 54 13 36
