100
1 9
35 30 7 7 23 42 10 2 14
1 9
97 42 22 52 11 9 70 97 19
1 9
80 58 11 77 48 65 89 13 23
3 3
40 90 51
22 16 99
55 97 25
3 3
99 44 1
38 10 70
6 10 8
9 1
41
72
87
9
6
47
82
5
83
1 9
14 85 6 38 64 77 13 27 84
3 3
66 30 55
38 94 91
98 17 42
3 3
24 30 12
61 100 21
0 43 56
9 1
87
75
15
52
79
25
84
96
46
3 3
87 100 85
40 40 26
97 91 6
3 3
68 33 33
100 39 66
94 0 67
4 2
47 95
69 26
0 19
78 51
1 9
93 27 53 28 58 90 10 35 67
9 1
39
81
97
66
19
59
40
68
42
4 2
20 7
89 69
37 64
13 77
3 3
69 27 24
46 24 63
67 90 74
4 2
2 38
65 79
64 25
41 100
3 3
86 17 87
84 19 12
42 51 41
2 4
0 53 89 28
81 29 6 19
9 1
98
75
88
56
81
27
60
44
19
2 4
14 85 29 0
12 91 34 21
3 3
32 10 5
5 64 17
90 28 30
1 9
30 31 49 8 1 93 9 94 81
2 4
84 5 6 64
30 32 17 29
1 9
1 54 66 95 69 6 84 78 17
3 3
45 76 64
13 0 29
97 55 40
4 2
4 59
83 66
8 86
69 87
3 3
12 64 81
89 93 57
65 23 7
1 9
91 77 6 54 73 74 4 78 10
3 3
40 59 93
44 53 96
60 13 34
3 3
75 12 92
93 43 24
0 80 17
2 4
23 77 92 51
68 96 63 17
9 1
52
55
22
84
24
0
82
94
56
4 2
25 2
74 2
9 4
56 18
3 3
43 24 98
14 46 94
11 79 20
4 2
1 45
88 55
42 29
7 50
3 3
97 22 78
5 66 67
93 87 13
3 3
85 77 15
58 23 47
98 63 58
4 2
27 73
21 65
34 78
30 6
1 9
26 50 38 1 94 18 79 39 40
2 4
72 59 1 36
50 83 76 78
4 2
41 13
79 72
44 7
3 6
3 3
85 66 82
21 78 93
73 21 27
9 1
32
60
45
62
59
97
94
46
51
2 4
77 30 69 66
20 66 71 82
3 3
55 68 87
65 96 1
99 69 50
3 3
78 26 15
14 57 60
45 73 58
1 9
32 8 56 22 11 82 20 25 21
4 2
89 13
57 60
90 73
17 82
4 2
83 20
95 0
16 23
64 38
9 1
37
82
100
61
0
69
48
78
7
3 3
21 10 100
88 71 43
0 34 89
1 9
75 68 70 51 69 17 9 28 88
2 4
51 79 6 66
34 44 92 51
3 3
100 29 62
56 14 81
68 30 14
9 1
70
11
54
19
10
16
54
44
22
3 3
11 63 88
93 93 74
45 100 34
4 2
73 1
57 40
41 60
45 99
9 1
7
10
43
43
63
74
36
70
31
3 3
53 17 52
37 31 18
73 74 49
4 2
67 91
77 78
90 32
55 31
9 1
67
44
30
9
33
1
43
55
79
3 3
32 64 15
97 59 13
5 25 55
1 9
51 79 70 2 60 7 27 14 97
3 3
84 14 94
60 20 14
79 62 0
9 1
23
80
54
30
99
45
98
91
54
3 3
31 51 36
35 46 54
60 82 70
2 4
27 8 86 85
3 100 95 15
9 1
6
48
98
20
56
34
14
83
31
9 1
73
15
57
47
72
6
68
72
18
4 2
64 91
5 1
47 12
50 75
4 2
25 56
17 36
59 78
62 23
3 3
98 71 13
85 38 60
34 68 97
2 4
73 93 81 29
83 67 51 89
4 2
99 68
96 44
92 15
72 31
9 1
13
68
32
14
57
71
28
49
73
1 9
77 47 45 31 62 10 78 73 6
3 3
100 58 90
44 57 36
61 55 64
3 3
14 48 96
93 99 24
53 72 37
9 1
20
58
20
59
17
9
49
37
41
1 9
71 40 69 54 37 32 24 71 55
9 1
81
21
98
32
49
28
63
90
53
2 4
76 96 9 6
94 4 22 90
2 4
98 68 98 75
78 23 71 46
2 4
73 92 9 29
27 27 50 80
3 3
9 70 63
64 24 48
81 82 18
2 4
24 5 4 67
49 53 25 67
4 2
98 19
28 70
89 7
47 69
9 1
40
42
6
73
11
8
86
76
42
9 1
99
20
63
15
88
77
4
21
30
3 3
85 8 82
0 40 40
18 79 7
3 3
58 59 38
52 11 93
76 0 78
2 4
77 38 49 79
91 39 42 97
4 2
23 93
35 53
41 56
42 36
2 4
29 67 85 9
20 49 74 94
3 3
2 39 2
36 90 28
82 80 3
9 1
89
31
5
91
4
30
69
69
44
1 9
23 69 19 28 63 91 62 89 61
2 4
44 10 14 90
65 15 82 17
