100
1 9
82 63 94 14 90 18 26 41 66
3 3
36 55 36
45 11 85
29 26 24
1 9
74 27 0 89 97 37 70 61 48
3 3
11 56 75
68 69 26
30 97 70
1 9
43 84 27 50 47 53 75 45 100
3 3
15 91 21
59 97 61
95 78 12
9 1
41
15
26
37
50
77
5
37
5
9 1
80
37
81
80
57
47
74
36
56
2 4
42 74 12 66
88 0 29 47
3 3
87 16 38
73 41 46
75 42 71
3 3
70 23 94
29 63 25
5 84 77
4 2
98 66
16 90
47 68
38 97
3 3
98 0 9
89 83 90
70 65 81
4 2
37 30
37 79
66 0
86 21
2 4
79 83 77 9
35 28 49 70
3 3
3 33 94
18 39 67
96 66 51
3 3
70 40 5
31 66 96
83 64 1
1 9
86 36 13 35 27 95 45 11 4
3 3
15 40 61
87 38 0
85 13 5
2 4
3 34 83 95
89 18 69 8
2 4
74 48 37 81
24 74 93 24
2 4
50 39 15 37
9 42 86 12
1 9
19 34 38 27 100 9 35 86 41
4 2
57 76
90 10
94 15
78 16
9 1
89
6
83
43
36
7
59
89
78
9 1
11
45
80
81
26
44
24
22
14
1 9
59 37 41 30 53 15 93 7 62
4 2
55 53
86 21
87 55
30 85
3 3
79 49 91
26 30 45
81 72 80
9 1
87
10
68
77
21
80
88
72
55
4 2
94 33
72 54
93 9
15 97
3 3
27 7 92
69 42 94
98 0 19
4 2
73 44
76 62
73 75
44 26
3 3
74 54 82
28 69 83
98 68 88
2 4
82 5 84 81
56 41 17 53
3 3
0 14 6
43 22 85
41 75 25
9 1
86
43
70
55
90
57
52
62
58
3 3
87 61 23
50 65 96
28 60 77
2 4
40 88 92 84
73 21 54 46
2 4
59 31 31 83
16 33 43 65
3 3
87 70 35
25 61 80
12 96 77
4 2
94 70
36 35
18 92
57 43
3 3
29 82 17
10 28 83
14 7 52
9 1
93
27
47
61
41
8
57
99
51
3 3
35 88 23
16 14 6
40 34 15
9 1
65
50
23
31
27
67
29
26
13
1 9
49 21 19 85 32 5 46 89 6
1 9
10 90 60 64 42 54 78 87 46
3 3
43 21 28
54 99 18
70 40 65
2 4
71 5 11 99
62 69 69 71
4 2
80 4
76 56
14 86
6 37
4 2
84 95
41 11
66 44
34 3
4 2
69 68
43 81
6 11
70 64
9 1
38
53
68
84
97
54
78
23
31
3 3
89 68 26
65 15 44
99 36 9
4 2
7 87
77 96
94 83
41 63
4 2
85 25
59 55
35 30
57 41
1 9
49 77 2 13 14 89 93 81 27
3 3
100 72 25
25 12 45
61 27 2
9 1
67
97
9
5
22
68
85
54
93
3 3
9 40 40
44 22 0
42 99 53
2 4
44 32 64 30
47 36 44 32
9 1
19
73
45
79
21
12
73
2
15
9 1
17
76
64
38
46
76
2
68
94
4 2
17 30
78 19
14 71
48 67
3 3
37 88 32
33 71 33
51 73 60
4 2
58 78
25 54
61 91
3 80
3 3
38 13 54
85 27 48
8 15 57
3 3
5 70 13
54 89 77
27 68 67
4 2
40 35
69 83
47 65
32 21
3 3
64 84 28
30 68 78
4 84 17
9 1
27
42
8
34
33
34
71
56
30
2 4
97 7 33 49
1 3 23 29
3 3
90 75 38
66 73 16
13 37 30
9 1
52
66
34
27
80
55
49
93
68
3 3
31 87 44
88 17 67
62 12 63
3 3
31 84 17
62 40 58
7 72 2
9 1
52
77
47
5
37
18
11
20
95
9 1
33
7
14
1
0
6
84
83
35
1 9
45 8 81 65 41 45 61 1 5
3 3
15 38 12
67 81 18
41 86 56
1 9
98 63 64 86 61 69 65 10 60
1 9
24 39 32 7 85 6 14 92 26
4 2
62 69
25 52
81 3
94 61
3 3
46 67 91
80 2 10
59 76 66
2 4
89 66 55 42
74 54 73 46
3 3
8 7 72
27 69 37
59 32 41
2 4
36 59 82 93
26 94 65 17
3 3
42 4 41
44 30 75
46 37 58
2 4
51 13 35 92
68 17 3 86
3 3
62 54 62
79 17 56
66 69 29
3 3
26 57 49
45 36 14
19 31 61
3 3
37 20 46
88 72 21
66 97 46
1 9
49 84 47 20 9 50 49 12 4
1 9
5 21 84 79 2 99 36 93 31
1 9
92 51 85 26 1 26 73 92 6
3 3
31 62 46
46 59 18
29 42 70
3 3
43 62 87
78 52 94
0 34 81
3 3
18 30 78
69 56 74
29 60 54
3 3
48 78 22
84 38 72
25 11 78
