100
9 1
26
98
84
14
76
3
66
98
88
3 3
47 96 34
94 76 45
25 33 94
4 2
71 3
2 37
95 85
64 71
4 2
85 94
15 46
25 6
3 92
3 3
72 15 33
39 46 86
96 96 7
2 4
63 23 0 49
61 91 95 73
9 1
9
12
40
98
24
55
40
83
32
3 3
79 57 51
47 53 47
10 36 29
1 9
25 78 49 15 23 96 88 17 35
1 9
72 86 98 81 69 21 80 28 36
3 3
29 94 45
62 37 100
50 91 8
3 3
59 57 95
56 3 52
71 84 49
1 9
96 32 89 85 58 10 78 57 3
1 9
14 7 42 88 0 5 22 93 57
3 3
21 53 90
48 33 95
82 25 8
3 3
66 25 34
61 89 22
54 75 82
3 3
3 69 21
70 89 19
93 53 5
1 9
26 15 70 38 29 30 83 77 16
9 1
95
72
33
33
95
53
11
75
64
9 1
44
10
57
67
47
77
12
84
82
3 3
23 51 31
16 43 25
38 7 35
3 3
93 96 20
39 8 62
56 39 21
2 4
84 44 69 95
59 58 0 61
3 3
41 57 1
25 28 5
90 7 82
1 9
32 9 27 57 30 15 88 51 48
3 3
56 32 88
29 6 44
80 47 75
9 1
18
4
65
27
59
31
13
65
73
4 2
78 74
58 67
88 3
78 94
1 9
39 100 49 23 74 54 89 94 37
9 1
33
7
37
1
41
72
48
0
86
9 1
74
74
9
18
22
18
95
35
47
9 1
83
51
29
47
23
25
70
34
30
9 1
21
35
34
31
66
20
95
87
86
2 4
74 68 15 27
74 71 65 80
9 1
6
80
5
85
91
28
27
52
93
9 1
28
39
4
69
69
53
54
73
47
9 1
27
70
23
79
47
64
31
85
41
2 4
0 64 18 63
46 99 27 7
9 1
88
77
65
51
91
40
70
10
10
4 2
9 46
81 32
55 17
55 35
4 2
37 60
61 94
73 94
68 9
2 4
16 71 67 90
27 54 53 16
2 4
73 81 4 4
57 23 69 22
2 4
14 44 86 34
32 35 49 71
1 9
13 64 55 42 45 38 83 62 76
2 4
16 72 85 42
35 28 96 56
1 9
81 42 96 28 5 27 71 93 79
1 9
41 88 6 0 81 41 20 8 37
3 3
0 61 48
2 13 87
29 9 35
9 1
11
20
16
86
95
5
79
90
67
9 1
44
69
25
26
47
3
77
0
74
3 3
88 43 50
62 75 46
92 9 100
1 9
62 51 24 39 86 88 90 82 89
4 2
70 53
7 74
46 60
55 33
2 4
62 92 50 14
28 85 90 76
4 2
29 100
46 92
75 50
29 93
2 4
74 53 14 19
21 66 100 13
3 3
17 68 66
64 56 100
83 36 60
3 3
59 87 57
13 49 81
18 74 98
3 3
64 50 42
72 45 9
34 54 54
3 3
92 83 68
83 21 75
67 94 32
1 9
16 25 69 59 77 1 94 85 42
3 3
89 68 17
4 39 90
90 67 37
2 4
29 80 19 32
95 17 67 56
4 2
13 48
53 79
94 91
86 79
9 1
54
62
4
12
78
56
24
45
1
2 4
24 71 86 68
39 87 48 61
3 3
85 70 68
47 77 91
79 26 70
4 2
91 51
52 53
50 19
70 44
1 9
93 57 49 73 75 26 70 37 21
2 4
39 88 5 93
92 57 95 59
9 1
42
28
82
2
12
73
45
4
29
9 1
43
79
75
90
65
74
19
50
33
3 3
66 95 21
78 66 72
36 83 80
3 3
80 37 49
16 50 81
48 18 57
3 3
42 43 21
69 95 6
16 80 60
2 4
17 74 0 98
41 87 57 38
3 3
39 49 79
96 50 52
28 73 96
1 9
63 16 47 87 49 5 9 69 1
9 1
54
39
10
48
74
37
90
69
51
1 9
0 72 18 22 50 36 77 87 31
9 1
49
34
5
26
60
95
8
59
36
1 9
96 38 72 40 31 5 4 44 99
3 3
36 30 37
26 25 43
36 29 89
9 1
45
21
63
47
11
28
36
87
3
3 3
22 83 70
17 19 1
60 92 2
2 4
3 32 19 65
80 26 64 56
3 3
30 78 96
73 87 96
99 94 9
3 3
94 25 75
85 3 97
84 3 80
2 4
22 93 79 77
89 66 18 11
9 1
65
30
69
7
64
52
52
24
30
9 1
64
41
61
11
43
47
14
45
51
2 4
89 100 84 59
69 85 25 86
4 2
22 57
95 24
27 55
73 75
1 9
72 90 97 77 5 38 83 31 31
2 4
57 63 41 87
64 42 97 1
3 3
24 92 91
39 88 100
33 22 25
9 1
75
32
93
42
21
88
28
84
93
4 2
18 7
57 95
70 69
35 53
1 9
52 68 40 15 97 5 76 8 83
