100
2 4
100 60 29 1
12 82 23 45
3 3
100 19 99
8 45 50
15 4 93
4 2
80 73
87 44
46 96
71 84
3 3
71 13 82
68 19 9
85 76 75
9 1
52
3
16
58
25
95
30
36
6
4 2
68 92
50 58
49 31
50 96
1 9
60 86 56 62 67 86 65 2 6
1 9
76 9 53 84 63 57 99 30 22
9 1
48
87
52
67
2
24
74
59
34
3 3
57 1 77
92 47 2
70 68 69
9 1
17
6
53
74
58
89
94
94
42
2 4
100 12 33 10
55 64 32 11
3 3
13 75 67
19 3 51
4 0 77
2 4
96 72 70 15
43 63 14 91
4 2
33 23
28 22
58 6
94 71
4 2
34 70
44 40
75 87
37 53
1 9
24 10 1 27 85 78 84 86 94
1 9
93 81 83 3 18 17 24 90 16
3 3
16 33 43
1 39 22
16 95 51
3 3
80 34 12
5 61 72
69 43 3
1 9
83 11 26 22 46 100 89 48 66
2 4
79 94 58 73
1 32 74 44
4 2
84 96
86 87
34 58
32 100
4 2
1 68
73 93
77 20
28 50
3 3
43 45 61
61 59 81
79 17 74
2 4
96 53 4 99
28 65 81 67
2 4
26 43 68 6
21 16 2 86
1 9
49 88 43 19 85 21 56 45 1
9 1
9
86
5
37
48
62
84
77
44
4 2
62 48
46 53
58 58
93 94
2 4
84 80 67 57
32 100 13 44
2 4
95 38 37 28
68 49 31 51
4 2
12 96
25 99
83 37
88 24
4 2
77 56
18 13
61 59
93 71
3 3
83 53 73
89 75 41
28 82 3
4 2
74 79
17 15
66 11
14 51
3 3
66 1 79
90 63 88
59 13 5
9 1
11
58
75
31
7
18
2
75
77
2 4
4 28 69 91
69 89 35 98
3 3
66 59 99
29 20 86
67 89 99
4 2
99 41
13 89
76 81
47 9
4 2
74 57
43 55
1 97
69 94
3 3
60 46 20
12 5 31
54 72 2
2 4
24 27 76 100
13 30 76 38
9 1
18
81
91
99
31
96
0
8
41
4 2
100 12
15 98
98 56
35 87
2 4
18 83 98 88
74 71 6 26
4 2
80 94
40 21
91 24
41 61
4 2
83 100
0 28
12 79
57 94
2 4
40 26 53 75
74 80 98 63
3 3
95 48 22
94 39 56
34 95 66
3 3
86 50 89
47 91 5
28 86 54
4 2
55 8
36 47
69 22
76 39
1 9
59 60 36 12 19 26 91 23 98
1 9
55 87 27 15 62 51 30 71 33
1 9
33 15 70 51 67 89 83 59 77
2 4
40 55 20 25
42 22 48 74
3 3
53 33 49
1 80 18
60 16 33
4 2
4 34
59 46
85 18
68 13
4 2
53 44
84 88
44 15
64 32
2 4
40 17 86 47
27 15 91 72
2 4
23 83 96 67
16 33 47 31
1 9
15 80 94 38 61 48 92 61 19
3 3
11 15 69
68 10 84
69 20 3
3 3
22 76 28
91 71 56
77 89 61
9 1
25
85
84
60
72
91
19
68
94
4 2
50 11
91 76
57 4
94 29
2 4
66 1 29 35
43 1 57 78
9 1
93
35
88
25
51
42
70
33
24
1 9
70 37 14 20 26 76 91 92 84
2 4
78 71 12 85
39 97 54 17
2 4
78 25 53 56
70 8 88 93
9 1
89
11
47
64
39
69
44
65
27
4 2
87 23
55 63
66 90
40 29
3 3
6 82 15
46 88 6
32 69 16
9 1
48
85
46
9
66
9
100
95
18
9 1
62
29
87
32
10
42
36
10
52
1 9
5 92 41 16 21 82 5 93 19
1 9
40 57 65 14 82 95 21 32 56
4 2
91 96
44 26
17 38
80 19
3 3
47 83 59
40 43 5
28 19 97
2 4
24 6 81 1
40 97 75 74
9 1
6
70
91
35
18
75
97
56
79
1 9
55 21 90 18 79 57 62 71 30
3 3
54 15 84
64 66 80
9 49 43
3 3
59 92 13
5 6 91
36 87 62
3 3
18 48 31
43 56 52
28 32 21
1 9
48 38 23 38 19 23 28 37 3
2 4
33 39 83 28
94 28 81 84
1 9
17 8 25 8 11 97 99 46 80
1 9
42 85 48 83 85 77 59 40 6
3 3
76 29 69
30 96 9
64 23 36
4 2
13 14
38 92
61 26
34 88
3 3
80 76 93
8 42 13
67 7 9
1 9
90 79 25 35 71 24 86 11 33
3 3
65 36 35
37 29 70
63 41 75
3 3
23 57 25
29 43 77
14 18 15
9 1
49
76
92
69
44
87
66
54
30
3 3
12 13 10
83 16 34
87 73 32
2 4
97 75 16 99
78 1 50 9
