100
3 3
6 4 4
74 20 59
52 75 4
3 3
46 49 26
40 33 2
25 52 39
3 3
48 31 99
69 13 56
29 39 80
3 3
5 82 4
80 80 71
48 6 20
3 3
91 35 29
23 40 28
65 42 53
3 3
51 85 68
27 30 50
10 5 35
3 3
84 25 6
94 41 7
76 42 96
3 3
89 46 91
99 83 0
71 32 51
3 3
40 24 62
34 87 77
91 94 66
3 3
92 34 77
89 36 60
9 75 36
3 3
8 65 30
94 52 90
69 40 9
3 3
34 79 29
27 28 87
26 13 47
3 3
47 4 52
87 18 31
21 56 16
3 3
10 60 81
94 15 3
19 100 7
3 3
13 26 87
7 44 70
85 35 63
3 3
82 29 42
16 23 2
28 95 89
3 3
85 87 32
55 82 43
94 90 72
3 3
37 56 79
38 36 84
32 34 65
3 3
90 26 23
8 45 6
45 34 46
3 3
15 60 96
10 77 65
20 86 17
3 3
12 18 90
37 57 87
5 0 45
3 3
34 30 68
39 66 65
34 82 24
3 3
19 45 56
57 78 59
42 70 47
3 3
54 29 86
89 52 29
36 50 76
3 3
47 8 75
88 89 92
14 99 4
3 3
37 41 49
35 66 9
9 82 78
3 3
51 27 47
18 59 95
35 52 77
3 3
73 69 89
1 51 95
36 77 50
3 3
8 30 77
8 99 20
93 19 87
3 3
20 51 52
89 58 96
17 43 74
3 3
34 9 19
14 16 48
52 0 61
3 3
89 68 63
65 53 82
100 45 16
3 3
67 58 59
33 88 86
9 51 38
3 3
72 42 81
67 75 26
4 77 88
3 3
10 98 24
30 86 83
46 64 6
3 3
62 54 91
21 50 26
26 10 88
3 3
81 24 14
19 80 56
25 11 44
3 3
18 99 36
93 35 10
9 62 8
3 3
91 28 63
80 78 93
94 61 80
3 3
58 78 63
82 56 41
88 86 23
3 3
34 70 17
80 63 44
17 59 14
3 3
65 4 4
68 22 95
24 13 91
3 3
16 25 72
85 34 61
81 34 17
3 3
43 12 0
50 48 3
1 68 16
3 3
3 26 36
75 25 72
34 53 72
3 3
50 91 99
61 10 58
6 17 68
3 3
92 25 45
0 59 14
37 16 45
3 3
36 82 19
85 25 48
35 48 41
3 3
78 80 20
46 90 71
47 51 89
3 3
41 60 43
2 10 27
100 13 40
3 3
96 47 92
99 57 80
86 18 94
3 3
76 91 2
34 53 19
66 54 5
3 3
88 86 74
81 81 7
38 80 64
3 3
14 74 32
2 45 18
28 98 17
3 3
97 49 53
38 18 81
56 23 3
3 3
77 10 43
65 29 76
35 4 11
3 3
46 1 16
69 15 97
1 36 45
3 3
30 71 68
17 56 88
56 73 27
3 3
7 62 84
11 77 71
16 28 3
3 3
13 14 74
49 12 96
84 69 19
3 3
42 24 28
55 99 20
72 3 76
3 3
93 61 50
5 22 12
2 25 21
3 3
100 61 63
88 17 83
51 85 74
3 3
13 67 25
56 83 8
48 2 73
3 3
49 94 76
73 93 55
28 43 21
3 3
34 38 56
94 96 1
89 65 78
3 3
6 42 33
55 79 19
1 77 36
3 3
9 37 95
71 45 17
28 31 72
3 3
62 87 43
84 41 55
14 74 88
3 3
54 99 10
52 0 52
62 78 75
3 3
96 28 67
26 48 14
6 2 79
3 3
74 30 93
46 16 78
26 94 28
3 3
75 86 70
82 98 89
15 95 19
3 3
77 20 63
11 65 68
36 64 92
3 3
0 82 4
28 87 97
45 84 46
3 3
22 12 27
76 47 25
28 35 54
3 3
63 40 26
69 34 38
90 88 19
3 3
87 97 34
28 25 94
50 58 49
3 3
18 63 95
68 13 70
68 60 79
3 3
24 13 17
24 78 96
10 44 93
3 3
18 3 93
77 12 3
46 25 42
3 3
65 25 41
94 73 89
20 52 55
3 3
38 89 40
76 88 48
78 31 78
3 3
55 46 25
75 6 35
35 3 75
3 3
81 81 56
63 95 88
51 76 65
3 3
10 97 1
97 35 77
41 43 53
3 3
4 69 22
34 44 53
72 59 85
3 3
89 57 64
95 66 39
65 82 86
3 3
19 47 2
58 5 48
93 68 26
3 3
84 16 55
49 65 89
76 80 17
3 3
7 34 100
97 28 84
23 95 68
3 3
45 75 91
21 40 51
61 35 77
3 3
24 86 90
45 15 90
55 6 33
3 3
70 9 1
45 65 20
33 94 19
3 3
11 16 98
6 71 4
58 25 39
3 3
39 29 2
63 9 31
96 34 68
3 3
47 79 55
26 29 67
18 96 47
3 3
93 94 60
16 3 67
0 68 48
3 3
57 43 31
51 29 63
99 11 90
3 3
44 36 90
59 46 58
16 46 55
