100
9 1
24
38
54
79
96
94
72
82
80
2 4
54 78 57 36
57 71 79 31
3 3
38 75 4
62 6 96
14 30 12
1 9
75 51 67 69 84 72 59 59 38
4 2
65 9
70 44
77 92
38 97
9 1
11
72
99
31
65
21
61
65
87
1 9
28 17 44 83 13 29 14 41 27
1 9
5 88 88 35 33 73 8 55 65
4 2
90 96
13 46
41 23
23 59
9 1
88
16
13
52
36
84
85
12
42
2 4
24 92 72 91
1 58 83 47
3 3
75 0 76
84 87 40
87 42 98
1 9
66 5 77 4 86 10 65 57 100
1 9
71 22 42 93 78 32 87 2 57
1 9
48 17 13 99 96 40 80 78 14
9 1
35
61
16
88
76
53
15
32
65
9 1
63
54
73
68
41
92
11
89
20
9 1
49
7
15
30
6
35
15
56
33
9 1
80
53
26
47
60
69
2
52
31
4 2
29 20
56 93
80 47
92 64
2 4
71 58 42 81
42 99 95 42
2 4
42 1 78 77
68 95 87 9
4 2
14 59
96 1
68 82
24 71
3 3
11 12 18
84 36 50
27 22 77
9 1
62
45
98
46
46
79
50
46
96
9 1
6
96
33
70
30
84
36
4
83
1 9
16 53 82 76 4 48 63 39 44
3 3
61 33 59
82 71 56
63 99 78
9 1
4
10
57
97
12
94
57
23
53
4 2
11 81
60 39
86 61
3 16
4 2
11 89
81 89
6 12
14 95
9 1
2
34
77
82
54
85
71
66
98
2 4
20 7 61 17
73 18 30 21
9 1
52
65
26
74
30
62
58
89
68
3 3
66 42 60
11 97 9
34 41 99
9 1
59
79
93
22
97
90
70
67
64
4 2
12 55
37 3
92 63
7 89
2 4
88 87 67 58
25 62 58 53
3 3
81 77 100
14 46 23
30 78 98
3 3
94 37 52
52 43 94
28 0 41
2 4
52 67 90 67
58 23 88 30
1 9
4 74 20 59 52 75 4 94 46
4 2
33 2
25 52
39 51
48 31
3 3
29 39 80
61 32 5
82 4 80
3 3
48 6 20
9 91 35
29 23 40
1 9
42 53 17 27 51 85 68 27 30
4 2
35 37
84 25
6 94
41 7
3 3
13 89 46
91 99 83
0 71 32
4 2
40 24
62 34
87 77
91 94
3 3
92 34 77
89 36 60
9 75 36
1 9
8 65 30 94 52 90 69 40 9
3 3
79 29 27
28 87 26
13 47 16
2 4
4 52 87 18
31 21 56 16
9 1
94
15
3
19
100
7
2
17
13
1 9
87 7 44 70 85 35 63 2 82
9 1
16
23
2
28
95
89
95
31
85
3 3
55 82 43
94 90 72
86 74 37
2 4
36 84 32 34
65 21 90 26
9 1
6
45
34
46
95
22
15
60
96
1 9
20 86 17 87 93 12 18 90 37
2 4
0 45 79 34
30 68 39 66
3 3
24 17 19
45 56 57
78 59 42
3 3
54 29 86
89 52 29
36 50 76
3 3
75 88 89
92 14 99
4 88 86
2 4
49 35 66 9
9 82 78 15
9 1
47
18
59
95
35
52
77
54
53
3 3
89 1 51
95 36 77
50 14 8
1 9
99 20 93 19 87 24 37 20 51
2 4
96 17 43 74
4 7 34 9
9 1
48
52
0
61
68
33
89
68
63
3 3
100 45 16
49 67 58
59 33 88
3 3
38 26 76
72 42 81
67 75 26
1 9
9 68 10 98 24 30 86 83 46
3 3
11 62 54
91 21 50
26 26 10
3 3
81 24 14
19 80 56
25 11 44
9 1
99
36
93
35
10
9
62
8
84
2 4
63 80 78 93
94 61 80 41
2 4
82 56 41 88
86 23 10 34
3 3
63 44 17
59 14 44
97 65 4
1 9
68 22 95 24 13 91 22 16 25
3 3
34 61 81
34 17 83
43 12 0
2 4
3 1 68 16
34 39 3 26
2 4
25 72 34 53
72 96 50 91
4 2
6 17
68 32
43 92
25 45
1 9
14 37 16 45 60 48 36 82 19
3 3
35 48 41
81 78 80
20 46 90
3 3
51 89 81
59 41 60
43 2 10
1 9
13 40 81 2 96 47 92 99 57
3 3
94 22 68
76 91 2
34 53 19
3 3
22 88 86
74 81 81
7 38 80
3 3
14 74 32
2 45 18
28 98 17
3 3
49 53 38
18 81 56
23 3 46
3 3
43 65 29
76 35 4
11 70 87
4 2
69 15
97 1
36 45
77 52
1 9
17 56 88 56 73 27 43 7 62
3 3
71 16 28
3 17 13
14 74 49
1 9
69 19 41 54 42 24 28 55 99
1 9
3 76 69 93 61 50 5 22 12
1 9
21 70 3 100 61 63 88 17 83
2 4
74 100 13 67
25 56 83 8
