100
3 3
86 29 71
50 34 57
29 73 86
3 3
13 37 98
69 35 73
48 90 80
9 1
93
71
24
45
98
32
11
36
42
3 3
93 43 20
42 61 58
82 56 30
3 3
59 39 87
85 14 86
52 76 75
3 3
60 67 46
24 58 80
35 57 72
1 9
63 89 10 9 68 61 77 92 27
1 9
15 56 79 31 14 13 44 13 62
2 4
35 41 56 57
36 53 84 5
3 3
15 97 94
45 25 25
14 46 31
1 9
65 86 67 69 83 60 6 50 15
3 3
4 0 58
69 67 46
49 72 97
2 4
93 54 57 50
38 80 28 96
4 2
100 11
87 94
50 89
88 20
9 1
95
93
35
67
19
99
88
24
72
4 2
74 70
90 37
95 9
3 1
1 9
74 46 94 38 36 56 8 97 42
1 9
59 45 50 92 70 58 77 6 57
1 9
84 88 35 100 52 80 99 25 66
1 9
20 13 21 63 64 24 24 34 0
4 2
39 20
66 50
84 41
92 46
3 3
44 63 80
18 22 54
31 43 24
9 1
1
16
93
69
10
94
61
86
20
3 3
99 78 41
67 30 64
8 86 15
3 3
92 59 89
97 9 73
27 25 92
1 9
35 22 63 100 73 97 56 79 78
9 1
24
83
8
16
34
72
86
100
47
1 9
23 22 2 24 71 15 7 25 26
3 3
87 16 83
47 65 45
60 0 35
3 3
73 24 34
41 45 41
44 98 67
4 2
11 52
19 9
69 8
52 85
3 3
47 31 92
90 17 70
63 23 78
1 9
3 97 98 18 59 38 34 52 31
2 4
35 85 90 98
98 94 19 19
3 3
35 81 99
1 52 78
43 25 58
4 2
11 73
71 60
3 44
92 99
9 1
5
92
13
26
92
83
82
6
28
9 1
28
93
84
5
52
30
18
7
45
1 9
7 85 96 6 45 31 94 28 89
4 2
75 81
7 89
6 94
67 59
2 4
18 49 4 97
28 26 79 44
4 2
77 27
78 89
67 45
30 78
3 3
19 59 28
43 61 13
14 88 97
2 4
48 99 68 7
45 88 28 18
9 1
99
89
82
9
34
38
40
75
17
3 3
5 44 93
98 7 5
80 68 19
1 9
40 67 33 40 70 61 4 16 68
3 3
78 59 87
22 67 52
91 92 68
2 4
19 17 75 62
95 22 57 90
2 4
98 87 73 17
61 76 51 72
3 3
53 25 28
6 59 78
33 28 51
1 9
99 24 61 64 23 79 62 77 7
1 9
67 24 89 93 82 4 81 12 12
4 2
83 50
39 33
26 37
12 66
3 3
51 37 16
69 58 7
86 52 5
2 4
89 25 81 62
5 42 60 53
1 9
19 34 99 97 56 79 1 78 75
2 4
43 62 93 83
16 7 4 66
2 4
40 52 3 49
17 53 75 74
1 9
91 11 82 68 90 11 91 36 78
2 4
74 79 66 30
94 31 62 99
2 4
88 41 34 13
21 64 73 24
4 2
69 82
9 33
47 73
54 22
9 1
4
34
55
81
19
79
85
56
60
3 3
71 89 54
90 94 0
93 5 4
3 3
38 4 43
0 62 19
94 89 90
1 9
87 54 38 76 45 9 40 77 5
3 3
97 87 8
88 34 92
7 73 41
4 2
33 19
31 64
38 28
16 48
2 4
29 41 81 50
23 85 96 81
1 9
89 32 99 48 78 6 26 36 25
9 1
89
48
26
50
75
53
91
15
54
3 3
99 31 20
21 71 46
20 97 35
3 3
85 8 43
87 66 69
36 50 70
4 2
23 76
93 35
71 97
16 35
2 4
80 95 46 48
72 39 10 9
1 9
43 4 15 87 88 3 52 55 45
3 3
64 17 86
69 94 81
31 48 22
3 3
58 92 20
17 91 66
70 38 29
9 1
67
65
86
20
46
52
34
52
37
2 4
29 56 50 71
76 85 32 56
3 3
68 88 65
88 45 84
40 90 73
4 2
16 34
87 85
98 65
88 48
3 3
38 44 77
13 15 14
18 99 95
9 1
40
21
44
25
63
86
25
57
95
1 9
33 70 87 0 49 46 14 45 49
2 4
29 52 30 37
14 8 61 40
1 9
9 54 93 77 53 68 39 48 95
9 1
94
78
50
98
86
75
28
26
10
2 4
23 2 68 6
57 100 65 95
3 3
74 20 23
20 45 28
25 94 28
3 3
13 66 36
84 11 83
63 81 9
3 3
98 31 40
77 60 5
68 100 23
1 9
50 84 51 90 94 88 9 1 39
9 1
71
49
14
48
80
30
61
68
69
1 9
90 95 13 88 51 31 96 89 10
3 3
14 40 83
52 32 52
25 86 33
9 1
22
46
4
89
48
99
88
37
95
3 3
79 86 98
51 83 43
22 2 87
9 1
36
93
6
78
34
64
24
38
67
